Date	Open	High	Low	Close	Volume	Adj Close
03/01/2006	2386.02	2443.52	2386.02	2443.52	16483200	2292.41
04/01/2006	2455.49	2491.43	2426.75	2454.3	5522100	2302.52
05/01/2006	2449.51	2449.51	2384.82	2390.81	4832800	2242.96
06/01/2006	2403.99	2436.33	2353.68	2436.33	6818100	2285.67
09/01/2006	2445.91	2448.31	2403.99	2411.18	3983600	2262.07
10/01/2006	2408.78	2408.78	2328.53	2334.52	8843400	2190.15
11/01/2006	2354.88	2366.86	2344.1	2363.26	7359800	2217.12
12/01/2006	2370.45	2398	2354.88	2395.6	6518000	2247.46
13/01/2006	2395.6	2399.2	2348.89	2384.82	4044300	2237.35
16/01/2006	2427.95	2429.14	2374.04	2389.62	6283000	2241.84
17/01/2006	2366.86	2419.56	2358.47	2411.18	7837900	2262.07
18/01/2006	2364.46	2381.23	2342.9	2374.04	6698000	2227.23
19/01/2006	2405.19	2423.15	2389.62	2403.99	6529800	2255.32
20/01/2006	2414.77	2459.09	2401.59	2414.77	6417600	2265.44
23/01/2006	2393.21	2408.78	2375.24	2403.99	5188800	2255.32
24/01/2006	2417.16	2423.15	2372.85	2378.84	5025000	2231.73
25/01/2006	2400.4	2484.24	2386.02	2483.04	8448000	2329.49
26/01/2006	2495.02	2541.74	2473.46	2540.54	7671900	2383.43
27/01/2006	2550.12	2633.97	2550.12	2619.59	10533400	2457.6
30/01/2006	2635.16	2659.12	2580.07	2593.24	5265900	2432.87
31/01/2006	2599.23	2617.2	2551.32	2587.25	7352100	2427.26
01/02/2006	2594.44	2659.12	2586.05	2636.36	5923500	2473.33
02/02/2006	2641.15	2675.89	2589.65	2595.64	6150900	2435.12
03/02/2006	2611.21	2611.21	2547.73	2582.46	6275200	2422.76
06/02/2006	2584.86	2608.81	2568.09	2572.88	7232500	2413.77
07/02/2006	2582.46	2596.84	2487.84	2499.81	7436000	2345.22
08/02/2006	2423.15	2472.26	2381.23	2409.98	14299900	2260.94
09/02/2006	2460.29	2501.01	2438.73	2497.42	7117400	2342.98
10/02/2006	2491.43	2507	2424.35	2432.74	9394600	2282.29
13/02/2006	2371.65	2460.29	2371.65	2455.49	10286600	2303.65
14/02/2006	2445.91	2479.45	2425.55	2463.88	7322400	2311.51
15/02/2006	2471.07	2473.46	2425.55	2442.32	10467400	2291.28
16/02/2006	2441.12	2449.51	2393.21	2421.96	6654600	2272.18
17/02/2006	2424.35	2605.22	2389.62	2569.29	15984300	2410.4
20/02/2006	2563.3	2583.66	2522.57	2551.32	5380900	2393.54
21/02/2006	2563.3	2594.44	2548.92	2565.69	5957200	2407.03
22/02/2006	2605.22	2645.95	2581.26	2633.97	10245100	2471.08
23/02/2006	2650.74	2754.95	2610.01	2626.78	7730500	2464.34
24/02/2006	2621.99	2621.99	2527.36	2586.05	7160000	2426.13
27/02/2006	2587.25	2610.01	2572.88	2592.04	4801400	2431.75
28/02/2006	2576.47	2580.07	2534.55	2547.73	10208300	2390.17
01/03/2006	2547.73	2596.84	2547.73	2589.65	3711100	2429.5
02/03/2006	2587.25	2627.98	2539.34	2581.26	5725200	2421.64
03/03/2006	2572.88	2604.02	2545.33	2554.91	5415100	2396.91
06/03/2006	2570.48	2594.44	2539.34	2551.32	6783300	2470.59
07/03/2006	2539.34	2539.34	2438.73	2455.49	11459500	2377.8
08/03/2006	2395.6	2406.38	2305.77	2383.63	10177000	2308.21
09/03/2006	2401.59	2437.53	2332.12	2362.07	9353300	2287.33
10/03/2006	2323.74	2372.85	2308.16	2369.25	14154600	2294.29
13/03/2006	2394.41	2437.53	2340.51	2378.84	6236300	2303.57
14/03/2006	2365.66	2394.41	2354.88	2394.41	5026500	2318.64
15/03/2006	2406.38	2467.47	2395.6	2451.9	10212000	2374.32
16/03/2006	2485.44	2485.44	2413.57	2474.66	6010500	2396.36
17/03/2006	2473.46	2527.36	2426.75	2437.53	7673500	2360.4
20/03/2006	2515.38	2546.53	2463.88	2471.07	4482700	2392.88
21/03/2006	2477.05	2477.05	2413.57	2455.49	3436900	2377.8
22/03/2006	2438.73	2441.12	2401.59	2414.77	5316700	2338.36
23/03/2006	2473.46	2518.98	2459.09	2489.03	7959400	2410.28
24/03/2006	2497.42	2584.86	2491.43	2577.67	7158300	2496.11
27/03/2006	2587.25	2635.16	2563.3	2571.68	7515100	2490.31
28/03/2006	2578.87	2583.66	2545.33	2565.69	8311800	2484.51
29/03/2006	2557.31	2605.22	2547.73	2574.08	4845900	2492.63
30/03/2006	2596.84	2713.02	2596.84	2690.26	6940800	2605.14
31/03/2006	2699.85	2726.2	2648.34	2656.73	5911000	2572.66
03/04/2006	2705.84	2747.76	2677.09	2741.77	6142800	2655.02
04/04/2006	2745.36	2787.29	2704.64	2787.29	8337000	2699.09
05/04/2006	2831.6	2865.14	2810.04	2843.58	7103900	2753.61
06/04/2006	2880.71	2892.69	2819.63	2866.34	6883300	2775.65
07/04/2006	2863.95	2866.34	2774.11	2800.46	13654400	2711.85
10/04/2006	2804.05	2884.31	2784.89	2880.71	6590600	2789.57
11/04/2006	2944.2	2976.54	2896.29	2904.67	9124200	2812.76
12/04/2006	2879.52	2902.27	2835.2	2866.34	8494100	2775.65
13/04/2006	2881.91	2891.49	2802.86	2834	4008300	2744.33
14/04/2006	2834	2834	2834	2834	0	2744.33
17/04/2006	2834	2834	2834	2834	0	2744.33
18/04/2006	2891.49	2904.67	2873.53	2901.08	11615300	2809.28
19/04/2006	2925.03	2948.99	2911.86	2938.21	12641800	2845.24
20/04/2006	2952.58	2964.56	2830.41	2857.96	17556000	2767.53
21/04/2006	2856.76	2956.18	2816.03	2946.59	6354900	2853.36
24/04/2006	2951.38	3026.85	2935.81	2947.79	7161100	2854.52
25/04/2006	2943	2969.35	2887.9	2903.47	6404800	2811.6
26/04/2006	2920.24	2939.41	2885.51	2895.09	4891100	2803.48
27/04/2006	2880.71	2885.51	2732.19	2795.67	11473500	2707.21
28/04/2006	2778.9	2835.2	2741.77	2796.87	7275300	2708.37
01/05/2006	2796.87	2796.87	2796.87	2796.87	0	2708.37
02/05/2006	2808.85	2890.3	2808.85	2881.91	5264900	2790.73
03/05/2006	2897.48	2954.98	2826.81	2837.59	10065100	2747.81
04/05/2006	2814.84	2890.3	2790.88	2874.73	7367600	2783.77
05/05/2006	2879.52	2982.53	2875.92	2965.76	7044900	2871.92
08/05/2006	2995.7	3234.07	2907.07	2968.15	12159200	2874.24
09/05/2006	2988.52	3040.02	2956.18	3026.85	7924600	2931.07
10/05/2006	3036.43	3068.77	2993.31	3053.2	8146700	2956.59
11/05/2006	3061.58	3122.67	3038.82	3050.8	6631300	2954.27
12/05/2006	2996.9	3019.66	2889.1	2904.67	8401900	2812.76
15/05/2006	2830.41	2917.13	2667.51	2733.38	13786900	2646.9
16/05/2006	2695.05	2797.25	2635.16	2653.13	9215900	2569.18
17/05/2006	2695.05	2742.28	2475.86	2501.01	11816700	2421.88
18/05/2006	2485.44	2581.26	2443.52	2491.43	15068400	2412.6
19/05/2006	2471.07	2563.3	2421.96	2441.12	11981100	2363.88
22/05/2006	2353.68	2376.44	2244.68	2281.81	16772600	2209.61
23/05/2006	2305.77	2509.75	2305.77	2491.43	11126300	2412.6
24/05/2006	2443.52	2548.02	2339.96	2414.77	9488500	2338.36
25/05/2006	2407.58	2503.41	2402.79	2484.24	5687600	2405.64
26/05/2006	2527.36	2624.18	2539.34	2593.24	15390100	2511.19
29/05/2006	2593.24	2593.24	2593.24	2593.24	0	2511.19
30/05/2006	2611.21	2614.8	2534.55	2534.55	10025100	2454.35
31/05/2006	2455.49	2581.1	2425.55	2580.07	7480500	2498.43
01/06/2006	2580.07	2580.84	2469.87	2511.79	5632300	2432.32
02/06/2006	2559.7	2571.35	2485.88	2509.4	4532700	2430
05/06/2006	2536.95	2536.95	2489.03	2510.59	3587000	2431.16
06/06/2006	2437.53	2444.71	2354.88	2386.02	7328300	2310.53
07/06/2006	2394.41	2410.35	2322.54	2371.65	8084700	2296.61
08/06/2006	2286.6	2371.65	2209.71	2209.95	11884300	2140.02
09/06/2006	2251.87	2345.3	2251.87	2318.95	8355300	2245.57
12/06/2006	2299.78	2388.66	2283.54	2327.33	5380900	2253.69
13/06/2006	2229.11	2244.68	2183.59	2242.29	10531400	2171.34
14/06/2006	2254.26	2270.63	2151.01	2224.32	8122600	2153.94
15/06/2006	2268.64	2405.19	2261.45	2382.43	12277700	2307.05
16/06/2006	2455.49	2479.45	2320.14	2371.65	15554200	2296.61
19/06/2006	2359.67	2427.95	2308.76	2389.62	8627000	2314.01
20/06/2006	2341.7	2499.81	2335.71	2499.81	9400600	2420.72
21/06/2006	2505.8	2523.37	2468.67	2522.57	11709300	2442.75
22/06/2006	2563.3	2618.4	2488.41	2520.18	11390100	2440.43
23/06/2006	2515.38	2546.17	2467.17	2524.97	7989500	2445.07
26/06/2006	2539.34	2593.28	2539.34	2560.9	12688300	2479.87
27/06/2006	2590.85	2606.42	2371.65	2509.4	6118100	2430
28/06/2006	2502.21	2521.56	2466.87	2502.21	5999700	2423.04
29/06/2006	2527.36	2596.84	2492.63	2590.85	8480700	2508.87
30/06/2006	2642.35	2692.66	2629.18	2656.73	7400600	2572.66
03/07/2006	2677.09	2703.44	2648.34	2698.65	4222800	2613.26
04/07/2006	2698.65	2702.24	2675.89	2689.07	2838900	2603.98
05/07/2006	2674.69	2678.29	2600.43	2614.8	5435200	2532.07
06/07/2006	2631.57	2679.48	2605.22	2648.34	6720800	2564.54
07/07/2006	2648.34	2738.18	2625.58	2707.03	8820000	2621.38
10/07/2006	2720.21	2726.2	2648.34	2667.51	6888700	2583.1
11/07/2006	2659.12	2716.62	2651.93	2677.09	5858000	2592.38
12/07/2006	2705.84	2754.95	2689.07	2719.01	7911300	2632.98
13/07/2006	2686.67	2691.46	2602.82	2618.4	5482100	2535.55
14/07/2006	2559.7	2624.38	2556.11	2558.51	4369900	2477.55
17/07/2006	2576.47	2576.47	2508.2	2523.77	4592200	2443.91
18/07/2006	2484.24	2536.95	2472.26	2502.21	5467400	2423.04
19/07/2006	2520.18	2641.15	2498.62	2619.59	6561300	2536.71
20/07/2006	2647.14	2685.47	2580.07	2602.82	5125600	2520.47
21/07/2006	2562.1	2587.25	2508.2	2518.98	5906100	2439.27
24/07/2006	2521.37	2550.12	2507	2539.34	3949000	2458.99
25/07/2006	2547.73	2612.41	2547.73	2560.9	7717900	2479.87
26/07/2006	2560.9	2608.81	2547.73	2575.27	5306600	2493.79
27/07/2006	2618.4	2678.29	2593.24	2660.32	9822400	2576.14
28/07/2006	2630.37	2722.6	2602.82	2707.03	7771200	2621.38
31/07/2006	2707.03	2730.99	2642.35	2677.09	4654000	2592.38
01/08/2006	2677.09	2723.8	2639.96	2650.74	6584600	2566.86
02/08/2006	2663.91	2726.2	2653.13	2717.81	4181900	2631.82
03/08/2006	2717.81	2717.81	2717.81	2717.81	0	2631.82
04/08/2006	2727.4	2830.41	2707.03	2790.88	12871000	2702.57
07/08/2006	2769.32	2795.67	2736.98	2746.56	4068200	2659.66
08/08/2006	2775.31	2776.51	2723.8	2733.38	13860500	2646.9
09/08/2006	2720.21	2784.89	2689.07	2775.31	7792300	2687.49
10/08/2006	2748.96	2784.89	2695.05	2758.54	4396900	2671.26
11/08/2006	2764.53	2806.45	2741.77	2772.91	6216100	2685.17
14/08/2006	2814.84	2824.42	2774.11	2808.85	3603900	2719.97
15/08/2006	2792.08	2812.44	2760.93	2795.67	6458200	2707.21
16/08/2006	2816.03	2855.56	2796.87	2842.38	8776200	2752.45
17/08/2006	2878.32	2950.19	2874.73	2898.68	10953700	2806.96
18/08/2006	2886.7	2926.23	2834	2837.59	9420900	2747.81
21/08/2006	2886.7	2953.78	2832.8	2940.6	8178700	2847.56
22/08/2006	2958.57	2981.33	2919.04	2958.57	9647100	2864.96
23/08/2006	2898.68	2904.67	2849.57	2850.77	6918000	2760.57
24/08/2006	2817.23	2857.96	2795.67	2805.25	9248400	2716.49
25/08/2006	2808.85	2845.98	2776.51	2824.42	5824100	2735.05
28/08/2006	2824.42	2824.42	2824.42	2824.42	0	2735.05
29/08/2006	2837.59	2849.57	2725	2730.99	6772900	2644.58
30/08/2006	2735.78	2804.05	2730.99	2793.27	3680800	2704.89
31/08/2006	2808.85	2831.6	2708.23	2721.41	6378800	2635.3
01/09/2006	2730.99	2806.45	2725	2792.08	6579600	2703.73
04/09/2006	2799.26	2881.91	2789.68	2878.32	4274700	2787.25
05/09/2006	2883.11	2892.69	2836.4	2868.74	4656200	2777.97
06/09/2006	2869.93	2869.93	2769.32	2787.29	6306600	2699.09
07/09/2006	2771.71	2771.71	2672.3	2686.67	4736100	2601.66
08/09/2006	2704.64	2753.75	2651.93	2667.51	5076100	2583.1
11/09/2006	2607.62	2619.59	2520.18	2557.31	9166200	2476.39
12/09/2006	2541.74	2596.84	2514.19	2577.67	7291000	2496.11
13/09/2006	2582.46	2611.21	2564.49	2575.27	6693000	2493.79
14/09/2006	2599.23	2643.55	2584.86	2593.24	8718600	2511.19
15/09/2006	2574.08	2587.25	2507	2527.36	10388500	2447.39
18/09/2006	2545.33	2614.8	2511.79	2605.22	7402300	2522.79
19/09/2006	2623.19	2635.16	2548.92	2560.9	10728200	2479.87
20/09/2006	2535.75	2588.45	2466.27	2563.3	14299600	2482.19
21/09/2006	2568.09	2665.11	2568.09	2629.18	12705700	2545.99
22/09/2006	2612.41	2654.33	2545.33	2556.11	6665100	2475.23
25/09/2006	2572.88	2578.87	2430.34	2467.47	9575700	2389.4
26/09/2006	2503.41	2577.67	2485.44	2565.69	13474900	2484.51
27/09/2006	2588.45	2689.07	2588.45	2659.12	11166900	2574.98
28/09/2006	2693.86	2736.98	2681.88	2716.62	7707900	2630.66
29/09/2006	2711.82	2801.66	2653.13	2674.69	11474700	2590.06
02/10/2006	2689.07	2759.74	2689.07	2746.56	9579000	2659.66
03/10/2006	2740.57	2764.53	2649.54	2675.89	9841800	2591.22
04/10/2006	2632.77	2653.13	2580.07	2617.2	11297300	2534.39
05/10/2006	2671.1	2708.23	2637.56	2677.09	8478100	2592.38
06/10/2006	2677.09	2685.47	2630.37	2662.71	7683700	2578.46
09/10/2006	2663.91	2757.34	2650.74	2732.19	8490300	2645.74
10/10/2006	2736.98	2786.09	2703.44	2776.51	9423700	2688.65
11/10/2006	2778.9	2813.64	2725	2763.33	7755100	2675.89
12/10/2006	2768.12	2849.57	2759.74	2837.59	8407200	2747.81
13/10/2006	2843.58	2895.09	2798.07	2889.1	9855400	2797.68
16/10/2006	2892.69	2934.62	2887.9	2905.87	8404400	2813.92
17/10/2006	2914.25	2927.43	2810.04	2825.62	5462100	2736.21
18/10/2006	2853.16	2879.52	2839.99	2853.16	5308000	2762.89
19/10/2006	2850.77	2933.42	2825.62	2911.86	5627500	2819.72
20/10/2006	2939.41	2958.57	2859.15	2889.1	4880900	2797.68
23/10/2006	2946.59	2950.19	2856.76	2892.69	5257000	2801.16
24/10/2006	2862.75	2874.73	2810.04	2849.57	8644900	2759.41
25/10/2006	2879.52	2902.27	2850.77	2897.48	4939500	2805.8
26/10/2006	2926.23	2926.23	2807.65	2830.41	7254900	2740.85
27/10/2006	2843.58	2874.73	2792.08	2872.33	10702300	2781.45
30/10/2006	2847.18	2867.54	2804.05	2834	6631200	2744.33
31/10/2006	2825.62	2856.76	2799.26	2831.6	7083500	2742.01
01/11/2006	2841.19	2920.24	2841.19	2892.69	8089600	2801.16
02/11/2006	2874.73	2944.2	2847.18	2896.29	8910400	2804.64
03/11/2006	2892.69	2919.04	2854.36	2891.49	4713500	2800
06/11/2006	2875.92	3006.48	2875.92	2999.3	6670000	2904.4
07/11/2006	2999.3	3025.65	2972.95	3001.69	4948000	2906.72
08/11/2006	2976.54	2981.33	2910.66	2939.41	8154900	2846.4
09/11/2006	2951.38	2963.36	2908.26	2953.78	4493900	2860.32
10/11/2006	2952.58	3042.42	2927.43	2989.71	11467100	2895.12
13/11/2006	2923.84	2968.15	2875.92	2905.87	8238200	2813.92
14/11/2006	2931.02	2958.57	2901.08	2922.64	5379600	2830.16
15/11/2006	2943	2981.33	2890.3	2975.34	8450700	2881.2
16/11/2006	2978.93	3024.45	2956.18	2971.75	5941900	2877.72
17/11/2006	2938.21	2946.59	2838.79	2872.33	9580000	2781.45
20/11/2006	2893.89	2947.79	2850.77	2928.63	5647100	2835.96
21/11/2006	2911.86	2963.36	2905.87	2914.25	5286700	2822.04
22/11/2006	2953.78	2980.13	2875.92	2889.1	8383300	2797.68
23/11/2006	2907.07	2907.07	2859.15	2893.89	5261600	2802.32
24/11/2006	2868.74	2926.23	2841.19	2911.86	4422200	2819.72
27/11/2006	2927.43	2944.2	2854.36	2860.35	8400600	2769.85
28/11/2006	2838.79	2880.71	2796.87	2823.22	7157100	2733.89
29/11/2006	2866.34	2871.13	2807.65	2836.4	5557600	2746.65
30/11/2006	2838.79	2855.56	2814.84	2829.21	7485000	2739.69
01/12/2006	2832.8	2871.13	2790.88	2817.23	5705900	2728.09
04/12/2006	2817.23	2861.55	2811.24	2848.37	5738400	2758.25
05/12/2006	2863.95	2966.96	2853.16	2940.6	9946400	2847.56
06/12/2006	2954.98	2988.52	2925.03	2964.56	9832500	2870.76
07/12/2006	2944.2	2960.97	2909.46	2922.64	5801700	2830.16
08/12/2006	2878.32	2914.25	2868.74	2898.68	5508500	2806.96
11/12/2006	2911.86	2932.22	2893.89	2917.85	6100000	2825.52
12/12/2006	2946.59	2946.59	2913.05	2926.23	6974800	2833.64
13/12/2006	2916.65	2953.78	2914.25	2952.58	6530600	2859.16
14/12/2006	2956.18	3019.66	2951.38	3014.87	8069100	2919.47
15/12/2006	3012.47	3031.64	2990.91	2998.1	8731200	2903.24
18/12/2006	2976.54	3006.48	2956.18	2971.75	6502300	2877.72
19/12/2006	2940.6	3007.68	2905.87	2980.13	6927900	2885.84
20/12/2006	3004.09	3006.48	2938.21	2947.79	4335400	2854.52
21/12/2006	2947.79	2981.33	2907.07	2916.65	7620900	2824.36
22/12/2006	2919.04	2919.04	2889.1	2913.05	1840000	2820.88
25/12/2006	2913.05	2913.05	2913.05	2913.05	0	2820.88
26/12/2006	2913.05	2913.05	2913.05	2913.05	0	2820.88
27/12/2006	2941.8	2974.14	2928.63	2966.96	2049500	2873.08
28/12/2006	2986.12	3008.88	2952.58	2978.93	1431200	2884.68
29/12/2006	2964.56	2999.3	2943	2983.73	1869800	2889.32
01/01/2007	2983.73	2983.73	2983.73	2983.73	0	2889.32
02/01/2007	3000.49	3061.58	2968.15	3057.99	4050400	2961.23
03/01/2007	3054.4	3054.4	2933.42	2944.2	9813000	2851.04
04/01/2007	2898.68	2899.88	2855.56	2874.73	11020600	2783.77
05/01/2007	2849.57	2879.52	2790.88	2790.88	8195400	2702.57
08/01/2007	2793.27	2867.54	2771.71	2836.4	5897200	2746.65
09/01/2007	2863.95	2886.7	2825.62	2843.58	13726300	2753.61
10/01/2007	2823.22	2881.91	2814.84	2866.34	6549500	2775.65
11/01/2007	2901.08	2969.35	2874.73	2956.18	10243000	2862.64
12/01/2007	2933.42	2953.78	2898.68	2917.85	9993300	2825.52
15/01/2007	2929.82	2948.99	2910.66	2917.85	3103700	2825.52
16/01/2007	2886.7	2915.45	2856.76	2856.76	8384600	2766.37
17/01/2007	2826.81	2863.95	2760.93	2795.67	11156700	2707.21
18/01/2007	2811.24	2834	2786.09	2802.86	12069500	2714.17
19/01/2007	2780.1	2802.86	2763.33	2800.46	5844100	2711.85
22/01/2007	2816.03	2861.55	2806.45	2819.63	7373000	2730.41
23/01/2007	2819.63	2868.74	2807.65	2861.55	4909700	2771.01
24/01/2007	2895.09	2950.19	2873.53	2913.05	8850500	2820.88
25/01/2007	2917.85	2937.01	2886.7	2903.47	6635400	2811.6
26/01/2007	2874.73	2895.09	2828.01	2836.4	7763600	2746.65
29/01/2007	2868.74	2875.92	2817.23	2832.8	4632100	2743.17
30/01/2007	2802.86	2862.75	2786.09	2860.35	8949700	2769.85
31/01/2007	2851.97	2874.73	2825.62	2831.6	6762900	2742.01
01/02/2007	2844.78	2932.22	2844.78	2886.7	9510800	2795.36
02/02/2007	2880.71	2921.44	2837.59	2866.34	5785500	2775.65
05/02/2007	2826.81	2883.11	2818.43	2866.34	5066500	2775.65
06/02/2007	2877.12	2929.82	2866.34	2880.71	5677700	2789.57
07/02/2007	2934.62	2980.13	2892.69	2959.77	8214500	2866.12
08/02/2007	2940.6	2951.38	2897.48	2927.43	6159700	2834.8
09/02/2007	2957.37	2970.55	2933.42	2954.98	4957000	2861.48
12/02/2007	2928.63	2960.97	2898.68	2933.42	2962200	2840.6
13/02/2007	2951.38	2999.3	2922.64	2988.52	6367100	2893.96
14/02/2007	3019.66	3075.96	3019.66	3075.96	7833800	2978.63
15/02/2007	3084.34	3095.12	3037.63	3078.35	5377500	2980.95
16/02/2007	3067.57	3067.57	3013.67	3040.02	6528000	2943.83
19/02/2007	3096.32	3143.03	3071.16	3140.64	6781100	3041.26
20/02/2007	3132.25	3174.18	3085.54	3116.68	8009100	3018.07
21/02/2007	3056.79	3098.71	3007.68	3037.63	13676900	2941.51
22/02/2007	3073.56	3120.27	3040.02	3068.77	12272400	2971.67
23/02/2007	3084.34	3132.25	3049.6	3123.87	9204700	3025.03
26/02/2007	3143.03	3166.99	3133.45	3150.22	5374700	3050.54
27/02/2007	3072.36	3087.93	2944.2	3002.89	13013800	2907.88
28/02/2007	2934.62	2958.57	2879.52	2893.89	18183400	2802.32
01/03/2007	2889.1	2943	2772.91	2860.35	13541900	2769.85
02/03/2007	2871.13	2943	2805.25	2903.47	14079300	2811.6
05/03/2007	2820.82	2889.1	2784.89	2853.16	8569400	2762.89
06/03/2007	2895.09	2940.6	2878.32	2897.48	13075500	2805.8
07/03/2007	2899.88	2922.64	2880.71	2892.69	9146200	2801.16
08/03/2007	2910.66	3031.64	2901.08	2934.62	11236400	2841.76
09/03/2007	2928.63	2999.3	2905.87	2954.98	7487700	2861.48
12/03/2007	3042.42	3042.42	2983.73	3005.29	9258000	2910.2
13/03/2007	3013.67	3036.43	2968.15	2972.95	7689800	2878.88
14/03/2007	2871.13	2887.9	2819.63	2819.63	10109100	2730.41
15/03/2007	2898.68	2980.13	2889.1	2980.13	8750800	2885.84
16/03/2007	2958.57	2998.1	2922.64	2971.75	10815000	2877.72
19/03/2007	3024.45	3054.4	2995.7	3040.02	5607400	2943.83
20/03/2007	3042.42	3081.95	2995.7	3078.35	9309700	2980.95
21/03/2007	3054.4	3149.02	3054.4	3125.07	7714900	3026.19
22/03/2007	3171.78	3190.95	3129.86	3163.4	7664900	3063.3
23/03/2007	3162.2	3175.37	3129.86	3158.6	11308400	3058.66
26/03/2007	3176.57	3214.9	3120.27	3134.65	7210900	3035.46
27/03/2007	3177.77	3193.34	3147.82	3159.8	6123300	3059.82
28/03/2007	3138.24	3152.62	3092.73	3116.68	7946600	3018.07
29/03/2007	3139.44	3218.49	3127.46	3201.73	8064500	3100.42
30/03/2007	3214.9	3234.07	3192.14	3206.52	4910200	3105.06
02/04/2007	3190.95	3217.3	3178.97	3210.11	3391100	3108.54
03/04/2007	3234.07	3287.97	3229.27	3275.99	7199100	3172.33
04/04/2007	3305.93	3305.93	3231.67	3265.21	6084300	3161.89
05/04/2007	3260.42	3308.33	3238.86	3285.57	4838200	3181.61
06/04/2007	3285.57	3285.57	3285.57	3285.57	0	3181.61
09/04/2007	3285.57	3285.57	3285.57	3285.57	0	3181.61
10/04/2007	3304.74	3349.05	3293.96	3329.89	8813500	3224.53
11/04/2007	3332.29	3365.82	3287.97	3311.92	6993600	3207.13
12/04/2007	3298.75	3320.31	3255.63	3283.18	6568900	3179.29
13/04/2007	3280.78	3293.96	3241.25	3281.98	4323900	3178.13
16/04/2007	3296.35	3315.52	3271.2	3301.14	5577600	3196.69
17/04/2007	3303.54	3323.9	3244.85	3308.33	5612500	3203.65
18/04/2007	3335.88	3352.65	3225.68	3240.05	7530800	3137.54
19/04/2007	3165.79	3225.68	3147.82	3211.31	7845600	3109.7
20/04/2007	3232.87	3279.58	3223.29	3267.6	4279300	3164.21
23/04/2007	3281.98	3284.37	3230.47	3274.79	5449800	3171.17
24/04/2007	3253.23	3292.76	3184.96	3200.53	5285700	3099.26
25/04/2007	3222.09	3261.62	3194.54	3247.24	5110600	3144.5
26/04/2007	3279.58	3317.91	3192.14	3212.51	8340600	3110.86
27/04/2007	3202.92	3218.49	3123.87	3207.71	7424500	3106.22
30/04/2007	3204.12	3218.49	3178.97	3196.93	4625500	3095.78
01/05/2007	3192.14	3192.14	3133.45	3174.18	3283300	3073.74
02/05/2007	3205.32	3256.82	3205.32	3256.82	7470500	3153.77
03/05/2007	3252.03	3347.86	3234.07	3319.11	6038700	3214.09
04/05/2007	3355.04	3453.26	3353.85	3449.67	7007800	3340.52
07/05/2007	3449.67	3449.67	3449.67	3449.67	0	3340.52
08/05/2007	3505.97	3522.74	3356.24	3377.8	4696300	3270.92
09/05/2007	3478.42	3593.41	3407.75	3508.36	9202200	3397.35
10/05/2007	3437.69	3503.57	3400.56	3416.13	10915200	3308.04
11/05/2007	3347.86	3575.44	3345.46	3515.55	19289300	3404.31
14/05/2007	3551.48	3558.67	3412.54	3442.48	7714600	3333.56
15/05/2007	3413.74	3473.63	3395.77	3466.44	9626400	3356.76
16/05/2007	3444.88	3490.4	3416.13	3438.89	6427300	3330.08
17/05/2007	3466.44	3466.44	3352.65	3371.81	7044500	3265.13
18/05/2007	3352.65	3472.43	3325.1	3443.68	7455500	3334.72
21/05/2007	3461.65	3594.6	3435.3	3561.07	11824800	3448.39
22/05/2007	3559.87	3628.14	3532.32	3537.11	12161200	3425.19
23/05/2007	3556.27	3592.21	3546.69	3561.07	6428900	3448.39
24/05/2007	3533.52	3562.26	3468.84	3480.81	6433200	3370.68
25/05/2007	3425.71	3529.92	3419.73	3521.54	4574100	3410.11
28/05/2007	3521.54	3521.54	3521.54	3521.54	0	3410.11
29/05/2007	3534.71	3555.08	3509.56	3523.93	2861800	3412.43
30/05/2007	3470.03	3541.9	3465.24	3491.59	6629000	3381.12
31/05/2007	3521.54	3648.51	3521.54	3640.12	8428800	3524.94
01/06/2007	3640.12	3640.12	3640.12	3640.12	0	3524.94
04/06/2007	3713.19	3733.55	3667.67	3689.23	6092200	3572.5
05/06/2007	3689.23	3711.99	3646.11	3671.26	5288700	3555.1
06/06/2007	3683.24	3683.24	3511.96	3521.54	9299300	3410.11
07/06/2007	3564.66	3588.62	3458.05	3511.96	6792900	3400.83
08/06/2007	3461.65	3525.13	3418.53	3511.96	6146800	3400.83
11/06/2007	3563.46	3569.45	3520.34	3569.45	5427200	3456.51
12/06/2007	3570.65	3618.56	3526.33	3534.71	5564200	3422.87
13/06/2007	3482.01	3646.11	3482.01	3640.12	7217800	3524.94
14/06/2007	3677.25	3703.6	3605.38	3659.29	17498200	3543.5
15/06/2007	3688.03	3820.99	3665.27	3788.65	13880000	3668.77
18/06/2007	3809.01	3809.01	3738.34	3757.51	9603100	3638.61
19/06/2007	3779.07	3793.44	3668.87	3688.03	8183400	3571.34
20/06/2007	3713.19	3779.07	3694.02	3713.19	8865500	3595.7
21/06/2007	3704.8	3744.33	3620.96	3664.08	6654800	3548.14
22/06/2007	3683.24	3707.2	3623.35	3637.73	5130500	3522.62
25/06/2007	3593.41	3605.38	3511.96	3587.42	9029500	3473.91
26/06/2007	3575.44	3583.82	3527.53	3539.51	7781500	3427.51
27/06/2007	3503.57	3503.57	3426.91	3482.01	8670800	3371.84
28/06/2007	3529.92	3552.68	3437.69	3480.81	8124700	3370.68
29/06/2007	3166.45	3211.14	3116.31	3210.05	9248300	3108.48
02/07/2007	3210.05	3210.05	3210.05	3210.05	0	2828.72
03/07/2007	3210.05	3210.05	3210.05	3210.05	0	2828.72
04/07/2007	3190	3200	3159	3177	3864600	2799.59
05/07/2007	3217	3238	3156	3191	8739200	2811.93
06/07/2007	3168	3284	3157	3267	8189600	2878.9
09/07/2007	3302	3343	3255	3324	8377000	2929.13
10/07/2007	3306	3332	3173	3204	9742800	2823.39
11/07/2007	3180	3253	3165	3230	8038800	2846.3
12/07/2007	3282	3319	3236	3319	11409000	2924.72
13/07/2007	3352	3364	3279	3295	5807500	2903.58
16/07/2007	3278	3316	3240	3277	7621000	2887.71
17/07/2007	3270	3278	3213	3224	6967700	2841.01
18/07/2007	3169	3200	3100	3100	9184100	2731.74
19/07/2007	3137	3218	3119	3202	8709100	2821.62
20/07/2007	3202	3265	3167	3176	5531000	2798.71
23/07/2007	3165	3261	3165	3257	5293200	2870.09
24/07/2007	3254	3283	3133	3133	7169400	2760.82
25/07/2007	3100	3163	3020	3040	7907700	2678.87
26/07/2007	3070	3075	2853	2853	12766500	2514.08
27/07/2007	2829	2848	2720	2739	16673900	2413.62
30/07/2007	2751	2810	2729	2760	12571600	2432.13
31/07/2007	2794	2915	2788	2904	14191900	2559.02
01/08/2007	2790	2871	2754	2798	14729400	2465.62
02/08/2007	2816	2843	2743	2769	10482800	2440.06
03/08/2007	2840	2881	2751	2759	10971100	2431.25
06/08/2007	2710	2785	2666	2685	11975000	2366.04
07/08/2007	2730	2798	2728	2798	12462900	2465.62
08/08/2007	2852	2862	2800	2845	12326800	2507.03
09/08/2007	2841	2867	2740	2759	13748500	2431.25
10/08/2007	2716	2724	2600	2600	14950200	2291.14
13/08/2007	2670	2837	2667	2816	15127900	2481.48
14/08/2007	2803	2893	2764	2779	10532300	2448.87
15/08/2007	2739	2770	2656	2725	10990500	2401.29
16/08/2007	2630	2653	2451	2470	18697600	2176.58
17/08/2007	2484	2687	2403	2539	26468200	2237.38
20/08/2007	2599	2690	2589	2616	13215200	2305.24
21/08/2007	2635	2676	2578	2604	10014800	2294.66
22/08/2007	2621	2776	2621	2752	10609100	2425.08
23/08/2007	2848	2868	2728	2728	10363400	2403.93
24/08/2007	2728	2779	2699	2763	7967800	2434.77
27/08/2007	2763	2763	2763	2763	0	2434.77
28/08/2007	2770	2795	2702	2720	7232000	2396.88
29/08/2007	2700	2741	2657	2712	11000800	2389.83
30/08/2007	2735	2779	2711	2771	8154500	2441.82
31/08/2007	2826	2863	2716	2844	6720300	2506.15
03/09/2007	2872	2876	2816	2841	3383200	2503.51
04/09/2007	2847	2886	2801	2871	6078400	2529.94
05/09/2007	2865	2929	2834	2841	9498900	2503.51
06/09/2007	2885	2944	2831	2918	7807300	2571.36
07/09/2007	2935	2977	2768	2776	17626400	2446.23
10/09/2007	2780	2819	2707	2719	8640000	2396
11/09/2007	2750	2827	2727	2827	7173600	2491.17
12/09/2007	2820	2860	2750	2795	5367600	2462.97
13/09/2007	2816	2921	2793	2908	9081300	2562.55
14/09/2007	2886	2928	2705	2892	5859900	2548.45
17/09/2007	2868	2894	2823	2845	6547400	2507.03
18/09/2007	2821	2908	2817	2890	9312000	2546.69
19/09/2007	3027	3174	3000	3129	20458500	2757.3
20/09/2007	3098	3200	3092	3182	8795400	2804
21/09/2007	3182	3208	3147	3147	15028900	2773.16
24/09/2007	3160	3291	3160	3277	10252100	2887.71
25/09/2007	3257	3259	3133	3179	12617500	2801.36
26/09/2007	3171	3350	3161	3221	10472700	2838.37
27/09/2007	3261	3301	3187	3251	8233000	2864.8
28/09/2007	3280	3300	3238	3289	9858700	2898.29
01/10/2007	3250	3385	3230	3360	8739400	2960.85
02/10/2007	3390	3400	3259	3280	9877000	2890.36
03/10/2007	3289	3318	3245	3297	5354100	2905.34
04/10/2007	3232	3295	3188	3248	6163700	2862.16
05/10/2007	3269	3346	3269	3343	6630800	2945.87
08/10/2007	3341	3362	3250	3256	5466300	2869.21
09/10/2007	3255	3333	3213	3313	4629000	2919.44
10/10/2007	3310	3389	3308	3375	6134000	2974.07
11/10/2007	3396	3510	3391	3480	10245600	3066.6
12/10/2007	3435	3448	3345	3435	9416400	3026.94
15/10/2007	3442	3490	3395	3406	7217800	3001.39
16/10/2007	3398	3400	3288	3320	9428300	2925.61
17/10/2007	3290	3339	3223	3310	10933100	2916.79
18/10/2007	3326	3373	3217	3249	8055800	2863.04
19/10/2007	3239	3285	3176	3200	5104400	2819.86
22/10/2007	3100	3104	3008	3046	11643700	2684.16
23/10/2007	3080	3143	3072	3116	7384000	2745.84
24/10/2007	3106	3159	3035	3054	7739500	2691.2
25/10/2007	3105	3171	3095	3163	16770400	2787.26
26/10/2007	3200	3282	3164	3245	6198000	2859.52
29/10/2007	3318	3365	3280	3352	6729000	2953.8
30/10/2007	3334	3340	3253	3258	6114500	2870.97
31/10/2007	3272	3314	3225	3314	6682700	2920.32
01/11/2007	3344	3364	3141	3170	8261500	2793.42
02/11/2007	3136	3164	3056	3116	8791300	2745.84
05/11/2007	3040	3079	2969	3052	7491900	2689.44
06/11/2007	3085	3167	3085	3152	5955400	2777.56
07/11/2007	3201	3240	3155	3171	8075800	2794.31
08/11/2007	3111	3681	3061	3645	24963900	3212
09/11/2007	3558	3657	3395	3486	15452000	3071.89
12/11/2007	3482	3492	3232	3329	10115500	2933.54
13/11/2007	3315	3334	3177	3239	9137100	2854.23
14/11/2007	3290	3321	3236	3290	8627500	2899.17
15/11/2007	3295	3366	3178	3218	7347300	2835.72
16/11/2007	3180	3192	3074	3086	8758900	2719.4
19/11/2007	3099	3099	2845	2862	10761200	2522.01
20/11/2007	2914	2989	2786	2964	12620900	2611.9
21/11/2007	2876	2937	2790	2830	11724800	2493.81
22/11/2007	2850	2899	2745	2809	7212900	2475.31
23/11/2007	2840	3079	2823	2980	10625600	2626
26/11/2007	3050	3086	2888	2900	7780000	2555.5
27/11/2007	2870	2906	2731	2809	10675300	2475.31
28/11/2007	2830	2964	2705	2955	9977600	2603.97
29/11/2007	2980	3240	2930	3154	12332700	2779.33
30/11/2007	3159	3326	3120	3286	10664600	2895.64
03/12/2007	3295	3307	3178	3191	5096800	2811.93
04/12/2007	3201	3209	3085	3118	5023100	2747.6
05/12/2007	3161	3277	3153	3273	6690700	2884.19
06/12/2007	3266	3327	3186	3236	5898800	2851.58
07/12/2007	3269	3571	3243	3400	10069000	2996.1
10/12/2007	3380	3460	3372	3392	5477000	2989.05
11/12/2007	3425	3450	3319	3330	5182000	2934.42
12/12/2007	3264	3388	3243	3313	6528300	2919.44
13/12/2007	3205	3284	3158	3180	6743000	2802.24
14/12/2007	3227	3227	3009	3072	7141300	2707.07
17/12/2007	3018	3047	2931	2954	7380800	2603.08
18/12/2007	2939	3017	2873	2984	9776700	2629.52
19/12/2007	2988	2988	2880	2919	4928700	2572.24
20/12/2007	2926	2937	2862	2884	7520000	2541.4
21/12/2007	2931	3019	2918	3013	8823400	2655.08
24/12/2007	3021	3089	3021	3079	780900	2713.24
25/12/2007	3079	3079	3079	3079	0	2713.24
26/12/2007	3079	3079	3079	3079	0	2713.24
27/12/2007	3090	3141	3068	3089	3260800	2722.05
28/12/2007	3075	3126	3061	3097	1994000	2729.1
31/12/2007	3068	3106	3039	3080	704100	2714.12
01/01/2008	3080	3080	3080	3080	0	2714.12
02/01/2008	3047	3145	3012	3033	3641800	2672.7
03/01/2008	3041	3165	3015	3127	4794800	2755.53
04/01/2008	3130	3184	3019	3044	6395500	2682.39
07/01/2008	3035	3039	2862	2901	7007400	2556.38
08/01/2008	2931	2995	2912	2948	5297800	2597.8
09/01/2008	2931	3029	2825	2865	7096900	2524.66
10/01/2008	2893	2934	2800	2815	5373500	2480.6
11/01/2008	2821	2915	2755	2884	7652400	2541.4
14/01/2008	2870	2992	2844	2979	6479200	2625.11
15/01/2008	2971	3016	2852	2860	6138700	2520.25
16/01/2008	2819	2841	2690	2713	9405700	2390.71
17/01/2008	2750	2775	2571	2603	16740200	2293.78
18/01/2008	2617	2695	2531	2591	14364400	2283.21
21/01/2008	2526	2545	2310	2353	13319300	2073.48
22/01/2008	2245	2510	2167	2484	14170900	2188.92
23/01/2008	2537	2589	2410	2549	15233600	2246.2
24/01/2008	2625	2742	2580	2729	12665900	2404.81
25/01/2008	2681	2770	2575	2590	14801200	2282.33
28/01/2008	2560	2565	2418	2465	11964000	2172.17
29/01/2008	2514	2625	2500	2608	9091700	2298.19
30/01/2008	2585	2707	2565	2665	8014500	2348.42
31/01/2008	2700	2750	2624	2750	10550900	2423.32
01/02/2008	3050	3129	2870	2910	18961500	2564.31
04/02/2008	2920	3099	2894	2945	8397000	2595.15
05/02/2008	2930	2986	2798	2830	8216500	2493.81
06/02/2008	2760	2891	2745	2865	7112000	2524.66
07/02/2008	2857	2933	2840	2880	9910000	2537.87
08/02/2008	2950	3011	2897	2980	11378300	2626
11/02/2008	2930	2971	2890	2923	5519400	2575.77
12/02/2008	2976	3061	2927	3061	6855300	2697.37
13/02/2008	3007	3071	2972	3025	6317000	2665.65
14/02/2008	3121	3151	3052	3094	7030400	2726.45
15/02/2008	3100	3130	2970	3020	7383700	2661.24
18/02/2008	3043	3126	3018	3104	5716000	2735.27
19/02/2008	3086	3200	3086	3147	6692700	2773.16
20/02/2008	3090	3172	3050	3161	7953300	2785.49
21/02/2008	3200	3334	3193	3257	7732900	2870.09
22/02/2008	3220	3277	3155	3182	6480300	2804
25/02/2008	3215	3256	3136	3182	5803000	2804
26/02/2008	3205	3292	3161	3280	5716300	2890.36
27/02/2008	3325	3343	3240	3330	6783400	2934.42
28/02/2008	3300	3344	3251	3302	5977000	2909.74
29/02/2008	3290	3300	3197	3234	7289100	2849.82
03/03/2008	3170	3292	3137	3275	5609700	2885.95
04/03/2008	3271	3388	3271	3354	9478500	2955.57
05/03/2008	3379	3476	3325	3465	6595900	3053.38
06/03/2008	3495	3547	3407	3441	8710200	3032.23
07/03/2008	3393	3417	3291	3300	8884500	2907.98
10/03/2008	3272	3281	3144	3154	8662300	2779.33
11/03/2008	3126	3219	3102	3105	10022200	2736.15
12/03/2008	3150	3214	3131	3173	7159800	2796.07
13/03/2008	3038	3152	3036	3130	6657100	2758.18
14/03/2008	3156	3216	3065	3115	9563200	2744.96
17/03/2008	3040	3040	2929	2929	9535400	2581.05
18/03/2008	2982	3025	2867	3010	7442100	2652.43
19/03/2008	3071	3110	2888	2909	9560600	2563.43
20/03/2008	2780	2808	2673	2673	17006800	2355.47
21/03/2008	2673	2673	2673	2673	0	2355.47
24/03/2008	2673	2673	2673	2673	0	2355.47
25/03/2008	2800	2852	2755	2842	8367500	2504.39
26/03/2008	2791	2990	2786	2945	9340900	2595.15
27/03/2008	2936	3037	2936	2991	5625200	2635.69
28/03/2008	3011	3118	2990	3020	6475400	2661.24
31/03/2008	3005	3065	2948	3028	6754900	2668.29
01/04/2008	2987	3047	2904	2984	6529900	2629.52
02/04/2008	3030	3054	2915	3018	8030400	2659.48
03/04/2008	3070	3129	3033	3087	5412300	2720.28
04/04/2008	3109	3172	3075	3162	5820300	2786.38
07/04/2008	3240	3301	3240	3287	7369500	2896.53
08/04/2008	3261	3306	3198	3294	6851900	2902.69
09/04/2008	3279	3388	3250	3370	6112500	2969.67
10/04/2008	3349	3371	3273	3360	5774100	2960.85
11/04/2008	3395	3405	3284	3323	5583900	2928.25
14/04/2008	3308	3308	3214	3221	4745800	2838.37
15/04/2008	3240	3345	3235	3264	6445100	2876.26
16/04/2008	3329	3412	3294	3412	5768500	3006.68
17/04/2008	3425	3456	3359	3432	6139400	3024.3
18/04/2008	3440	3495	3311	3372	6583600	2971.43
21/04/2008	3393	3462	3372	3428	3681700	3020.78
22/04/2008	3438	3501	3399	3449	4166000	3039.28
23/04/2008	3485	3536	3416	3508	5744700	3091.27
24/04/2008	3500	3500	3322	3408	6542700	3003.15
25/04/2008	3409	3432	3309	3381	5052600	2979.36
28/04/2008	3400	3477	3314	3341	4526100	2944.11
29/04/2008	3320	3321	3210	3249	4795600	2863.04
30/04/2008	3230	3310	3206	3269	6254200	2880.66
01/05/2008	3335	3439	3300	3334	4907900	2937.94
02/05/2008	3404	3447	3275	3412	4698300	3006.68
06/05/2008	3450	3489	3402	3477	4138700	3063.96
07/05/2008	3468	3486	3437	3445	3123800	3035.76
08/05/2008	3410	3490	3410	3471	4059800	3058.67
09/05/2008	3480	3488	3368	3382	4018300	2980.24
12/05/2008	3401	3440	3323	3367	2804800	2967.02
13/05/2008	3434	3474	3321	3355	6205000	2956.45
14/05/2008	3400	3470	3373	3389	8481200	2986.41
15/05/2008	3387	3489	3353	3483	4835900	3069.24
16/05/2008	3500	3603	3484	3540	6964900	3119.47
19/05/2008	3586	3683	3568	3680	5786900	3242.84
20/05/2008	3644	3644	3452	3453	7799300	3042.81
21/05/2008	3500	3540	3452	3515	4356900	3097.44
22/05/2008	3517	3619	3490	3543	5740600	3122.11
23/05/2008	3520	3530	3372	3372	5805900	2971.43
27/05/2008	3405	3470	3365	3386	6116500	2983.77
28/05/2008	3418	3507	3325	3470	6266100	3057.79
29/05/2008	3520	3550	3397	3446	6124000	3036.64
30/05/2008	3365	3447	3319	3419	6708400	3012.85
02/06/2008	3488	3488	3373	3414	3594500	3008.44
03/06/2008	3394	3469	3361	3461	3818600	3049.86
04/06/2008	3444	3449	3344	3401	5999900	2996.98
05/06/2008	3399	3399	3261	3304	6139700	2911.51
06/06/2008	3375	3399	3244	3255	6036900	2868.33
10/06/2008	3355	3376	3265	3295	6610500	2903.58
11/06/2008	3300	3325	3131	3163	5444100	2787.26
12/06/2008	3171	3263	3138	3186	6576500	2807.52
13/06/2008	3190	3245	3120	3189	5642300	2810.17
16/06/2008	3310	3348	3200	3337	5722700	2940.59
17/06/2008	3345	3521	3325	3472	7907400	3059.55
18/06/2008	3432	3545	3372	3399	5250600	2995.22
19/06/2008	3402	3581	3335	3518	8151000	3100.08
20/06/2008	3489	3489	3372	3435	7315200	3026.94
23/06/2008	3470	3530	3388	3450	6088600	3040.16
24/06/2008	3488	3511	3370	3426	5001100	3019.01
25/06/2008	3413	3535	3275	3285	6094600	2894.76
26/06/2008	3285	3371	3285	3303	6977900	2910.63
27/06/2008	3275	3403	3239	3396	5759000	2992.58
30/06/2008	3429	3550	3426	3526	6293000	3107.13
01/07/2008	3485	3522	3399	3401	5852500	2996.98
02/07/2008	3403	3506	3235	3252	6637700	2865.68
03/07/2008	3205	3304	3143	3270	8705300	2881.55
04/07/2008	3301	3317	3136	3148	4804300	2774.04
07/07/2008	3163	3215	3097	3158	4710800	2782.85
08/07/2008	3056	3097	2975	3004	8052700	2647.14
09/07/2008	3024	3117	2982	3064	6544100	2700.02
10/07/2008	2989	3074	2933	2945	6635900	2595.15
11/07/2008	2988	3024	2880	2892	5817100	2548.45
14/07/2008	2920	3004	2904	2973	4782700	2619.83
15/07/2008	2957	2960	2783	2813	6403300	2478.83
16/07/2008	2839	2860	2697	2736	7258100	2410.98
17/07/2008	2747	2830	2699	2830	9578500	2493.81
18/07/2008	2769	2808	2711	2799	8178200	2466.5
21/07/2008	2795	2921	2795	2856	5719700	2516.73
22/07/2008	2850	2899	2806	2826	5296300	2490.29
23/07/2008	2854	2854	2685	2747	8787600	2420.67
24/07/2008	2700	2776	2657	2684	5855200	2365.16
25/07/2008	2638	2748	2634	2673	5267600	2355.47
28/07/2008	2706	2810	2694	2750	4717500	2423.32
29/07/2008	2735	2882	2725	2800	3647100	2467.38
30/07/2008	2883	2950	2867	2910	3749100	2564.31
31/07/2008	2924	3007	2897	2921	5927900	2574
01/08/2008	2883	2883	2746	2775	5095800	2445.35
04/08/2008	2710	2761	2616	2622	7733800	2310.52
05/08/2008	2600	2712	2535	2694	6926800	2373.97
06/08/2008	2802	2898	2744	2779	8296300	2448.87
07/08/2008	2710	2887	2706	2770	6948800	2440.94
08/08/2008	2760	2770	2634	2692	3737800	2372.21
11/08/2008	2690	2773	2654	2677	5030300	2358.99
12/08/2008	2653	2699	2599	2679	4377500	2360.75
13/08/2008	2700	2820	2669	2791	5972200	2459.45
14/08/2008	2886	2941	2836	2923	5317500	2575.77
15/08/2008	2889	2891	2718	2735	6953200	2410.1
18/08/2008	2795	2843	2762	2791	4450000	2791
19/08/2008	2690	2736	2665	2708	6854000	2708
20/08/2008	2755	2791	2715	2758	4753600	2758
21/08/2008	2776	2885	2775	2870	3593700	2870
22/08/2008	2909	2923	2837	2875	4882700	2875
26/08/2008	2830	2834	2737	2799	4731300	2799
27/08/2008	2802	2890	2789	2879	3884100	2879
28/08/2008	2909	2947	2850	2919	4560300	2919
29/08/2008	2862	2990	2862	2932	4867700	2932
01/09/2008	2900	2914	2768	2780	3690700	2780
02/09/2008	2753	2779	2626	2646	8573800	2646
03/09/2008	2605	2670	2547	2559	8472800	2559
04/09/2008	2551	2608	2415	2430	6923100	2430
05/09/2008	2410	2460	2296	2304	11306400	2304
08/09/2008	2406	2491	2380	2397	3154100	2397
09/09/2008	2387	2404	2189	2254	11693300	2254
10/09/2008	2244	2305	2180	2195	12065200	2195
11/09/2008	2199	2324	2199	2308	10425500	2308
12/09/2008	2380	2525	2380	2502	9896300	2502
15/09/2008	2420	2449	2329	2409	9228900	2409
16/09/2008	2336	2361	2172	2258	8386700	2258
17/09/2008	2326	2347	2029	2049	14507000	2049
18/09/2008	2110	2208	2065	2116	14776400	2116
19/09/2008	2300	2399	2211	2381	13173500	2381
22/09/2008	2399	2420	2268	2327	10987100	2327
23/09/2008	2290	2310	2110	2136	10664300	2136
24/09/2008	2154	2171	1996	2008	10235100	2008
25/09/2008	1981	2078	1981	2058	12747800	2058
26/09/2008	2010	2048	1972	1981	10194500	1981
29/09/2008	1980	1980	1803	1816	11188300	1816
30/09/2008	1715	1904	1686	1855	13804700	1855
01/10/2008	1950	1978	1806	1848	9981500	1848
02/10/2008	1870	1909	1704	1704	9679700	1704
03/10/2008	1669	1792	1634	1781	13420500	1781
06/10/2008	1631	1687	1471	1511	6084200	1511
07/10/2008	1591	1672	1487	1556	12280300	1556
08/10/2008	1450	1628	1380	1420	13482700	1420
09/10/2008	1458	1583	1452	1534	10107200	1534
10/10/2008	1386	1499	1312	1421	12759400	1421
13/10/2008	1549	1634	1482	1629	11745600	1629
14/10/2008	1724	1791	1603	1660	7373900	1660
15/10/2008	1620	1620	1306	1326	20481000	1326
16/10/2008	1180	1340	1110	1153	14871400	1153
17/10/2008	1225	1322	1134	1295	18064100	1295
20/10/2008	1394	1398	1310	1360	10240200	1360
21/10/2008	1425	1458	1329	1387	13637800	1387
22/10/2008	1325	1347	1269	1275	9474400	1275
23/10/2008	1270	1290	1174	1240	12562500	1240
24/10/2008	1185	1250	1107	1247	14087900	1247
27/10/2008	1157	1228	1082	1206	9720800	1206
28/10/2008	1251	1277	1127	1141	16782500	1141
29/10/2008	1245	1400	1234	1379	15698700	1379
30/10/2008	1456	1508	1382	1438	11465700	1438
31/10/2008	1428	1561	1379	1532	9443100	1532
03/11/2008	1566	1589	1507	1542	6049900	1542
04/11/2008	1512	1674	1462	1667	9623200	1667
05/11/2008	1665	1665	1530	1557	8943500	1557
06/11/2008	1489	1518	1316	1326	12133500	1326
07/11/2008	1374	1411	1294	1350	10524800	1350
10/11/2008	1435	1598	1429	1506	11223700	1506
11/11/2008	1463	1502	1382	1396	9006000	1396
12/11/2008	1430	1443	1250	1279	10992900	1279
13/11/2008	1220	1316	1210	1248	9825400	1248
14/11/2008	1367	1389	1268	1291	9775700	1291
17/11/2008	1301	1327	1176	1207	9442600	1207
18/11/2008	1201	1233	1148	1231	8269000	1231
19/11/2008	1232	1236	1127	1137	7327300	1137
20/11/2008	1102	1142	1024	1054	11570300	1054
21/11/2008	1090	1188	1071	1132	9495400	1132
24/11/2008	1175	1411	1167	1390	11229400	1390
25/11/2008	1357	1562	1324	1450	13967000	1450
26/11/2008	1446	1557	1405	1525	9523500	1525
27/11/2008	1530	1588	1495	1572	6847600	1572
28/11/2008	1590	1590	1476	1534	6783300	1534
01/12/2008	1476	1494	1292	1317	7269500	1317
02/12/2008	1264	1358	1217	1297	10067400	1297
03/12/2008	1300	1347	1195	1317	11304600	1317
04/12/2008	1283	1349	1232	1314	6605400	1314
05/12/2008	1287	1309	1191	1236	7023800	1236
08/12/2008	1361	1472	1325	1429	9192300	1429
09/12/2008	1388	1475	1376	1453	6475800	1453
10/12/2008	1500	1563	1447	1535	7259100	1535
11/12/2008	1506	1563	1458	1532	8500800	1532
12/12/2008	1420	1528	1385	1498	8014500	1498
15/12/2008	1541	1557	1490	1542	5991700	1542
16/12/2008	1513	1598	1480	1565	6400500	1565
17/12/2008	1590	1665	1540	1650	10223300	1650
18/12/2008	1640	1665	1562	1592	8568600	1592
19/12/2008	1570	1584	1389	1450	13404800	1450
22/12/2008	1445	1470	1382	1437	5631900	1437
23/12/2008	1414	1489	1414	1451	2674400	1451
24/12/2008	1410	1472	1410	1420	629900	1420
29/12/2008	1437	1530	1437	1506	2638900	1506
30/12/2008	1511	1573	1492	1555	2814500	1555
31/12/2008	1556	1580	1531	1546	774900	1546
02/01/2009	1585	1727	1569	1709	2696600	1709
05/01/2009	1734	1782	1669	1712	4037400	1712
06/01/2009	1729	1832	1695	1832	5461500	1832
07/01/2009	1791	1795	1685	1725	7383500	1725
08/01/2009	1660	1688	1541	1623	7572800	1623
09/01/2009	1625	1635	1471	1490	11061600	1490
12/01/2009	1474	1508	1431	1451	5672800	1451
13/01/2009	1422	1447	1376	1429	8245300	1429
14/01/2009	1454	1454	1259	1293	9598800	1293
15/01/2009	1289	1336	1240	1275	11590800	1275
16/01/2009	1312	1389	1306	1371	9911100	1371
19/01/2009	1401	1426	1290	1334	6619200	1334
20/01/2009	1323	1404	1286	1306	8138500	1306
21/01/2009	1292	1341	1258	1315	10883100	1315
22/01/2009	1350	1385	1266	1269	8395400	1269
23/01/2009	1258	1284	1210	1270	10218800	1270
26/01/2009	1270	1378	1255	1363	8680400	1363
27/01/2009	1348	1374	1300	1346	5496300	1346
28/01/2009	1361	1436	1331	1420	9385700	1420
29/01/2009	1385	1385	1327	1339	8260200	1339
30/01/2009	1342	1347	1246	1266	9060300	1266
02/02/2009	1250	1254	1214	1240	6830400	1240
03/02/2009	1249	1292	1188	1283	6795200	1283
04/02/2009	1304	1423	1284	1402	9595300	1402
05/02/2009	1360	1426	1321	1400	7662600	1400
06/02/2009	1416	1505	1393	1487	9452300	1487
09/02/2009	1483	1527	1440	1502	5999000	1502
10/02/2009	1475	1478	1400	1411	9227100	1411
11/02/2009	1390	1424	1348	1377	11714500	1377
12/02/2009	1354	1363	1271	1324	8677900	1324
13/02/2009	1353	1376	1263	1288	7713000	1288
16/02/2009	1275	1312	1265	1287	3598300	1287
17/02/2009	1260	1266	1206	1222	8516100	1222
18/02/2009	1237	1247	1171	1228	9224100	1228
19/02/2009	1248	1265	1210	1236	6321000	1236
20/02/2009	1160	1160	1000	1027	23008900	1027
23/02/2009	1070	1094	1016	1030	11925100	1030
24/02/2009	1020	1041	993	1033	11321700	1033
25/02/2009	1056	1060	972	1015	9866000	1015
26/02/2009	1019	1044	1004	1026	9771000	1026
27/02/2009	1028	1035	960.5	1001	9417900	1001
02/03/2009	941	966	912	914	8717500	914
03/03/2009	930	965	906	926	11741800	926
04/03/2009	970	1038	969	1034	12915700	1034
05/03/2009	1016	1029	949.5	975.5	9646000	975.5
06/03/2009	969.5	1041	951	1011	9719600	1011
09/03/2009	1016	1028	961	996.5	8580900	996.5
10/03/2009	988	1088	977.5	1080	10334300	1080
11/03/2009	1086	1154	1052	1144	11840700	1144
12/03/2009	1120	1124	1058	1105	10026000	1105
13/03/2009	1140	1166	1108	1115	6679000	1115
16/03/2009	1134	1167	1098	1153	7651400	1153
17/03/2009	1145	1165	1085	1116	10332000	1116
18/03/2009	1140	1156	1095	1112	10217400	1112
19/03/2009	1135	1228	1135	1219	24399000	1219
20/03/2009	1198	1291	1179	1291	18310500	1291
23/03/2009	1342	1382	1317	1366	10034600	1366
24/03/2009	1389	1390	1225	1275	11356100	1275
25/03/2009	1248	1273	1184	1219	14400400	1219
26/03/2009	1245	1265	1215	1252	7336600	1252
27/03/2009	1238	1266	1182	1195	9810200	1195
30/03/2009	1159	1160	1078	1081	7520100	1081
31/03/2009	1090	1191	1090	1186	7477800	1186
01/04/2009	1156	1201	1099	1195	10370100	1195
02/04/2009	1247	1352	1231	1340	10577400	1340
03/04/2009	1333	1417	1311	1366	15149800	1366
06/04/2009	1406	1439	1314	1337	9228000	1337
07/04/2009	1352	1359	1259	1296	6471400	1296
08/04/2009	1255	1321	1226	1307	6047600	1307
09/04/2009	1333	1410	1311	1396	7185700	1396
14/04/2009	1428	1460	1392	1443	7842200	1443
15/04/2009	1417	1449	1380	1398	7008400	1398
16/04/2009	1380	1428	1360	1412	13259900	1412
17/04/2009	1419	1423	1365	1379	9940600	1379
20/04/2009	1360	1386	1274	1291	982300	1291
21/04/2009	1283	1308	1238	1295	1501500	1295
22/04/2009	1305	1345	1260	1332	840700	1332
23/04/2009	1330	1354	1305	1325	460400	1325
24/04/2009	1338	1422	1327	1422	1457500	1422
27/04/2009	1385	1423	1350	1421	654700	1421
28/04/2009	1382	1384	1314	1342	567000	1342
29/04/2009	1345	1442	1344	1442	1940100	1442
30/04/2009	1440	1529	1440	1484	1608500	1484
01/05/2009	1444	1490	1444	1484	182800	1484
05/05/2009	1545	1597	1526	1536	1234100	1536
06/05/2009	1519	1591	1513	1567	685400	1567
07/05/2009	1592	1647	1542	1548	993300	1548
08/05/2009	1574	1638	1548	1625	1186800	1625
11/05/2009	1629	1631	1557	1602	705000	1602
12/05/2009	1589	1597	1537	1555	886600	1555
13/05/2009	1570	1590	1462	1472	719000	1472
14/05/2009	1465	1478	1416	1443	1334000	1443
15/05/2009	1467	1516	1426	1465	1146600	1465
18/05/2009	1419	1498	1408	1488	1329200	1488
19/05/2009	1524	1600	1518	1600	1105400	1600
20/05/2009	1593	1645	1572	1624	1219100	1624
21/05/2009	1595	1604	1548	1580	1870100	1580
22/05/2009	1611	1636	1585	1625	1476500	1625
26/05/2009	1595	1634	1555	1620	1643500	1620
27/05/2009	1633	1685	1621	1673	1403600	1673
28/05/2009	1633	1697	1630	1689	558400	1689
29/05/2009	1705	1791	1679	1777	2187400	1777
01/06/2009	1819	1930	1818	1910	2135500	1910
02/06/2009	1889	1907	1812	1898	1279700	1898
03/06/2009	1899	1908	1743	1785	2127800	1785
04/06/2009	1776	1800	1701	1752	1118800	1752
05/06/2009	1830	1879	1802	1857	1795700	1857
08/06/2009	1836	1839	1742	1770	964700	1770
09/06/2009	1778	1810	1737	1772	1558100	1772
10/06/2009	1809	1863	1781	1795	889600	1795
11/06/2009	1813	1817	1753	1762	1298500	1762
12/06/2009	1775	1777	1692	1729	580800	1729
15/06/2009	1717	1717	1677	1693	1687800	1693
16/06/2009	1700	1714	1640	1679	2275000	1679
17/06/2009	1625	1649	1540	1574	1545000	1574
18/06/2009	1565	1616	1554	1581	1805900	1581
19/06/2009	1594	1643	1579	1623	7545900	1623
22/06/2009	1820	1825	1685	1698	3746800	1698
23/06/2009	1646	1730.5	1610	1652	2194500	1652
24/06/2009	1688.5	1828.5	1683.5	1820	2800600	1820
25/06/2009	1805	1838	1761	1831	1318600	1831
26/06/2009	1848	1866.5	1778	1803.27	1157500	1803.27
29/06/2009	1812	1827.5	1756	1813	713000	1813
30/06/2009	1838.5	1838.5	1729.5	1763.5	2431600	1763.5
01/07/2009	1784	1836.5	1784	1832.5	1633700	1832.5
02/07/2009	1817	1832	1722.5	1735.07	1305900	1735.07
03/07/2009	1725	1739	1695	1706.2	858100	1706.2
06/07/2009	1692	1701	1617	1628.5	1358200	1628.5
07/07/2009	1649.5	1708.5	1623	1632.17	1370600	1632.17
08/07/2009	1634	1641	1557.5	1563.5	1391200	1563.5
09/07/2009	1593.5	1657.5	1590	1651	1618600	1651
10/07/2009	1636.5	1684	1630.5	1647.15	1134500	1647.15
13/07/2009	1650	1699.5	1614.5	1699	825400	1699
14/07/2009	1714	1756	1712	1748	1346200	1748
15/07/2009	1756	1800	1747	1800	1323400	1800
16/07/2009	1795.5	1799.5	1735.5	1759	916900	1759
17/07/2009	1782.5	1820	1762.5	1807	1500500	1807
20/07/2009	1822.5	1842.5	1782	1789	562500	1789
21/07/2009	1798	1876	1768	1862.5	1209900	1862.5
22/07/2009	1850.5	1862.5	1816	1836.65	853000	1836.65
23/07/2009	1855	1946	1854	1930.42	749400	1930.42
24/07/2009	1914	1940	1895.5	1916	1097500	1916
27/07/2009	1949	1957	1887.5	1925.5	773700	1925.5
28/07/2009	1936	1953.5	1835.5	1835.5	876500	1835.5
29/07/2009	1802	1850.5	1786.5	1823	871600	1823
30/07/2009	1819	1930	1819	1900	1206500	1900
31/07/2009	1935	1950	1870	1930	1594000	1930
03/08/2009	1930	2024	1910	2008.71	1575600	2008.71
04/08/2009	1998	2026	1926	1971	735300	1971
05/08/2009	1950	2022.5	1926	1993.5	915000	1993.5
06/08/2009	2010	2021	1934	1951	710700	1951
07/08/2009	1936	1965.5	1877.5	1947.71	5237000	1947.71
10/08/2009	1925	1931	1872	1898.5	912600	1898.5
11/08/2009	1900	1932	1841	1855.5	1107300	1855.5
12/08/2009	1865	1873	1804.5	1865	1017500	1865
13/08/2009	1880	1972.5	1879	1922	1017000	1922
14/08/2009	1932	1984	1904	1927.5	1169800	1927.5
17/08/2009	1898	1909	1812.5	1820.5	1379800	1820.5
18/08/2009	1845	1866.5	1806	1831	1229900	1831
19/08/2009	1803	1846.5	1777.5	1835	799000	1835
20/08/2009	1864.5	1926	1864	1915	1624800	1915
21/08/2009	1888	1986.5	1880.5	1984	743900	1984
24/08/2009	2009.5	2068	2009.5	2041.68	4699300	2041.68
25/08/2009	2016.5	2072	1997.5	2050.5	4115500	2050.5
26/08/2009	2051	2088	1965	2003	5577900	2003
27/08/2009	1999	2030	1959.5	1978	3880900	1978
28/08/2009	2001.5	2051	1995	2039.51	4692400	2039.51
01/09/2009	2026	2026	1919	1922	5841700	1922
02/09/2009	1930.5	1931.5	1870	1891	7655200	1891
03/09/2009	1916	1977.5	1905.5	1951.58	7025100	1951.58
04/09/2009	1953	2002.5	1953	2001	5073800	2001
07/09/2009	2025	2039	2000	2007	3334100	2007
08/09/2009	2025	2085.5	2025	2036.5	4607400	2036.5
09/09/2009	2017.5	2080	1998	2046	4208000	2046
10/09/2009	2055	2081.5	2006	2040	3971700	2040
11/09/2009	2046	2110.5	2046	2055	6141500	2055
14/09/2009	2012	2071.5	1991	2066	4790100	2066
15/09/2009	2070	2088	2038.5	2069	3994800	2069
16/09/2009	2092.5	2149	2092.5	2124.5	5128600	2124.5
17/09/2009	2158	2160	2097.5	2125	4315200	2125
18/09/2009	2090	2117	2063.5	2072	7653600	2072
21/09/2009	2074	2084	2026.5	2050	4493200	2050
22/09/2009	2062	2114.5	2056	2060	4697800	2060
23/09/2009	2064	2098.5	2050.5	2057.68	4857400	2057.68
24/09/2009	2060	2096	2028	2062.08	6361600	2062.08
25/09/2009	2040	2076	2024	2059	5448900	2059
28/09/2009	2049.5	2077.5	1989.5	2075.5	5091000	2075.5
29/09/2009	2051	2079	2017.5	2043.5	3068700	2043.5
30/09/2009	2050.5	2077.5	1964.5	1993	7904800	1993
01/10/2009	1975	2009.5	1877.5	1926	6586200	1926
02/10/2009	1863.5	1912	1846.5	1876.5	8423000	1876.5
05/10/2009	1887	1957.5	1880	1951	7119200	1951
06/10/2009	1975	2116.5	1969.5	2100	9914700	2100
07/10/2009	2120	2139	2063.5	2097.5	5538600	2097.5
08/10/2009	2147	2192	2141	2170.7	7358200	2170.7
09/10/2009	2159	2185	2133	2155.44	4481200	2155.44
12/10/2009	2153.5	2211	2144	2194.5	4339400	2194.5
13/10/2009	2190	2239	2171.5	2174	5092700	2174
14/10/2009	2224.5	2328.5	2217.5	2311	8286700	2311
15/10/2009	2270	2284.5	2177	2216	10828800	2216
16/10/2009	2230	2241.5	2175.5	2199.5	6072600	2199.5
19/10/2009	2205	2307	2200	2304	3839000	2304
20/10/2009	2334	2341	2283	2283	6231500	2283
21/10/2009	2280	2294	2197	2276	6558600	2276
22/10/2009	2230	2303	2214	2285	6805500	2285
23/10/2009	2321	2435	2313	2380	8420100	2380
26/10/2009	2398	2433	2307	2330	5150000	2330
27/10/2009	2316	2329	2262	2268	5561000	2268
28/10/2009	2264	2265	2169	2178	8000900	2178
29/10/2009	2170	2316	2153	2300	8863600	2300
30/10/2009	2300	2341	2190	2215	8725200	2215
02/11/2009	2212	2306	2199	2287	4637100	2287
03/11/2009	2261	2274	2212	2258	6669400	2258
04/11/2009	2302	2343	2277	2326	5555600	2326
05/11/2009	2279	2366	2239	2344	5641900	2344
06/11/2009	2360	2414	2339	2386	6793800	2386
09/11/2009	2430	2495	2421	2488	5626900	2488
10/11/2009	2479	2490	2417	2434	4806700	2434
11/11/2009	2480	2533	2460	2468	5851800	2468
12/11/2009	2467	2527	2463	2502	5553700	2502
13/11/2009	2500	2553	2478	2549	5036900	2549
16/11/2009	2600	2671	2581	2653	6516200	2653
17/11/2009	2641	2668	2588	2610	5261000	2610
18/11/2009	2630	2656	2601	2630	5038100	2630
19/11/2009	2601	2615	2510	2527	6917000	2527
20/11/2009	2525	2565	2488	2530	5452300	2530
23/11/2009	2584	2638	2576	2595	3958400	2595
24/11/2009	2560	2688	2557	2617	6153500	2617
25/11/2009	2669	2701	2645	2688	5697000	2688
26/11/2009	2671	2671	2545	2563	5312400	2563
27/11/2009	2482	2619	2469	2588	6430800	2588
30/11/2009	2627	2669	2592	2603	6680500	2603
01/12/2009	2637	2712	2635	2712	5401600	2712
02/12/2009	2702	2758	2688	2721	3777000	2721
03/12/2009	2750	2766	2641	2650	5079400	2650
04/12/2009	2627	2708	2601	2607	6329700	2607
07/12/2009	2593	2626	2555	2620	5213400	2620
08/12/2009	2596	2638	2513	2536	6337000	2536
09/12/2009	2520	2549	2492	2530	4102500	2530
11/12/2009	2543	2590	2531	2560	4763300	2560
14/12/2009	2592	2637	2589	2636	3481000	2636
15/12/2009	2638	2670	2610	2639	5226100	2639
16/12/2009	2620	2683	2620	2667	3148200	2667
17/12/2009	2640	2672	2588	2594	4124700	2594
18/12/2009	2595	2625	2569	2594	8361100	2594
21/12/2009	2600.5	2676	2593	2649.5	2716600	2649.5
22/12/2009	2655	2686	2637	2640	2229200	2640
23/12/2009	2649	2684	2645	2666	1957900	2666
24/12/2009	2680	2702.5	2673	2695	676900	2695
29/12/2009	2697	2743.5	2693	2729	2426900	2729
30/12/2009	2716.5	2730	2684	2695.5	1260600	2695.5
31/12/2009	2709	2711	2678	2711	563500	2711
