Date	Open	High	Low	Close	Volume	Adj Close
03/01/2006	454	466.75	450.75	466.75	1378500	466.75
04/01/2006	466.75	481	466.75	481	528000	481
05/01/2006	477.25	481.5	472	477.25	310000	477.25
06/01/2006	479.5	480	472.25	477.25	364400	477.25
09/01/2006	479.75	480	473.25	478.25	586800	478.25
10/01/2006	480	480	470	473.25	160000	473.25
11/01/2006	477.75	500.75	477	495	7490800	495
12/01/2006	499.75	508	497.5	503	1999100	503
13/01/2006	508	509.75	500	503	869200	503
16/01/2006	503.75	503.75	497.5	498.5	453100	498.5
17/01/2006	496	497	493.5	494	2720200	494
18/01/2006	487.25	494	484.5	494	661700	494
19/01/2006	495	508	492	506	2595300	506
20/01/2006	508.75	511	502.5	505.75	1199400	505.75
23/01/2006	500.5	512	495.5	508.75	1320800	508.75
24/01/2006	510	510	500.5	500.75	3775200	500.75
25/01/2006	503.25	512.5	502.5	512	4089400	512
26/01/2006	512.5	515	505.25	511.5	1943200	511.5
27/01/2006	515	522.75	512.5	520	858800	520
30/01/2006	515.5	520	502.25	519	11249000	519
31/01/2006	514	520	512	515.5	579400	515.5
01/02/2006	513.25	525	513.25	525	1807800	525
02/02/2006	528	535	526	529	2983500	529
03/02/2006	532.25	534.75	528	532	332600	532
06/02/2006	534.75	535	526	535	396600	535
07/02/2006	535	537	534	535.5	530900	535.5
08/02/2006	530.25	535	529.75	534	629700	534
09/02/2006	533.75	544.25	533.5	544.25	1397000	544.25
10/02/2006	541.25	543.5	537.75	539.75	773800	539.75
13/02/2006	539.25	540.75	534	537	686200	537
14/02/2006	537.75	538	532.5	537.5	333500	537.5
15/02/2006	533	535.25	530	534	310900	534
16/02/2006	533.75	540	533	539.25	2018000	539.25
17/02/2006	539.75	548	537.25	548	464200	548
20/02/2006	542.5	545.25	540.75	540.75	258400	540.75
21/02/2006	544.75	549.5	542.5	548	861300	548
22/02/2006	548.5	550	547.25	548.5	397100	548.5
23/02/2006	549.75	556.75	547.25	555.75	288900	555.75
24/02/2006	556.25	560	552.75	558	325400	558
27/02/2006	554	558.75	554	558	1250600	558
28/02/2006	551.5	565	551.5	565	728300	565
01/03/2006	560.5	597	560.5	578.25	1215100	578.25
02/03/2006	578	580.25	573.75	576	657500	576
03/03/2006	577.75	578	571.25	574.5	665200	574.5
06/03/2006	577.75	579.75	574	578	1347900	578
07/03/2006	585.75	598	585.25	590.75	2336700	590.75
08/03/2006	599.5	599.5	590	599	2239300	599
09/03/2006	599	600	593	597.75	2305800	597.75
10/03/2006	600.75	610	598	608	439900	608
13/03/2006	607	625	607	625	671300	625
14/03/2006	618.75	620.25	615.25	617.25	6493800	617.25
15/03/2006	620.75	621	616	620	2938200	620
16/03/2006	622	622	616	620.5	1119300	620.5
17/03/2006	620.75	622	616.25	617	503400	617
20/03/2006	621.5	622	618.5	618.5	775500	618.5
21/03/2006	619	620	611	614	273700	614
22/03/2006	617.5	633	611	628.5	1970400	628.5
23/03/2006	636	636	628.5	634.5	304800	634.5
24/03/2006	633.5	634.5	629	631.5	217900	631.5
27/03/2006	634.5	634.5	622.5	629	425500	629
28/03/2006	629	631	622	627	285700	627
29/03/2006	627	629	620.5	622	223500	622
30/03/2006	629.5	635	623.5	626	633500	626
31/03/2006	631.5	635	625	628	166100	628
03/04/2006	635	660.5	627	656	1809000	656
04/04/2006	651.5	668.5	651	664.5	995500	664.5
05/04/2006	668	672.5	665	672.5	726300	672.5
06/04/2006	674	674.5	665.5	670	349300	670
07/04/2006	668	675	665	671	1170500	671
10/04/2006	674.5	674.5	669.5	670	771000	670
11/04/2006	670	674.5	668	669	1829500	669
12/04/2006	669.5	673	665.5	668.5	1473300	668.5
13/04/2006	672	673.5	669	672.5	285500	672.5
14/04/2006	672.5	672.5	672.5	672.5	0	672.5
17/04/2006	672.5	672.5	672.5	672.5	0	672.5
18/04/2006	671	675	669	671	867100	671
19/04/2006	667	667	641	648.5	1436600	648.5
20/04/2006	649.5	655	642	652	296000	652
21/04/2006	655	655	647.5	653	451600	653
24/04/2006	650	650.5	645	648	482900	648
25/04/2006	649.5	655	646.5	654.5	4163100	654.5
26/04/2006	651.5	660.5	651.5	657	3265700	657
27/04/2006	654	672	654	668	484700	668
28/04/2006	664	671.5	664	667	727300	667
01/05/2006	667	667	667	667	0	667
02/05/2006	670	677	665.5	671.5	1173400	671.5
03/05/2006	678	678	668.5	675	1110200	675
04/05/2006	673	682	673	681	1301500	681
05/05/2006	678	705	676	703	931700	703
08/05/2006	705.5	705.5	696.5	700	540900	700
09/05/2006	697	701	695	698.5	430600	698.5
10/05/2006	700	701	693	695.5	520800	695.5
11/05/2006	697.5	700	692	693.5	414700	693.5
12/05/2006	694	697	675	677	494200	677
15/05/2006	675	681	660	660	716000	660
16/05/2006	660	668	641.5	642	3144200	642
17/05/2006	646	646	623	623	2942000	623
18/05/2006	628.5	627.5	603	602.5	1033600	602.5
19/05/2006	608	605.62	590	600.5	1569000	600.5
22/05/2006	591	595.28	570	572	1193100	572
23/05/2006	579	613	581.54	603.5	1465200	603.5
24/05/2006	596	612.5	591.5	596	1062700	596
25/05/2006	592	604	590	601.5	381100	601.5
26/05/2006	610	627.25	604.4	635.5	876600	635.5
29/05/2006	635.5	635.5	635.5	635.5	0	635.5
30/05/2006	625	637.5	605	608	282800	608
31/05/2006	605	634.25	607	630	605800	630
01/06/2006	625	640	625	636	1018900	636
02/06/2006	641	644	635	643	932700	643
05/06/2006	635.5	641.5	634.23	633	455200	633
06/06/2006	631	625.79	613	614	725100	614
07/06/2006	622	616.5	610.5	613	308300	613
08/06/2006	604	603	584.5	584.5	1158300	584.5
09/06/2006	594.5	604.5	590	601	409300	601
12/06/2006	592	603	597.5	602	502200	602
13/06/2006	585	593	558.5	570	1393300	570
14/06/2006	574.5	574.5	554.5	556	981400	556
15/06/2006	564	584	564	584	1479400	584
16/06/2006	590	599	569.76	585	1091200	585
19/06/2006	588	595	580	586.5	262100	586.5
20/06/2006	578	585	578.5	584.5	466100	584.5
21/06/2006	579.5	584.5	576.68	582.5	237100	582.5
22/06/2006	588	588	578	588	413100	588
23/06/2006	589	594.5	586	589	111200	589
26/06/2006	594.5	597	592.5	594	517300	594
27/06/2006	598	604.5	595.5	595.5	454600	595.5
28/06/2006	592	597	593	595.5	171700	595.5
29/06/2006	601	615	601	603.5	1614700	603.5
30/06/2006	614	626	614	621	771300	621
03/07/2006	626	644.5	625	638.5	550000	638.5
04/07/2006	632.5	644.5	632	633.5	299800	633.5
05/07/2006	630.5	638	617	620	234300	620
06/07/2006	623.5	632	619.5	631	350800	631
07/07/2006	635	637	628	630.5	746500	630.5
10/07/2006	627.5	632.5	622.5	624	1124900	624
11/07/2006	620	630	620	627	754200	627
12/07/2006	633	634	623	627.5	1390300	627.5
13/07/2006	621.5	631.5	621.5	626.5	1015700	626.5
14/07/2006	618.5	631	610	612	235300	612
17/07/2006	611	619.5	611	613.5	222400	613.5
18/07/2006	610.5	620	610.5	615	1079300	615
19/07/2006	620	636	612	636	948600	636
20/07/2006	639	650	634	649	288200	649
21/07/2006	642.5	677.5	642.5	665	1481200	665
24/07/2006	670.5	674	665.5	673	287800	673
25/07/2006	675	675	662	665	217500	665
26/07/2006	672	672	662.5	668	227300	668
27/07/2006	674	677.5	662.5	671.5	399500	671.5
28/07/2006	661.5	673	661.5	672	510300	672
31/07/2006	669	670	660	664	646900	664
01/08/2006	661	671.5	661	664	178100	664
02/08/2006	672.5	698	670	692	722100	692
04/08/2006	680.5	686.5	674	686.5	409200	686.5
07/08/2006	673	685	673	678	305300	678
08/08/2006	673	682	661.5	662	886200	662
09/08/2006	659	669.5	657	664.5	453400	664.5
10/08/2006	655.5	667	655	663.5	403700	663.5
11/08/2006	667	667	658.5	660.5	623200	660.5
14/08/2006	662	665	660.5	664	569300	664
15/08/2006	660	669	660	669	303200	669
16/08/2006	666	675	655.5	674	542500	674
17/08/2006	677	677	665	670	294300	670
18/08/2006	674.5	675	669.5	671	797100	671
21/08/2006	668	670.5	665	667.5	339100	667.5
22/08/2006	674	676	665	674.5	942900	674.5
23/08/2006	666.5	679	666.5	671.5	1193000	671.5
24/08/2006	665.5	671	664.5	667	471000	667
25/08/2006	660	669.5	660	667	512400	667
29/08/2006	667	683	660.5	679.5	1337300	679.5
30/08/2006	675	680	674	678.5	457500	678.5
31/08/2006	675	680.5	674	677	311200	677
01/09/2006	677	681	675	677	477700	677
04/09/2006	685	685	676	677	1982500	677
05/09/2006	675	677	668	670	2031000	670
06/09/2006	668.5	693	668.5	692	1555100	692
07/09/2006	681.5	705	681.5	703	1577400	703
08/09/2006	706	747	706	741	4049300	741
11/09/2006	742.5	754.5	741	752.5	913000	752.5
12/09/2006	757	768	752	762.5	752300	762.5
13/09/2006	767	767.5	755	761	698600	761
14/09/2006	764.5	764.5	757.5	757.5	1516400	757.5
15/09/2006	764	764	741.5	741.5	1818000	741.5
18/09/2006	750	751	736	747.5	780100	747.5
19/09/2006	749	755	746	752	1066600	752
20/09/2006	745	770	743	768	2193200	768
21/09/2006	765	770	757	762.5	1076800	762.5
22/09/2006	760	764	755.5	760	935600	760
25/09/2006	770	770	760	760	769700	760
26/09/2006	770	792.5	767.5	779	1736500	779
27/09/2006	784	784	772	778	1158100	778
28/09/2006	777.5	798.5	777.5	796	1951100	796
29/09/2006	799	832	799	829	10030500	829
02/10/2006	834	859.5	833	856	3182400	856
03/10/2006	850	856.5	843.5	849	1300500	849
04/10/2006	849	854	843	848.5	1939400	848.5
05/10/2006	860	871	847.5	852	1275000	852
06/10/2006	852	858	845	856	716500	856
09/10/2006	845	859.5	845	856	347100	856
11/10/2006	850.5	880	850.5	876	737600	876
12/10/2006	882	924.5	882	907	1192300	907
13/10/2006	909	909	885.5	887.5	1114300	887.5
16/10/2006	895	895	888	892.5	764300	892.5
17/10/2006	890.5	899.5	885.5	891.5	1194400	891.5
18/10/2006	900	905	889.5	900.5	1159100	900.5
19/10/2006	891.5	915	891.5	912	564900	912
20/10/2006	911.5	920	910	919.5	1071800	919.5
23/10/2006	925	925	905.5	920	475700	920
24/10/2006	924.5	924.5	905	920	254400	920
25/10/2006	914	938.5	914	934.5	890000	934.5
26/10/2006	936	943	933	940	1240900	940
27/10/2006	943	943	912.5	915	1076900	915
30/10/2006	910	935	910	928	516700	928
31/10/2006	925	935	925	929.5	632000	929.5
01/11/2006	925	935.5	921	925	1203600	925
02/11/2006	925	935	921	926	613500	926
03/11/2006	930	946	928.5	934.5	819300	934.5
06/11/2006	942	967	942	963	895600	963
07/11/2006	968	978	966	976	1333400	976
08/11/2006	977	983	972	974	668700	974
09/11/2006	970	977	968.5	975.5	478100	975.5
10/11/2006	975	987	975	986	690700	986
13/11/2006	989.5	1010	986.5	1007	1694600	1007
14/11/2006	1012	1012	981	988	2392500	988
15/11/2006	990	990	938	951	2989800	951
16/11/2006	945	951	925.5	935.5	1400300	935.5
17/11/2006	928.5	939.5	922	925	613000	925
20/11/2006	920	929.5	912	922	1723500	922
21/11/2006	929.5	929.5	924	926	976000	926
22/11/2006	930	930	915.5	922	932100	922
23/11/2006	929	929.5	910	915	554000	915
24/11/2006	910.5	919.5	900	905	376000	905
27/11/2006	901	905	880	891	693500	891
28/11/2006	885	900	884	892	1522200	892
29/11/2006	896	919.5	896	910	520000	910
30/11/2006	905.5	918	895	903	1759600	903
01/12/2006	900	914.5	900	908.5	711500	908.5
04/12/2006	904	913.5	903	909	3643100	909
05/12/2006	905	920	905	917.5	1731100	917.5
06/12/2006	922	928.5	913.5	920.5	1220800	920.5
07/12/2006	930	959.5	930	956.5	5037400	956.5
08/12/2006	957	967.5	941	966.5	647500	966.5
11/12/2006	975	996.5	966	993	1493300	993
12/12/2006	985.5	1004	985	999.5	1146700	999.5
13/12/2006	994	996	975	996	1555000	996
14/12/2006	991.5	1012.5	985.5	1012.5	1013100	1012.5
15/12/2006	997	1012.5	997	1002.5	1639300	1002.5
18/12/2006	1011	1038	1003	1030	939900	1030
19/12/2006	1023	1039.5	1020	1032.5	476200	1032.5
20/12/2006	1035	1060.5	1033.5	1058	926500	1058
21/12/2006	1062.5	1085	1056.5	1082.5	1017200	1082.5
22/12/2006	1085	1085	1070	1076	1354900	1076
27/12/2006	1085	1110	1073	1093	892500	1093
28/12/2006	1100	1100	1080	1083.5	245400	1083.5
29/12/2006	1080	1100	1080	1099	59500	1099
02/01/2007	1100	1102	1085	1097.5	431600	1097.5
03/01/2007	1085	1115	1085	1108	892900	1108
04/01/2007	1092	1108.5	1066.5	1079	825700	1079
05/01/2007	1072	1079	1058.5	1058.5	840000	1058.5
08/01/2007	1068	1090	1049.5	1084.5	1544600	1084.5
09/01/2007	1090	1100	1087.5	1088	942900	1088
10/01/2007	1085	1094	1075	1077	779300	1077
11/01/2007	1075	1093	1055	1089.5	1347700	1089.5
12/01/2007	1093	1093	1071	1075	2597800	1075
15/01/2007	1075	1085	1072.5	1076	685400	1076
16/01/2007	1068	1080	1064	1068	461300	1068
17/01/2007	1065	1065.5	1035	1052	720600	1052
18/01/2007	1055	1063.5	1052	1057.5	1296300	1057.5
19/01/2007	1050.5	1059	1045	1055	284600	1055
22/01/2007	1050	1069.5	1048.5	1053.5	8066100	1053.5
23/01/2007	1057	1059.5	1016	1021	1743900	1021
24/01/2007	1030	1039	1024.5	1037.5	669800	1037.5
25/01/2007	1030	1054.5	1030	1051.5	593300	1051.5
26/01/2007	1050	1054	1045	1047	504000	1047
29/01/2007	1045	1054	1036	1040	527200	1040
30/01/2007	1035	1058.5	1034	1037	758700	1037
31/01/2007	1037	1037	1015.5	1020.5	869300	1020.5
01/02/2007	1028.5	1041	1020	1030	911400	1030
02/02/2007	1031.5	1047	1031.5	1042.5	787700	1042.5
05/02/2007	1045	1046.5	1040	1044	639300	1044
06/02/2007	1047	1054.5	1040.5	1042.5	505700	1042.5
07/02/2007	1048	1055	1043.5	1046	255200	1046
08/02/2007	1055	1055	1024	1027.5	961900	1027.5
09/02/2007	1034.5	1045	1032.5	1044	870800	1044
12/02/2007	1044	1050	1027	1028.5	451700	1028.5
13/02/2007	1036	1048	1029	1043.5	2694300	1043.5
14/02/2007	1050	1061.5	1047.5	1056	890000	1056
15/02/2007	1061.5	1066.5	1052.5	1058	834900	1058
16/02/2007	1053.5	1078	1053.5	1078	870400	1078
20/02/2007	1100	1110	1095	1103	763600	1103
21/02/2007	1101.5	1124.5	1091	1096	1201500	1096
22/02/2007	1091	1123	1091	1103	478200	1103
23/02/2007	1112	1112	1087	1092	388300	1092
26/02/2007	1085	1129	1085	1120	856500	1120
27/02/2007	1111	1111.5	1044.5	1052	1859000	1052
28/02/2007	1030	1064	1011.5	1034	1839900	1034
01/03/2007	1040	1063	1005	1015	1401400	1015
02/03/2007	1014.5	1036	1010	1019.5	890000	1019.5
05/03/2007	1005	1005	972.5	1002	956600	1002
06/03/2007	1019	1022.5	993.5	1015	1629600	1015
07/03/2007	1025	1037	1013	1026	1245300	1026
08/03/2007	1037	1084	1036.5	1079.5	1604400	1079.5
09/03/2007	1075	1128	1067.5	1123	1701800	1123
12/03/2007	1136	1165	1121.5	1150	1650300	1150
13/03/2007	1138.5	1150	1108	1110	888400	1110
14/03/2007	1099.5	1099.5	1060	1060.5	1346400	1060.5
15/03/2007	1085	1099.5	1080.5	1098	584500	1098
16/03/2007	1100	1132.5	1095	1124.5	1891000	1124.5
19/03/2007	1130	1165	1130	1160	840700	1160
20/03/2007	1165	1170	1137	1145	1616200	1145
21/03/2007	1140	1155	1128	1151	1080500	1151
22/03/2007	1160	1187	1160	1179	523100	1179
23/03/2007	1170	1180	1157	1165	7623000	1165
26/03/2007	1160	1172	1155	1159	491300	1159
27/03/2007	1155	1169	1152	1152	859600	1152
28/03/2007	1152	1172	1133	1135	885200	1135
29/03/2007	1145	1155	1144	1149	1477100	1149
30/03/2007	1145	1155	1145	1149	841500	1149
02/04/2007	1140	1165	1135	1160	718900	1160
03/04/2007	1163	1193	1151	1192	1511500	1192
04/04/2007	1185	1194	1165	1175	905600	1175
05/04/2007	1180	1189	1160	1185	823700	1185
10/04/2007	1193	1195	1181	1189	508000	1189
11/04/2007	1195	1195	1171	1176	896700	1176
12/04/2007	1170	1175	1150	1160	853100	1160
13/04/2007	1160	1161	1142	1148	1274300	1148
16/04/2007	1155	1185	1150	1184	760200	1184
17/04/2007	1174	1179	1150	1172	519400	1172
18/04/2007	1150	1156	1120	1144	623700	1144
19/04/2007	1135	1135	1113	1117	889400	1117
20/04/2007	1128	1132	1076	1098	1197700	1098
23/04/2007	1090	1105	1081	1088	1009600	1088
24/04/2007	1085	1086	1046	1057	1729100	1057
26/04/2007	1072	1079	1055	1059	2105600	1059
27/04/2007	1052	1058	1016	1030	1792400	1030
30/04/2007	1030	1069	1030	1067	1677700	1067
01/05/2007	1047	1064	1043	1049	1279400	1049
02/05/2007	1042	1055	1022	1032	2490100	1032
03/05/2007	1032	1032	988	996	3510900	996
04/05/2007	1005	1045	1005	1040	2565300	1040
08/05/2007	1033	1041	1002	1012	1032200	1012
09/05/2007	1006	1015	992	1000	2663500	1000
10/05/2007	1010	1010	990	998	1052300	998
11/05/2007	990	1005	990	999	1299600	999
14/05/2007	1005	1009	995	1002	1351400	1002
15/05/2007	1002	1011	996	1005	1642000	1005
16/05/2007	996	1005	991	1001	869800	1001
17/05/2007	1005	1005	991	998	798900	998
18/05/2007	990	1004	981	983	2693000	983
21/05/2007	983	996	975	977	2095300	977
22/05/2007	977	999	973	991	2241800	991
23/05/2007	992	1007	982	997	3890300	997
24/05/2007	990	998	973	978	1597100	978
25/05/2007	984	1011	980	994	4977800	994
29/05/2007	1000	1002	976	985	1405600	985
30/05/2007	975	988	975	982	1233800	982
31/05/2007	990	993	976	977	1375700	977
04/06/2007	975	996	973	988	1389100	988
05/06/2007	999	1009	983	988	1555700	988
06/06/2007	985	985	946	956	1564400	956
07/06/2007	960	965	920	933	1933800	933
08/06/2007	930	930	900	920	2068200	920
11/06/2007	929	943	929	939	2169800	939
12/06/2007	929	943	927	939	2159800	939
13/06/2007	940	948	924	943	848700	943
14/06/2007	950	959	939	950	926000	950
15/06/2007	959	991	959	981	1471400	981
18/06/2007	990	993	976.5	989	2777400	989
19/06/2007	995	995	980.5	981	1375300	981
20/06/2007	991.5	991.5	969.5	970.5	3509200	970.5
21/06/2007	969	969	917.5	925	2931700	925
22/06/2007	923	927.5	909	916	1215000	916
25/06/2007	910	915	897	908.5	2364600	908.5
26/06/2007	907.5	909.5	893.5	898	1933200	898
27/06/2007	890	893	875	875.5	1794800	875.5
28/06/2007	888	899.5	879.5	885	1424600	885
29/06/2007	885	892	878	889	1716300	889
02/07/2007	879.5	889	867.5	871.5	1447400	871.5
03/07/2007	883	909	874	900	2742300	900
04/07/2007	892	950	892	940.5	2738400	940.5
05/07/2007	954	991.5	954	959.5	3534900	959.5
06/07/2007	952	963	922	926	1949600	926
09/07/2007	935	940	922.5	931	1366300	931
10/07/2007	930.5	930.5	892	898	2298600	898
11/07/2007	890.5	898	883	890	2560500	890
12/07/2007	887	892	829	862	6155600	862
13/07/2007	875.5	878	866	869.5	1119700	869.5
16/07/2007	869.5	875	856.5	874	1623600	874
17/07/2007	870	878	861	872.5	2148200	872.5
18/07/2007	862.5	883	860	869.5	2514600	869.5
19/07/2007	877	877	853	855.5	2408500	855.5
20/07/2007	848	860	810	819	3881600	819
23/07/2007	829.5	829.5	797	805.5	3960400	805.5
24/07/2007	796.5	805	783.5	795	3628100	795
25/07/2007	787	794.5	775	787	2572300	787
26/07/2007	799	799	733	748	5812600	748
27/07/2007	741.5	773.5	741	765.5	4725800	765.5
30/07/2007	755	781	755	769.5	3452200	769.5
31/07/2007	772.5	823.5	772.5	820.5	3570300	820.5
01/08/2007	809.5	835	790.5	810	5018100	810
02/08/2007	820	844.5	805.5	835	3258000	835
03/08/2007	838	838.5	823	828	5146200	828
06/08/2007	810	829	805.5	817	1938400	817
07/08/2007	823	852.5	823	852.5	1356600	852.5
08/08/2007	854.5	975	854.5	940	11034500	940
09/08/2007	955	971	918	959.5	7303500	959.5
10/08/2007	940.5	978.5	938.5	947	6137100	947
13/08/2007	950.5	953.5	837	874	5283700	874
15/08/2007	834	853.5	823.5	849	2364800	849
16/08/2007	828	845	813	813	2185400	813
17/08/2007	825	843	795	829.5	3208800	829.5
20/08/2007	827	843.5	821	821	752900	821
21/08/2007	821	834	807.5	818.5	705700	818.5
22/08/2007	825	856.5	825	845	1723700	845
23/08/2007	857.5	893	837	837	1466100	837
24/08/2007	835	843	831	831.5	708800	831.5
28/08/2007	825	833.5	800	801	1499900	801
29/08/2007	800	805	784	801.5	1625400	801.5
30/08/2007	820	828	800	825.5	2076900	825.5
31/08/2007	830	848	815	844	1786200	844
03/09/2007	855	870.5	844.5	860	881600	860
04/09/2007	885	901	865	893	2249100	893
05/09/2007	879.5	906.5	872	879.5	2070600	879.5
06/09/2007	885	885	864.5	878.5	732100	878.5
07/09/2007	880	892.5	863.5	883.5	1487500	883.5
10/09/2007	882.5	898	875	879	1207600	879
11/09/2007	880	895	880	892	865700	892
12/09/2007	887.5	890.5	879.5	884	386300	884
13/09/2007	880	891.5	878	886	2110200	886
14/09/2007	875	880.5	868.5	878	1770200	878
17/09/2007	866.5	883	853.5	877	1624000	877
18/09/2007	875.5	886.5	857.5	862	3970200	862
19/09/2007	877	895	855	879	2196500	879
20/09/2007	870	870	851.5	864	981200	864
21/09/2007	850	885	845	867.5	1746500	867.5
24/09/2007	865	869	854.5	865	1088200	865
25/09/2007	852	865	851	860.5	839700	860.5
26/09/2007	865	871.5	846	861	847600	861
27/09/2007	866	901	866	887	1536300	887
28/09/2007	880	903	870.5	900	1227700	900
01/10/2007	886.5	930	886.5	912.5	658000	912.5
02/10/2007	933	940.5	927.5	933.5	2063100	933.5
03/10/2007	933.5	966.5	930.5	966	1188800	966
04/10/2007	967	976	955	966	1136300	966
05/10/2007	973	975	956	966	1045800	966
08/10/2007	960	984	960	975.5	467100	975.5
09/10/2007	967.5	983	963	967	1398000	967
10/10/2007	978	980	965	978	1346500	978
11/10/2007	973	988	965	981.5	754900	981.5
12/10/2007	975	984.5	970	982	573400	982
15/10/2007	977	977	937	938.5	1347200	938.5
16/10/2007	938	940.5	920	922.5	720200	922.5
17/10/2007	922	977.5	922	968	2183000	968
18/10/2007	960	967.5	955.5	962	4585400	962
19/10/2007	956	970	940	940	1155600	940
22/10/2007	920	956	920	954.5	1725000	954.5
23/10/2007	958.5	975	956	960	2253100	960
24/10/2007	956.5	972.5	951	959.5	1291600	959.5
25/10/2007	962.5	975.5	960.5	974	1271900	974
26/10/2007	980	1002	967	998	2369500	998
29/10/2007	1011	1042	1006	1013	1109700	1013
30/10/2007	1005	1020	1005	1008	935000	1008
31/10/2007	1013	1031	1010	1031	1431400	1031
01/11/2007	1040	1058	1010	1012	1113000	1012
02/11/2007	996.5	1020	996.5	1005	677100	1005
05/11/2007	995	1001	963.5	973	660200	973
06/11/2007	983	990	965	970.5	586100	970.5
07/11/2007	980	980	939	939	861600	939
08/11/2007	934	984	915.5	968	1440600	968
09/11/2007	980	980	930.5	940.5	834400	940.5
12/11/2007	930.5	960.5	930.5	956.5	1452200	956.5
13/11/2007	946	962.5	934	956.5	2246500	956.5
14/11/2007	974	989	966	987	816100	987
15/11/2007	985	988	975	985.5	923400	985.5
16/11/2007	980	985	975	980	778600	980
19/11/2007	977	998.5	948	949.5	1248700	949.5
20/11/2007	963.5	969	938	969	1047200	969
21/11/2007	952	952.5	925.5	931.5	1002300	931.5
22/11/2007	941	941	911	925	623700	925
23/11/2007	927	968.5	927	956	1688600	956
26/11/2007	969	986.5	957	965	789400	965
27/11/2007	961	974	941.5	956.5	762800	956.5
28/11/2007	960	1032	960	1009	1012200	1009
29/11/2007	1005	1038	1005	1026	754900	1026
30/11/2007	1033	1042	1015	1041	660300	1041
03/12/2007	1040	1052	993	998.5	684700	998.5
04/12/2007	1005	1005	972.5	989	714600	989
05/12/2007	999	1027	985	1007	1433800	1007
06/12/2007	1010	1022	995.5	1000	1031200	1000
07/12/2007	1014	1049	1002	1037	1066300	1037
10/12/2007	1027	1103	1027	1086	1232200	1086
11/12/2007	1094	1116	1080	1093	1052400	1093
12/12/2007	1071	1130	1055	1100	2570400	1100
13/12/2007	1095	1102	1061	1069	1446900	1069
14/12/2007	1083	1083	1044	1067	968900	1067
17/12/2007	1063	1068	1016	1019	1175500	1019
18/12/2007	1015	1059	1015	1041	1580500	1041
19/12/2007	1040	1058	1026	1047	758900	1047
20/12/2007	1050	1091	1045	1090	1036800	1090
21/12/2007	1096	1132	1083	1132	7256400	1132
24/12/2007	1120	1130	1095	1095	1017600	1095
27/12/2007	1112	1119	1102	1116	644900	1116
28/12/2007	1106	1115	1100	1109	514100	1109
31/12/2007	1111	1120	1091	1100	167300	1100
02/01/2008	1090	1110	1081	1095	548600	1095
03/01/2008	1095	1107	1059	1100	1121700	1100
04/01/2008	1097	1105	1056	1068	1553100	1068
07/01/2008	1053	1075	1043	1057	863800	1057
08/01/2008	1065	1084	1054	1066	552400	1066
09/01/2008	1050	1070	1002	1002	2142200	1002
10/01/2008	1018	1035	966	997	2094800	997
11/01/2008	1016	1023	986.5	991	1999900	991
14/01/2008	982	989.5	965.5	980	1636200	980
15/01/2008	984.5	1000	975	978	1935100	978
16/01/2008	975.5	975.5	940	948	2029500	948
17/01/2008	962.5	986.5	955	965.5	1255200	965.5
18/01/2008	969	969	938.5	953.5	2330400	953.5
21/01/2008	940	950	908.5	943	1568900	943
22/01/2008	913	984.5	885	965	2993000	965
23/01/2008	975	993.5	939.5	958	2330200	958
24/01/2008	984.5	1009	970.5	1005	1230800	1005
25/01/2008	1014	1018	980.5	988.5	1116100	988.5
28/01/2008	966	986	953.5	970	1335800	970
29/01/2008	975	985.5	965	983	834500	983
30/01/2008	983	993	965	975	1306800	975
31/01/2008	960	983	929.5	980	1090800	980
01/02/2008	992.5	1026	978	999	1682600	999
04/02/2008	1004	1018	994	1013	732200	1013
05/02/2008	1005	1005	971.5	978	845900	978
06/02/2008	975	996	974	992	652900	992
07/02/2008	985	991	964	983.5	1335000	983.5
08/02/2008	997.5	1000	957.5	966.5	1060300	966.5
11/02/2008	954	966.5	927.5	934.5	992300	934.5
12/02/2008	945	945	885	924	2522300	924
13/02/2008	924	947.5	910.5	933	843300	933
14/02/2008	938	944.5	925	935.5	1337200	935.5
15/02/2008	939	975	926.5	948	1773200	948
18/02/2008	959	988.5	957	986	865400	986
19/02/2008	975.5	1022	970	1000	943900	1000
20/02/2008	985	1006	982.5	999.5	750200	999.5
21/02/2008	995.5	1039	993	1013	971400	1013
22/02/2008	1007	1037	1007	1022	787300	1022
25/02/2008	1036	1048	1018	1029	584800	1029
26/02/2008	1036	1055	1029	1048	984500	1048
27/02/2008	1052	1107	1035	1090	1851200	1090
28/02/2008	1079	1090	1042	1045	1059900	1045
29/02/2008	1035	1044	999	1015	1456000	1015
03/03/2008	996	1006	985.5	1002	1330800	1002
04/03/2008	1000	1012	812	845	5945200	845
05/03/2008	856.5	878.5	845	857	2798700	857
06/03/2008	855	873	847	871.5	1646000	871.5
07/03/2008	868	873.5	852	859.5	1793100	859.5
10/03/2008	854.5	865.5	836	838.5	1443500	838.5
11/03/2008	846	856	832.5	838	2975900	838
12/03/2008	855	861	841	852	2425100	852
13/03/2008	832.5	846.5	810	816.5	1700500	816.5
14/03/2008	822	838.5	809	820	1019100	820
18/03/2008	797.5	808	786.5	805.5	1317400	805.5
19/03/2008	808.5	825	790	800.5	1317400	800.5
20/03/2008	789	807	781.5	781.5	2488300	781.5
25/03/2008	797	820.5	783	797.5	2091500	797.5
26/03/2008	797.5	815	781.5	810	1234300	810
27/03/2008	807	842.5	807	825.5	1593900	825.5
28/03/2008	831	832.5	816.5	818	727400	818
31/03/2008	810	813	794	803	1551100	803
01/04/2008	785	814.5	781	805	2083500	805
02/04/2008	804.5	809.5	796	802.5	1444000	802.5
03/04/2008	805	805	784	791	772400	791
04/04/2008	794	803	785	799	1267700	799
07/04/2008	800	810	794.5	800	991800	800
08/04/2008	801	801	786	796	855900	796
09/04/2008	765	779	756	759.5	1950700	759.5
10/04/2008	755	770	745	751	2420800	751
11/04/2008	759.5	763	728	733.5	1715900	733.5
14/04/2008	731	741	725	729	1487300	729
15/04/2008	735	739.5	727	732.5	1260900	732.5
16/04/2008	736.5	739.5	729	732.5	942400	732.5
17/04/2008	732	736.5	731.5	734.5	2558800	734.5
18/04/2008	735	754	726.5	747.5	4498300	747.5
21/04/2008	746	792	740.5	781	2927600	781
22/04/2008	772	798	772	790	1975900	790
23/04/2008	791	801	781	791	1944100	791
24/04/2008	785	812.5	785	810	2074400	810
25/04/2008	810	827.5	801	814.5	1575000	814.5
28/04/2008	814.5	823.5	808	814	1132300	814
29/04/2008	811.5	824.5	800	820.5	1496700	820.5
30/04/2008	845	879	830	871	2597400	871
01/05/2008	868	868	855	859.5	586900	859.5
02/05/2008	869	910.5	868.5	906	1397900	906
06/05/2008	888.5	909	869	883.5	1261600	883.5
07/05/2008	889	892	881	886.5	740700	886.5
08/05/2008	876.5	881	862	871.5	1894400	871.5
09/05/2008	871.5	871.5	858.5	860.5	1626800	860.5
12/05/2008	860.5	867	851	856.5	970400	856.5
13/05/2008	862	864.5	847.5	856	938000	856
14/05/2008	863.5	867	846.5	857.5	1076200	857.5
15/05/2008	856	893.5	856	887.5	1116400	887.5
16/05/2008	899.5	910	887.5	900.5	1617600	900.5
19/05/2008	899	902	892	900	1021900	900
20/05/2008	900	900	864	871.5	1492600	871.5
21/05/2008	872.5	880.5	850	853	812400	853
22/05/2008	852	870.5	850	863.5	729700	863.5
23/05/2008	865.5	884	860.5	873	712500	873
27/05/2008	880.5	880.5	847.5	849.5	1039600	849.5
28/05/2008	856.5	896.5	850	884.5	926600	884.5
29/05/2008	887	892.5	864	868	1031600	868
30/05/2008	875	892	870.5	872	1317200	872
02/06/2008	870	870	842	852	1692600	852
03/06/2008	850	861.5	838	857.5	947200	857.5
04/06/2008	852	856.5	837	854.5	953500	854.5
05/06/2008	860	870.5	852	867	674400	867
06/06/2008	876.5	896	851	854.5	921800	854.5
10/06/2008	845	856.5	836.5	850	949700	850
11/06/2008	857	864	827	832.5	1719500	832.5
12/06/2008	835.5	851.5	830.5	848.5	659100	848.5
13/06/2008	850	852	828	850	812100	850
16/06/2008	846.5	852.5	831.5	837.5	1057500	837.5
17/06/2008	844.5	864	844.5	851.5	895200	851.5
18/06/2008	851	851	830	832	1415800	832
19/06/2008	832	833	822	822.5	930200	822.5
20/06/2008	822	834.5	804	807	1122700	807
23/06/2008	802	818.5	802	814.5	1125000	814.5
24/06/2008	818	830.5	798.5	828.5	1254800	828.5
25/06/2008	832	851.5	831.5	849.5	838200	849.5
26/06/2008	838.5	841	812.5	812.5	655800	812.5
27/06/2008	812	827	795.5	816	917400	816
30/06/2008	817	825.5	795	798.5	1518200	798.5
01/07/2008	795	798	753.5	759.5	2187800	759.5
02/07/2008	762	798	755	759	1378400	759
03/07/2008	746	776	736	769	1628800	769
04/07/2008	775	775	749	750	511600	750
07/07/2008	760	762	740	758	1181700	758
08/07/2008	741	754.5	734.5	742	1647100	742
09/07/2008	747.5	779	738	772.5	1517900	772.5
10/07/2008	764.5	764.5	738	742	1354600	742
11/07/2008	743	754.5	719	719	782900	719
14/07/2008	725	735.5	716.5	721	785400	721
15/07/2008	716.5	716.5	690.5	706.5	877100	706.5
16/07/2008	717	793.5	717	783	2344600	783
17/07/2008	804	815	784	794.5	1717900	794.5
18/07/2008	789	873.5	775	853	2348500	853
21/07/2008	848	879.5	831.5	863.5	996300	863.5
22/07/2008	860	860	828.5	850	1186600	850
23/07/2008	868.5	887	860	883.5	1761300	883.5
24/07/2008	883.5	888	849	852.5	1322600	852.5
25/07/2008	845	858	819.5	855.5	1429800	855.5
28/07/2008	857	857	834	836	945300	836
29/07/2008	828	843.5	817.5	825	706300	825
30/07/2008	859	948	858	914	4222100	914
31/07/2008	935	938	912.5	925.5	1970300	925.5
01/08/2008	927	930	908.5	911.5	1309100	911.5
04/08/2008	911.5	924	902.5	911	1210500	911
05/08/2008	936.5	968.5	917	942.5	2356500	942.5
06/08/2008	957.5	965	933.5	943	1996400	943
07/08/2008	943.5	952	928.5	948.5	3183700	948.5
08/08/2008	947	963.5	939	963.5	629000	963.5
11/08/2008	950	961	946	959	1428900	959
12/08/2008	952	976.5	947.5	955.5	1096800	955.5
13/08/2008	952	953	927	930	1525200	930
14/08/2008	931.5	946.5	911	927	1232900	927
15/08/2008	935.5	947	929.5	937.5	909000	937.5
18/08/2008	940.5	959	935.5	945	554800	945
19/08/2008	939.5	939.5	900	900.5	691000	900.5
20/08/2008	909.5	918	892	905.5	709500	905.5
21/08/2008	899	923	899	909	957300	909
22/08/2008	910.5	949	910	949	886900	949
26/08/2008	946	965	942	959.5	1303400	959.5
27/08/2008	939	942.5	911	931	876100	931
28/08/2008	927	974	927	963	939900	963
29/08/2008	968.5	974.5	951	971.5	930300	971.5
01/09/2008	960	974.5	952	972.5	477000	972.5
02/09/2008	969.5	988.5	959.5	981.5	874000	981.5
03/09/2008	977	983	946	952.5	865800	952.5
04/09/2008	958	960	906.5	908	545100	908
05/09/2008	903.5	903.5	873	880	1202300	880
08/09/2008	915.5	951.5	915.5	941.5	363400	941.5
09/09/2008	946.5	973.5	938.5	954	1517200	954
10/09/2008	956.5	956.5	907	915.5	1768100	915.5
11/09/2008	909.5	918.5	888	908	752500	908
12/09/2008	925.5	928	904	920	851800	920
15/09/2008	910.5	910.5	864	880	966700	880
16/09/2008	864.5	874	779	857.5	2797100	857.5
17/09/2008	868	901	832.5	859.5	1377300	859.5
18/09/2008	860	899.5	850	885	2201300	885
19/09/2008	920	1054	920	995	2077400	995
22/09/2008	1006	1009	979	994.5	507100	994.5
23/09/2008	975	987.5	911	966.5	718300	966.5
24/09/2008	944.5	970	943	957	525500	957
25/09/2008	975	1016	958	1010	823300	1010
26/09/2008	1000	1003	965	1003	323200	1003
29/09/2008	986.5	1015	980	982.5	301700	982.5
30/09/2008	970	1035	940	1015	649800	1015
01/10/2008	1045	1045	980	999	503400	999
02/10/2008	975	1013	910	935	1020800	935
03/10/2008	960	960	923	946	481700	946
06/10/2008	940	940	894.5	894.5	171200	894.5
07/10/2008	915	965.5	910.5	930	199400	930
08/10/2008	935	935	883	890	843300	890
09/10/2008	900	936.5	859.5	900	649700	900
10/10/2008	859	901	760	880.5	582000	880.5
13/10/2008	940	940	875	885.5	1640900	885.5
14/10/2008	930	930	885	909.5	573200	909.5
15/10/2008	900	905	860.5	875	500300	875
16/10/2008	852	852	811	835	1049900	835
17/10/2008	825	915.5	825	912	638600	912
20/10/2008	925	930	855	890	328300	890
21/10/2008	895	939	872	883	263700	883
22/10/2008	864.5	885	815.5	815.5	633200	815.5
23/10/2008	820	850.5	768	800	756200	800
24/10/2008	780	808	740	790	483600	790
27/10/2008	772.5	821	772.5	793	305900	793
28/10/2008	823.5	939.5	800.5	868.5	363700	868.5
29/10/2008	895	1090	848.5	1090	258700	1090
30/10/2008	997.5	998	892	900	766300	900
31/10/2008	877	920	877	912.5	613800	912.5
03/11/2008	939.5	965	920	955	403300	955
04/11/2008	950	1013	950	997	834500	997
05/11/2008	1000	1005	970	990	461200	990
06/11/2008	995	1007	960	994	703800	994
07/11/2008	1000	1004	962	980	769300	980
10/11/2008	1025	1025	977	988	616100	988
11/11/2008	978	1000	959	970	491400	970
12/11/2008	1001	1045	980	995	1810800	995
13/11/2008	962	1000	958	1000	856600	1000
14/11/2008	1005	1034	993.5	1010	645800	1010
17/11/2008	978.5	1024	978.5	1010	948000	1010
18/11/2008	992.5	1064	990.5	1045	869900	1045
19/11/2008	1095	1095	1013	1017	681200	1017
20/11/2008	986	1012	986	997	1159800	997
21/11/2008	1000	1019	987	995	1126400	995
24/11/2008	1010	1047	969	1040	2040000	1040
25/11/2008	1029	1060	1000	1000	6709400	1000
26/11/2008	1009	1010	967	995	1572100	995
27/11/2008	1009	1009	966	998	321400	998
28/11/2008	1020	1020	962.5	984	548400	984
01/12/2008	1000	1000	915	943.5	418500	943.5
02/12/2008	960	1032	949.5	1032	1270000	1032
03/12/2008	1083	1083	992	1027	546900	1027
04/12/2008	1037	1062	1025	1050	493400	1050
05/12/2008	1030	1030	968	1008	356000	1008
08/12/2008	1072	1107	1022	1038	412600	1038
09/12/2008	1050	1050	983.5	1025	402000	1025
10/12/2008	1053	1053	995.5	1020	434100	1020
11/12/2008	1034	1034	995.5	1004	196600	1004
12/12/2008	997	1033	980.5	1000	639300	1000
15/12/2008	1040	1040	980	1000	291800	1000
16/12/2008	1049	1049	857.5	883	911400	883
17/12/2008	896.5	900	826	855	1355600	855
18/12/2008	850	900	850	900	525900	900
19/12/2008	875	928	875	919	755500	919
22/12/2008	930	930	885.5	900	230900	900
23/12/2008	888.5	920	885	900	127100	900
24/12/2008	920	939.5	878	910	58500	910
29/12/2008	910	910	885	897	133300	897
30/12/2008	900	900	883	890	328700	890
31/12/2008	890	910	883	910	33900	910
02/01/2009	910	915	883	900	76100	900
05/01/2009	915	925	885	900	439200	900
06/01/2009	900	932	900	924.5	477500	924.5
07/01/2009	945	945	907.5	915	536500	915
08/01/2009	897.5	1000	883	1000	374400	1000
09/01/2009	983	998	964	970	242700	970
12/01/2009	978.5	990	967.5	978.5	303800	978.5
13/01/2009	985	985	956	965	466000	965
14/01/2009	960.5	997	916	929	667000	929
15/01/2009	921	934.5	900	915	510100	915
16/01/2009	929	929	897	897	631400	897
19/01/2009	905	911	871.5	873	435500	873
20/01/2009	872.5	938.5	868	908.5	527500	908.5
21/01/2009	900.5	934.5	895.5	917.5	539700	917.5
22/01/2009	925	968	905	916.5	438000	916.5
23/01/2009	916.5	916.5	882.5	891.5	739600	891.5
26/01/2009	894.5	929.5	889	915	557800	915
27/01/2009	924	924	892	910.5	674700	910.5
28/01/2009	917.5	938	915	934	443400	934
29/01/2009	933.5	933.5	901.5	913	643600	913
30/01/2009	916.5	930	877.5	899	1404400	899
02/02/2009	898	898	864	871	695800	871
03/02/2009	873	876.5	851.5	865	512500	865
04/02/2009	879.5	889	866	883	502100	883
05/02/2009	865	917.5	865	903.5	905100	903.5
06/02/2009	895	915	891.5	914	486700	914
09/02/2009	907	923.5	889	917.5	249800	917.5
10/02/2009	894	914.5	894	900	492800	900
11/02/2009	889	913.5	883.5	899.5	770800	899.5
12/02/2009	895.5	917	878	881.5	622300	881.5
13/02/2009	916.5	947	883.5	905	1222600	905
16/02/2009	900.5	905.5	871	873.5	342000	873.5
17/02/2009	876.5	876.5	824.5	840	912800	840
18/02/2009	854	885.5	816.5	874.5	1075300	874.5
19/02/2009	881.5	881.5	832	840	518700	840
20/02/2009	831	848.5	805.5	809	1104300	809
23/02/2009	828	852	822.5	835	580000	835
24/02/2009	849	850.5	793.5	820	498100	820
25/02/2009	830	848.5	813	815	558600	815
26/02/2009	823.5	879	819	855.5	864900	855.5
27/02/2009	838.5	868.5	831.5	855	809200	855
02/03/2009	855	883	830	875	874100	875
03/03/2009	880.5	910	880.5	895	2064900	895
04/03/2009	893.5	930	881	904.5	1750700	904.5
05/03/2009	889	891.5	839.5	839.5	1025800	839.5
06/03/2009	864	870	840	850	886300	850
09/03/2009	859	883.5	840	873	847400	873
10/03/2009	871	908.5	846.5	906	927700	906
11/03/2009	898	930	885.5	891.5	828800	891.5
12/03/2009	920	935.5	890.5	916.5	1102400	916.5
13/03/2009	949.5	949.5	885	887.5	731300	887.5
16/03/2009	905.5	916	866	870	522300	870
17/03/2009	876	881.5	862	880	448400	880
18/03/2009	901.5	906.5	845.5	859	500400	859
19/03/2009	853.5	889.5	843	850	1164900	850
20/03/2009	840	869.5	840	854.5	826000	854.5
23/03/2009	879.5	892.5	857.5	883	394300	883
24/03/2009	910.5	928	882	894	537700	894
25/03/2009	891	897.5	870	877.5	380300	877.5
26/03/2009	883.5	902.5	872.5	883	489700	883
27/03/2009	880.5	886.5	837.5	855.5	833700	855.5
30/03/2009	838	857	825	832	487300	832
31/03/2009	840.5	869.5	840.5	853.5	858200	853.5
01/04/2009	847	884	836.5	874.5	895900	874.5
02/04/2009	894	907.5	877.5	890	789500	890
03/04/2009	895	908	883	889.5	461600	889.5
06/04/2009	907	907	885.5	887.5	731900	887.5
07/04/2009	890.5	899.5	875	885.5	544100	885.5
08/04/2009	875	904.5	875	888	961800	888
09/04/2009	901.5	901.5	870	893	494800	893
14/04/2009	896	906	857.5	874.5	678800	874.5
15/04/2009	870	874.5	848	856.5	834800	856.5
16/04/2009	860	895	847	892	899200	892
17/04/2009	892	921	892	917	1157600	917
20/04/2009	913	920	886.5	895	188600	895
21/04/2009	894.5	925.5	883.5	919.5	305700	919.5
22/04/2009	930	955	917.5	938	114200	938
23/04/2009	931.5	964.5	928	941	103700	941
24/04/2009	946	946	925	943.5	81700	943.5
27/04/2009	936.5	946.5	924.5	930	175300	930
28/04/2009	914	945	907	935	56400	935
29/04/2009	935	955.5	935	950	129100	950
30/04/2009	930	954.5	910	911	12922600	911
01/05/2009	915	930	906	915	67000	915
05/05/2009	922	922	885	907	184000	907
06/05/2009	886.5	901	880.5	884.5	97800	884.5
07/05/2009	884	884	861	862	196000	862
08/05/2009	874.5	886.5	852.5	853.5	171700	853.5
11/05/2009	859.5	878.5	853	870.5	315800	870.5
12/05/2009	866	883.5	859.5	870	126500	870
13/05/2009	879	898.5	835.5	851.5	101900	851.5
14/05/2009	857	887	850	885	163100	885
15/05/2009	889.5	912.5	884	892	96700	892
18/05/2009	880.5	903.5	880.5	902	126400	902
19/05/2009	910	912.5	881.5	905	158100	905
20/05/2009	907	912.5	896.5	902.5	76100	902.5
21/05/2009	896	903	874	894.5	73900	894.5
22/05/2009	888.5	893	882.5	888.5	70400	888.5
26/05/2009	892.5	895	870.5	881.5	216900	881.5
27/05/2009	885.5	889	873.5	876	54700	876
28/05/2009	864	875	856	869	83200	869
29/05/2009	875	881	855	858.5	183000	858.5
01/06/2009	865	882.5	860.5	879.5	187600	879.5
02/06/2009	870	884.5	865	867.5	261700	867.5
03/06/2009	873	880.5	859.5	869.5	112100	869.5
04/06/2009	869	872.5	853	869.5	124400	869.5
05/06/2009	868	873.5	858.5	861	48600	861
08/06/2009	861.5	868.5	852.5	862.5	97600	862.5
09/06/2009	857	866.5	856	860	124400	860
10/06/2009	863.5	868	853.5	857.5	54500	857.5
11/06/2009	853	865.5	845	855	301900	855
12/06/2009	859.5	859.5	842	843.5	178400	843.5
15/06/2009	847	853.5	833.5	850	337100	850
16/06/2009	850.5	877.5	849.5	868	307600	868
17/06/2009	862.5	869.5	848	853.5	98700	853.5
18/06/2009	854.5	864.5	844	857	225700	857
19/06/2009	859	873	850	870	621700	870
22/06/2009	865.5	878.5	860	870	105200	870
23/06/2009	865.5	872	855	869	103000	869
24/06/2009	868.5	871.5	850.5	855	342700	855
25/06/2009	858.5	860	851.5	855	96500	855
26/06/2009	860.5	866	852	856	174300	856
29/06/2009	870	898.5	870	883.5	139200	883.5
30/06/2009	886	893.5	862.5	870	379800	870
01/07/2009	871	884.5	869.5	876.5	138500	876.5
02/07/2009	869.5	883.5	861	877.5	378000	877.5
03/07/2009	884	895	870.5	891	75600	891
06/07/2009	891	891	877	880	303700	880
07/07/2009	888.5	897	880	884.5	155800	884.5
08/07/2009	880	888	863.5	865	291900	865
09/07/2009	900	904	886	887.5	193000	887.5
10/07/2009	883.5	888.5	877.5	881.7	106400	881.7
13/07/2009	875.5	901	870.5	892.5	106800	892.5
14/07/2009	899.5	904.5	885.5	901	106700	901
15/07/2009	901	913.5	899	911.5	157600	911.5
16/07/2009	914	918	898	907	227900	907
17/07/2009	911.5	911.5	900.5	904.5	89400	904.5
20/07/2009	910.5	922	908	916	98500	916
21/07/2009	920	933.5	908	931	120700	931
22/07/2009	932.5	936.5	924	934	122500	934
23/07/2009	930.5	956	924.5	950.5	156500	950.5
24/07/2009	946	954.5	929.5	940	82800	940
27/07/2009	948	949	921	930.5	60300	930.5
28/07/2009	933.5	942	930.5	936.5	64900	936.5
29/07/2009	939	958	938	952.5	179900	952.5
30/07/2009	956	986	953.5	984	136200	984
31/07/2009	975	983.5	952.5	956.5	109100	956.5
03/08/2009	952.5	965.5	952	956.5	90700	956.5
04/08/2009	957	962	947.5	960	65500	960
05/08/2009	954	970.5	949.5	964	71800	964
06/08/2009	959.5	987.5	955.5	986	71100	986
07/08/2009	978	998	973	995.5	222200	995.5
10/08/2009	995	1013	982.5	1011	100900	1011
11/08/2009	998.5	1011	965.5	1006	113700	1006
12/08/2009	1004	1022	997	1015	73600	1015
13/08/2009	1016	1021	998	1010	71900	1010
14/08/2009	1007	1014	991	1013	184100	1013
17/08/2009	1008	1013	991	1006	153500	1006
18/08/2009	1005	1013	995	1009	177200	1009
19/08/2009	1001	1029	1000	1029	97000	1029
20/08/2009	1042	1060	1036	1050	163400	1050
21/08/2009	1055	1090	1053	1079	101100	1079
24/08/2009	1074	1084	1066	1071.79	381700	1071.79
25/08/2009	1075	1075	1025	1044	770600	1044
26/08/2009	1035	1079	1034	1070	492200	1070
27/08/2009	1064	1077	1061	1070	307200	1070
28/08/2009	1070	1075	1056	1069	325900	1069
01/09/2009	1080	1094	1050	1052	518100	1052
02/09/2009	1051	1058	1035	1051	452200	1051
03/09/2009	1052	1052	1038	1042	501200	1042
04/09/2009	1044	1063	1042	1059	518300	1059
07/09/2009	1073	1073	1052	1065	213900	1065
08/09/2009	1064	1082	1051	1070	465600	1070
09/09/2009	1068	1098	1066	1095	356300	1095
10/09/2009	1090	1120	1090	1112.84	594800	1112.84
11/09/2009	1117	1135	1117	1129	484300	1129
14/09/2009	1133	1144	1113	1124	306600	1124
15/09/2009	1121	1132	1117	1128	753400	1128
16/09/2009	1129	1170	1129	1167	389400	1167
17/09/2009	1174	1188	1148	1170	1059500	1170
18/09/2009	1162	1171	1144	1155	1541100	1155
21/09/2009	1157	1165	1145	1157	370600	1157
22/09/2009	1157	1174	1156	1164	450200	1164
23/09/2009	1167	1184	1159	1177	469600	1177
24/09/2009	1174	1175	1145	1150	616700	1150
25/09/2009	1155	1165	1141	1146	378000	1146
28/09/2009	1150	1150	1128	1147	516000	1147
29/09/2009	1151	1163	1136	1153	461600	1153
30/09/2009	1159	1162	1135	1157	631100	1157
01/10/2009	1140	1155	1136	1143	531400	1143
02/10/2009	1140	1148	1124	1127	581200	1127
05/10/2009	1132	1150	1126	1147	574100	1147
06/10/2009	1150	1160	1148	1155	691400	1155
07/10/2009	1125	1127	1107	1121	519000	1121
08/10/2009	1122	1122	1100	1105	592900	1105
09/10/2009	1101	1108	1085	1090	365000	1090
12/10/2009	1086	1101	1085	1095	487900	1095
13/10/2009	1093	1093	1060	1069	710900	1069
14/10/2009	1075	1091	1068	1086	930300	1086
15/10/2009	1095	1098	1078	1093	1067200	1093
16/10/2009	1093	1099	1053	1063	740600	1063
19/10/2009	1061	1070	1055	1061	444500	1061
20/10/2009	1060	1066	1042	1059	510200	1059
21/10/2009	1064	1099	1064	1095	1050800	1095
22/10/2009	1088	1091	1077	1084	434700	1084
23/10/2009	1095	1101	1085	1087	276100	1087
26/10/2009	1092	1098	1071	1078	451600	1078
27/10/2009	1083	1087	1064	1069	333800	1069
28/10/2009	1072	1076	1058	1070	615300	1070
29/10/2009	1070	1077	1056	1072	443100	1072
30/10/2009	1067	1077	1016	1027	575600	1027
02/11/2009	1024	1054	1006	1048	450100	1048
03/11/2009	1043	1043	1022	1034	332600	1034
04/11/2009	1044	1054	1043	1048	414700	1048
05/11/2009	1042	1062	1017	1059	440700	1059
06/11/2009	1062	1064	1033	1035	662800	1035
09/11/2009	1041	1050	1035	1045	708300	1045
10/11/2009	1046	1055	1036	1036	217100	1036
11/11/2009	1041	1051	1037	1045	311100	1045
12/11/2009	1047	1057	1031	1032	403500	1032
13/11/2009	1029	1042	1024	1034	221700	1034
16/11/2009	1040	1043	1029	1030	276000	1030
17/11/2009	1025	1033	1023	1025	243100	1025
18/11/2009	1025	1030	1015	1015	434400	1015
19/11/2009	1017	1021	1006	1006	385900	1006
20/11/2009	1015	1015	1004	1008	538300	1008
23/11/2009	1008	1015	1003	1010	256500	1010
24/11/2009	1006	1033	1006	1024	524400	1024
25/11/2009	1028	1061	1028	1056	819400	1056
26/11/2009	1052	1064	1043	1060	700000	1060
27/11/2009	1043	1068	1042	1064	454700	1064
30/11/2009	1061	1069	1045	1061	438000	1061
01/12/2009	1069	1077	1056	1064	345500	1064
02/12/2009	1067	1070	1055	1062.51	320400	1062.51
03/12/2009	1080	1080	1060	1073	322300	1073
04/12/2009	1067	1093	1065	1076	489900	1076
07/12/2009	1074	1086	1070	1084	231500	1084
08/12/2009	1090	1101	1081	1090	430300	1090
09/12/2009	1084	1095	1075	1088	1268400	1088
11/12/2009	1123	1124	1097	1107	574500	1107
14/12/2009	1123	1123	1092	1110	606500	1110
15/12/2009	1112	1121	1104	1110	317200	1110
16/12/2009	1113	1128	1110	1127	375700	1127
17/12/2009	1123	1144	1123	1127	383300	1127
18/12/2009	1122	1138	1110	1113	728700	1113
21/12/2009	1116	1150	1116	1146	316100	1146
22/12/2009	1158	1166	1153	1161	334400	1161
23/12/2009	1166	1170	1148	1152	231200	1152
24/12/2009	1147	1161	1147	1155	24000	1155
29/12/2009	1157	1172	1157	1172	205600	1172
30/12/2009	1170	1185	1170	1175	188500	1175
31/12/2009	1183	1189	1180	1189	59200	1189
