Date	Open	High	Low	Close	Volume	Adj Close
03/01/2006	713	713	703	708	12499800	572.58
04/01/2006	713	729	713	726	22977900	587.14
05/01/2006	729.5	731	724	725.5	8474200	586.73
06/01/2006	729	733.5	724	733.5	7915900	593.2
09/01/2006	732.5	733	716.5	723.5	8780300	585.12
10/01/2006	725.5	728.5	712	715	11528200	578.24
11/01/2006	715	722.5	708	721	12758300	583.09
12/01/2006	722	735	722	732	15666500	591.99
13/01/2006	732	733	723.5	726.5	6368400	587.54
16/01/2006	730.5	735.5	723	733	4275900	592.8
17/01/2006	730	730	716	719	10009300	581.48
18/01/2006	713.5	716	704.5	714	8047700	577.43
19/01/2006	719.5	725	717	720	11037900	582.28
20/01/2006	718.5	721.5	708.5	710	9823500	574.2
23/01/2006	705.5	708	701	707.5	3930000	572.18
24/01/2006	705	707	698	702	10117600	567.73
25/01/2006	708	709	698.5	706	8369400	570.96
26/01/2006	709.5	721.5	707	719	13524300	581.48
27/01/2006	721.5	733	720.5	733	11020900	592.8
30/01/2006	735	735	724.5	725	6989900	586.33
31/01/2006	725	729.5	719.5	720.5	8952000	582.69
01/02/2006	719.5	732.5	716.5	727	6495700	587.95
02/02/2006	732	732	715.5	718	7171800	580.67
03/02/2006	722.5	726	714	723	7648000	584.71
06/02/2006	727	730	720.5	727.5	9196600	588.35
07/02/2006	727.5	747	726.5	734	17725100	593.61
08/02/2006	731.5	736.5	721	733	11039200	592.8
09/02/2006	734.5	741.5	727	734	10673700	593.61
10/02/2006	734	747	730.5	739	8918800	597.65
13/02/2006	743.5	754	735	751.5	10413800	607.76
14/02/2006	754	767.5	742.5	747	13963000	604.12
15/02/2006	749.5	753.5	718	750	11505200	606.55
16/02/2006	752.5	761.5	750	760	7367300	614.63
17/02/2006	757.5	764.5	754	757.5	6980300	612.61
20/02/2006	755.5	755.5	744	752	5199900	608.16
21/02/2006	756	763.5	753.5	760	6340900	614.63
22/02/2006	760	760	749.5	759	6791500	613.82
23/02/2006	761.5	782	758	771.5	17767100	623.93
24/02/2006	776	785	772	782.5	7858400	632.83
27/02/2006	789	801.5	788	797	10443400	644.56
28/02/2006	797	807.5	787.5	789	16775800	638.09
01/03/2006	786.5	793	785.5	791	11815400	639.7
02/03/2006	820.5	832.5	814.5	820	34216200	663.16
03/03/2006	824	829	799	811	23374300	655.88
06/03/2006	817	840.5	817	830	13609100	671.24
07/03/2006	828	834	813.5	818	19855800	661.54
08/03/2006	805	806.5	786.5	789	11672300	651.99
09/03/2006	796.5	805	786	799.5	12471100	660.66
10/03/2006	799.5	807.5	798	803.5	8423500	663.97
13/03/2006	804	822	801.5	815.5	10446200	673.89
14/03/2006	811.5	819	811	813.5	8608200	672.23
15/03/2006	817.5	828	813.5	824	9588700	680.91
16/03/2006	825.5	829	819	827	13982000	683.39
17/03/2006	827	858	827	850.5	24010500	702.81
20/03/2006	853.5	888.5	835.5	848.5	47761700	701.16
21/03/2006	844	849	827	830	26792400	685.87
22/03/2006	830.5	833	815.5	819.5	18187500	677.19
23/03/2006	822	823	814	822	23983000	679.26
24/03/2006	822.5	842	820	831.5	32463800	687.11
27/03/2006	830	836	825	826	13906800	682.56
28/03/2006	830.5	832	815.5	818.5	22646500	676.36
29/03/2006	814.5	819.5	810	815	8173500	673.47
30/03/2006	816	819.5	806	814	10909200	672.65
31/03/2006	812	812	797.5	799.5	14751300	660.66
03/04/2006	800.5	812	800.5	810	9477700	669.34
04/04/2006	813	817.5	807	814	13872200	672.65
05/04/2006	814	819.5	810	818	8104500	675.95
06/04/2006	818.5	824	810	817	13366800	675.13
07/04/2006	817	819	806.5	807.5	11832700	667.27
10/04/2006	805	812.5	800.5	811.5	6707900	670.58
11/04/2006	809	817	798	801	13220900	661.9
12/04/2006	803	803	796	800	6501300	661.08
13/04/2006	800	806	791	800.5	9536200	661.49
14/04/2006	800.5	800.5	800.5	800.5	0	661.49
17/04/2006	800.5	800.5	800.5	800.5	0	661.49
18/04/2006	803.5	807.5	797	798	6400700	659.42
19/04/2006	804	808	802	806	8965800	666.04
20/04/2006	805.5	806.5	802.5	804	11693300	664.38
21/04/2006	806.5	807	803	804.5	13998300	664.8
24/04/2006	804	805	800.5	801.5	11051700	662.32
25/04/2006	805.5	808	802	803	13790000	663.56
26/04/2006	805	817	803	812.5	11788200	671.41
27/04/2006	822.5	825	796	801.5	14916800	662.32
28/04/2006	802	807.5	795	801	12800100	661.9
01/05/2006	801	801	801	801	0	661.9
02/05/2006	802.5	822	802.5	817	14406700	675.13
03/05/2006	817	821	801	803	12575300	663.56
04/05/2006	805.5	808	791	795	14835500	656.95
05/05/2006	793.5	806	791	804.5	10120400	664.8
08/05/2006	808.5	814	805	810	7463300	669.34
09/05/2006	808	814	801	804.5	11707600	664.8
10/05/2006	806	806	796	802	8833400	662.73
11/05/2006	800.5	809.5	793	795.5	6849300	657.36
12/05/2006	791.5	795	770.5	771.5	9869700	637.53
15/05/2006	769	769.5	740.5	765.5	8729700	632.57
16/05/2006	768	774.5	757.92	767.5	8288800	634.22
17/05/2006	767	775.23	729.8	738	11517100	609.84
18/05/2006	738	746.5	726.23	737.5	15667200	609.43
19/05/2006	735.5	749.5	730.46	742	11769600	613.15
22/05/2006	739	739	716	721.5	10358700	596.21
23/05/2006	721	748	719.5	741.5	11240700	612.74
24/05/2006	735	745	725	727	9238400	600.75
25/05/2006	728.5	747.11	720.61	744	6077300	614.8
26/05/2006	751.5	758.89	745.11	756.5	9564800	625.13
29/05/2006	756.5	756.5	756.5	756.5	0	625.13
30/05/2006	756.5	757.5	725.5	728	8593000	601.58
31/05/2006	727	746	718	742	11537100	613.15
01/06/2006	742	747.61	723.73	735	13304400	607.36
02/06/2006	740	741.64	727.11	732.5	11849500	605.3
05/06/2006	740	746.5	734	736.5	8819400	608.6
06/06/2006	721	738	721	727	9700500	600.75
07/06/2006	727	738.62	723.25	733.5	5659900	606.13
08/06/2006	715	729.5	710	713	13801100	589.19
09/06/2006	720	736.89	713	729.5	10865200	602.82
12/06/2006	728	734.89	713.34	716.5	6567700	592.08
13/06/2006	705.5	709	690.12	699.5	10390300	578.03
14/06/2006	702.5	711.61	695.58	706	11449000	583.4
15/06/2006	714.5	734.1	710.63	730.5	11018700	603.65
16/06/2006	738	744.5	723	724.5	11061600	598.69
19/06/2006	733.5	750.65	729.95	744	9772800	614.8
20/06/2006	738.5	753.75	736	744	10324400	614.8
21/06/2006	748	756.16	739.5	749	6302600	618.93
22/06/2006	760	761.5	742.75	747	12077900	617.28
23/06/2006	743.5	753.12	739	740	5068700	611.5
26/06/2006	742	763	731.1	739	13790400	610.67
27/06/2006	744	744.38	735.88	737.5	7423000	609.43
28/06/2006	734	746.66	731.25	741.5	7546900	612.74
29/06/2006	746	763	745.5	762	11929500	629.68
30/06/2006	770	771	758	765.5	9307200	632.57
03/07/2006	769	776.5	763	769	6171700	635.46
04/07/2006	766.5	774	765	771.5	2805400	637.53
05/07/2006	769	771	746	749.5	10571100	619.35
06/07/2006	750.5	753	737	752.5	13437500	621.83
07/07/2006	739.5	740	718.5	725	29534100	599.1
10/07/2006	728.5	730	720	723	6897600	597.45
11/07/2006	721.5	729	719.5	723.5	6810700	597.86
12/07/2006	725.5	725.5	709.5	713	14006200	589.19
13/07/2006	705	711.5	686.5	690	45900000	570.18
14/07/2006	684	705.5	684	695	29736700	574.31
17/07/2006	695.5	704	681.5	693	14549600	572.66
18/07/2006	690.5	698.5	687	694	10480600	573.48
19/07/2006	698.5	711.5	694.5	711.5	12677700	587.95
20/07/2006	714	722	711	716	15746900	591.66
21/07/2006	715	717	704	711	9519500	587.53
24/07/2006	712	723	709	722.5	10496100	597.04
25/07/2006	727.5	728	718	726	13629300	599.93
26/07/2006	725.5	729.5	722	729	9020800	602.41
27/07/2006	730	734.5	723	727.5	13396600	601.17
28/07/2006	728.5	728.5	707.5	724.5	12687200	598.69
31/07/2006	727	732.5	715	718	7303600	593.32
01/08/2006	721	723	708	712.5	8255500	588.77
02/08/2006	718	727.5	714.5	727	7920000	600.75
03/08/2006	727	727	727	727	0	600.75
04/08/2006	720	727	713.5	726	10109000	599.93
07/08/2006	720	732	718	726	11731400	599.93
08/08/2006	732.5	737	727.5	732	18300100	604.89
09/08/2006	736.5	739.5	715	718	13863600	593.32
10/08/2006	714.5	727	707	724.5	8112700	598.69
11/08/2006	725	732.5	721.5	727	8652500	600.75
14/08/2006	735	735	720	728.5	5794700	601.99
15/08/2006	729	736.5	721.5	734	6851500	606.54
16/08/2006	728.5	733.5	720.5	725.5	7702200	608.48
17/08/2006	730	737	730	734.5	8064700	616.03
18/08/2006	737.5	739	732	732	13349700	613.94
21/08/2006	732.5	736	724	727	6594900	609.74
22/08/2006	728.5	735	724	730.5	9640600	612.68
23/08/2006	733.5	734	725.5	727	9700900	609.74
24/08/2006	730	739	725	736.5	7833900	617.71
25/08/2006	736.5	739	734	736	4030600	617.29
28/08/2006	736	736	736	736	0	617.29
29/08/2006	739.5	743	736.5	739	6739100	619.81
30/08/2006	740.5	747	740	744.5	7726200	624.42
31/08/2006	744.5	745.5	735	738	9296500	618.97
01/09/2006	743	747	738	742	7443900	622.32
04/09/2006	742	747	740	745	7841200	624.84
05/09/2006	746.5	746.5	736.5	740	10620100	620.65
06/09/2006	742	749.5	738	742.5	15545200	622.74
07/09/2006	742	743.5	733	734.5	10490400	616.03
08/09/2006	738	746.5	734.5	742.5	9846800	622.74
11/09/2006	739	750	739	749.5	8327900	628.61
12/09/2006	750.5	764.5	748.5	764.5	17139600	641.19
13/09/2006	765	770	763	769	15123800	644.97
14/09/2006	776	782.5	766	770.5	18623100	646.23
15/09/2006	768	779.5	767	777.5	26715500	652.1
18/09/2006	781.5	781.5	766.5	770	11465200	645.81
19/09/2006	771.5	771.5	762.5	764	10198200	640.77
20/09/2006	762	776.5	760	774	7270100	649.16
21/09/2006	777	781	768	779	10981500	653.36
22/09/2006	772	776	769	772	8505100	647.48
25/09/2006	773.5	780.5	769	774	16173900	649.16
26/09/2006	775	782.5	772	781	9380400	655.03
27/09/2006	783	788.5	772	777.5	18738600	652.1
28/09/2006	775.5	777.5	771	772	9937900	647.48
29/09/2006	772	784	770.5	783	10911500	656.71
02/10/2006	783	787	777	780	5454300	654.19
03/10/2006	784.5	784.5	768	775.5	8949800	650.42
04/10/2006	779	787	776	787	7319200	660.06
05/10/2006	794.5	794.5	784	788	11363800	660.9
06/10/2006	789	789.5	777	779	26429100	653.36
09/10/2006	779	782	773	777	8416100	651.68
10/10/2006	776.5	785	772.5	783.5	11697100	657.13
11/10/2006	785	787.5	778	782.5	10963100	656.29
12/10/2006	785.5	791	778	790	9625600	662.58
13/10/2006	790	795	782	792	9526100	664.26
16/10/2006	790	800.5	789	799	7218900	670.13
17/10/2006	804	804	778.5	779.5	8456500	653.77
18/10/2006	781.5	793	781	786	10179500	659.23
19/10/2006	786.5	792	784	787.5	10629500	660.48
20/10/2006	787.5	797.5	777	783	5837800	656.71
23/10/2006	788.5	794	782	789	6497300	661.74
24/10/2006	789	802.5	789	802	10664400	672.65
25/10/2006	802	804	789.5	792	10829000	664.26
26/10/2006	791.5	792.5	772.5	777	17582000	651.68
27/10/2006	779.5	784.5	765	769.5	11181700	645.39
30/10/2006	761	774	761	771	6493500	646.65
31/10/2006	769	778.5	769	775	10038800	650
01/11/2006	780.5	781.5	774	777	6452900	651.68
02/11/2006	777	777	762.5	768	8710400	644.13
03/11/2006	770.5	772	762.5	765.5	8869900	642.03
06/11/2006	771.5	776	764	773.5	7457900	648.74
07/11/2006	774.5	783.5	770	782	7836700	655.87
08/11/2006	781.5	790.5	778.5	790	8214600	662.58
09/11/2006	791.5	794	779	787	9141500	660.06
10/11/2006	787	788.5	781	788.5	6439200	661.32
13/11/2006	791	796.5	786.5	789.5	6761700	662.16
14/11/2006	789.5	794.5	785.5	791.5	13809400	663.84
15/11/2006	795	799.5	790.5	797	8471700	668.45
16/11/2006	793	802.5	792	800.5	5053700	671.39
17/11/2006	802.5	805	795	798	9979700	669.29
20/11/2006	795	806	789	801.5	6153600	672.23
21/11/2006	804.5	822	803.5	808	13951200	677.68
22/11/2006	812.5	817.5	807.5	810	12348300	679.36
23/11/2006	814	814	801.5	807.5	7072500	677.26
24/11/2006	804	807	792.5	797	8656200	668.45
27/11/2006	798	798	780.5	780.5	7351700	654.61
28/11/2006	782	787.5	774.5	781	12457800	655.03
29/11/2006	788	801	783	798.5	12515800	669.71
30/11/2006	798.5	801	787	787.5	7566700	660.48
01/12/2006	789	794.5	775.5	786	13797700	659.23
04/12/2006	788	797	784	797	13072600	668.45
05/12/2006	801.5	801.5	793	799	9956200	670.13
06/12/2006	799	803.5	792	800.5	8346700	671.39
07/12/2006	802	811	800.5	811	10727700	680.19
08/12/2006	811.5	816.5	808	815	11858700	683.55
11/12/2006	816	822	805	809.5	7551400	678.94
12/12/2006	807.5	810.5	800.5	805	8377900	675.16
13/12/2006	801.5	815.5	801.5	812	11982700	681.03
14/12/2006	812.5	818	810	817.5	9773100	685.65
15/12/2006	825	825	813.5	821.5	20663600	689
18/12/2006	821.5	830	819	829	8645400	695.29
19/12/2006	822.5	828	820	825.5	5456200	692.36
20/12/2006	830	839	829	833.5	9073400	699.06
21/12/2006	831.5	839.5	824.5	826	8264100	692.77
22/12/2006	824	831	818	821	3819300	688.58
25/12/2006	821	821	821	821	0	688.58
26/12/2006	821	821	821	821	0	688.58
27/12/2006	825	828.5	821	828.5	5215300	694.87
28/12/2006	831	831.5	824	826	2645600	692.77
29/12/2006	823	829.5	817.5	822	1776300	689.42
01/01/2007	822	822	822	822	0	689.42
02/01/2007	826	843	822	839	4803600	703.68
03/01/2007	844	847.5	837.5	843.5	6022000	707.45
04/01/2007	840.5	842	831.5	834	8893100	699.48
05/01/2007	829	838.5	825.5	828.5	8113300	694.87
08/01/2007	827.5	831.5	818.5	821	4917600	688.58
09/01/2007	821	832	817.5	830.5	11231200	696.55
10/01/2007	830	830	819	822.5	9087900	689.84
11/01/2007	822.5	828.5	815.5	824.5	11526100	691.52
12/01/2007	826.5	827	821	824	6380900	691.1
15/01/2007	832	840	830	835	5644700	700.32
16/01/2007	837.5	842.5	829	832	8247000	697.81
17/01/2007	833	837.5	820	826	10024300	692.77
18/01/2007	828	839	828	830	8450200	696.13
19/01/2007	831	833	822.5	832	4733900	697.81
22/01/2007	831.5	845	830	838	12753300	702.84
23/01/2007	837	849.5	836.5	839.5	12519300	704.1
24/01/2007	841	856	837.5	852.5	12675100	715
25/01/2007	856.5	856.5	842.5	843	8167200	707.03
26/01/2007	840	842	830.5	835.5	10723700	700.74
29/01/2007	832.5	844	830.5	834.5	7218100	699.9
30/01/2007	834.5	837.5	827.5	832	10575400	697.81
31/01/2007	834	834	820.5	821	14250900	688.58
01/02/2007	825.5	835.5	824.5	829.5	12051800	695.71
02/02/2007	830.5	844	830.5	839.5	8654600	704.1
05/02/2007	835	841	831	832	6919900	697.81
06/02/2007	835.5	855.5	830	847	15118200	710.39
07/02/2007	850	854	843	851	8627000	713.74
08/02/2007	848	852	841.5	842	6943800	706.19
09/02/2007	846	849	841	844.5	7576600	708.29
12/02/2007	836	840	833.5	836.5	4644600	701.58
13/02/2007	843.5	844.5	834	839	5473900	703.68
14/02/2007	839.5	847	835.5	847	6531600	710.39
15/02/2007	849	849	839	847.5	5879500	710.81
16/02/2007	848.5	857	845	851.5	10214700	714.16
19/02/2007	852	857	850.5	854	4323100	716.26
20/02/2007	852.5	857	845	850	7566700	712.9
21/02/2007	855.5	858	841	842.5	7231200	706.61
22/02/2007	848.5	851.5	843.5	847	6575500	710.39
23/02/2007	852	852	837	840.5	7054600	704.94
26/02/2007	846.5	853.5	840.5	853	8228100	715.42
27/02/2007	853.5	857	821.5	827	17265500	693.61
28/02/2007	818	825	810.5	818	18655200	686.06
01/03/2007	813.5	814	760	780	37166600	654.19
02/03/2007	783	792	769	776.5	18160500	651.26
05/03/2007	761	768	754	758	27043700	635.74
06/03/2007	761.5	771	761	769	25208800	644.97
07/03/2007	754.5	765	749	760.5	20236300	654.15
08/03/2007	769.5	772.5	760.5	769	14310000	661.47
09/03/2007	763	783	763	780.5	16677500	671.36
12/03/2007	786	788	771.5	772.5	8993000	664.48
13/03/2007	776	777.5	760	760	17052000	653.72
14/03/2007	750	750	736.5	736.5	19393400	633.51
15/03/2007	746	749	732.5	741	23120200	637.38
16/03/2007	743.5	743.5	731	733	25208500	630.5
19/03/2007	740	753	737	749	20361600	644.26
20/03/2007	754	760	749	759	22532100	652.86
21/03/2007	759	777.5	759	771.5	29488000	663.62
22/03/2007	781	784	775	776	15312900	667.49
23/03/2007	776.5	779	768.5	778.5	9838200	669.64
26/03/2007	777	777	762.5	763.5	12418600	656.74
27/03/2007	769.5	772	756.5	761.5	22059200	655.01
28/03/2007	762.5	763	745	747.5	11507000	642.97
29/03/2007	748.5	755	746	749	19791900	644.26
30/03/2007	748	751.5	745	748.5	14847300	643.83
02/04/2007	752	758	747.5	750.5	8895400	645.55
03/04/2007	755.5	759.5	753	755.5	11376600	649.85
04/04/2007	756.5	769.5	756.5	765.5	23614800	658.46
05/04/2007	767.5	767.5	760	765	8175800	658.03
06/04/2007	765	765	765	765	0	658.03
09/04/2007	765	765	765	765	0	658.03
10/04/2007	768.5	774	764.5	772.5	13252300	664.48
11/04/2007	770	777.5	766.5	768	15061800	660.61
12/04/2007	770	770	761	766.5	12333300	659.32
13/04/2007	767	771	761.5	770.5	21092700	662.76
16/04/2007	771.5	777	769.5	774	17575300	665.77
17/04/2007	770	772.5	766	771	16875400	663.19
18/04/2007	770.5	773	765.5	768.5	10619000	661.04
19/04/2007	765	767	758	764	15981200	657.17
20/04/2007	766	778	766	774.5	14251500	666.2
23/04/2007	779.5	779.5	770	775.5	13021700	667.06
24/04/2007	785	796.5	779.5	794.5	40096200	683.4
25/04/2007	797	807	794	800	18443600	688.13
26/04/2007	807	807	791.5	796.5	15432200	685.12
27/04/2007	797	798.5	784	785.5	15135500	675.66
30/04/2007	785.5	795	784	790.5	9403900	679.96
01/05/2007	789.5	789.5	781	782.5	7288100	673.08
02/05/2007	785.5	795	785	792	12858300	681.25
03/05/2007	793	799.5	787.5	798.5	15572800	686.84
04/05/2007	798.5	811	792.5	807	11634500	694.15
07/05/2007	807	807	807	807	0	694.15
08/05/2007	822	827	804.5	808.5	13491500	695.44
09/05/2007	811	814.5	800	801.5	13993600	689.42
10/05/2007	804.5	820	797.5	815	29221100	701.03
11/05/2007	809	818.5	805	817	19725600	702.75
14/05/2007	822	827	817	820	15431600	705.33
15/05/2007	825	832	824	830	22509600	713.94
16/05/2007	830.5	834	825.5	828	17680700	712.22
17/05/2007	836	837.5	828.5	830.5	13010800	714.37
18/05/2007	834	838.5	829.5	836.5	16236500	719.53
21/05/2007	838.5	838.5	828.5	831	10918800	714.8
22/05/2007	833	834	818.5	821.5	20820200	706.62
23/05/2007	825	825	816	818	12859300	703.61
24/05/2007	811	813.5	797.5	797.5	15377600	685.98
25/05/2007	795	813.5	795	801.5	15707200	689.42
28/05/2007	801.5	801.5	801.5	801.5	0	689.42
29/05/2007	805	806.5	800.5	802.5	5963300	690.28
30/05/2007	796	802	789	800	9950800	688.13
31/05/2007	807	809	796.5	798	8363600	686.41
01/06/2007	798	798	798	798	0	686.41
04/06/2007	809	809	801	805	7774100	692.43
05/06/2007	809.5	809.5	794	795	12305000	683.83
06/06/2007	791.5	797	782	786.5	14581000	676.52
07/06/2007	788.5	793	768	773.5	21063900	665.34
08/06/2007	774	774.5	763	770	9470300	662.33
11/06/2007	770	779	769	779	9230100	670.07
12/06/2007	779	779	766.5	768.5	9887600	661.04
13/06/2007	768	773	762	769.5	22432400	661.9
14/06/2007	776.5	777	770	773	21232300	664.91
15/06/2007	777	794.5	772	790	24889700	679.53
18/06/2007	797.5	797.5	784	785	10822100	675.23
19/06/2007	788	793	783	783	9613500	673.51
20/06/2007	790	792	785	789.5	20389700	679.1
21/06/2007	786.5	787.5	760	766	23365800	658.89
22/06/2007	769.5	771	757	759	15232600	652.86
25/06/2007	752	762	748.5	761	13398100	654.58
26/06/2007	756.5	758.5	744.5	745	13712700	640.82
27/06/2007	742	744.5	731.5	738	15177500	634.8
28/06/2007	746	748.5	732	737	15108500	633.94
29/06/2007	737.5	743.5	728	743.5	27824800	639.53
02/07/2007	741	745.5	737	741	15566000	637.38
03/07/2007	745	756.5	742.5	755	17552200	649.42
04/07/2007	768	774	764	768	17900000	660.61
05/07/2007	773.5	773.5	755.5	757.5	22539800	651.57
06/07/2007	759.5	764	756.5	764	10328500	657.17
09/07/2007	769.5	771.5	762	769.5	8897400	661.9
10/07/2007	770	773	748.5	750	20044100	645.12
11/07/2007	745	747.5	737	743	12672600	639.1
12/07/2007	743	755	741	753.5	11371900	648.13
13/07/2007	761	765.5	758	762.5	10401600	655.87
16/07/2007	766.5	770	758.5	764.5	10875000	657.6
17/07/2007	763	764.5	751.5	753	9736000	647.7
18/07/2007	744	748.5	737.5	737.5	12758600	634.37
19/07/2007	740	745	739	742.5	10855700	638.67
20/07/2007	743.5	750.5	739	739.5	9618700	636.09
23/07/2007	745	751	732.5	736	15575600	633.08
24/07/2007	739.5	739.5	718	720	18168300	619.32
25/07/2007	717.5	718	706	710	16095000	610.72
26/07/2007	713.5	713.5	671.5	671.5	32811700	577.6
27/07/2007	663	685	662.5	670.5	27165900	576.74
30/07/2007	671.5	675	655	659	19646600	566.85
31/07/2007	664.5	692	664.5	691	23829700	594.37
01/08/2007	678.5	679	663	665	21297900	572.01
02/08/2007	671.5	683	668	680.5	22344900	585.34
03/08/2007	687	687.5	666	667	14611800	573.73
06/08/2007	660.5	676	660.5	668	11375800	574.59
07/08/2007	677	686	675	680.5	16448000	585.34
08/08/2007	689.5	708.5	687.5	705.5	22720100	606.85
09/08/2007	698	718	686.5	703.5	31197200	605.13
10/08/2007	694	697.5	676	684	21873300	588.35
13/08/2007	690	708	685.5	707	13875200	608.14
14/08/2007	702.5	710	688	690.5	14215700	593.94
15/08/2007	687.5	692	675	686	15736900	590.07
16/08/2007	670	685.5	664	668.5	16360500	575.02
17/08/2007	658	710	658	705	26659700	606.42
20/08/2007	708	721	704.5	707	16061300	608.14
21/08/2007	710.5	713.5	700	708.5	12106600	609.43
22/08/2007	707.5	724.5	705.5	721.5	21501800	620.61
23/08/2007	726	735.5	720	721	19052000	620.18
24/08/2007	718.5	724.5	713.5	720	7284800	619.32
27/08/2007	720	720	720	720	0	619.32
28/08/2007	720	721	703	705	10038600	606.42
29/08/2007	705	707	693	698	12824700	600.39
30/08/2007	705	710.5	686.5	702	15723400	603.84
31/08/2007	713.5	713.5	700	708.5	13549100	609.43
03/09/2007	716	719	709.5	713.5	6505100	613.73
04/09/2007	717	723	707	722	8857900	621.04
05/09/2007	722.5	724.5	709	710.5	12459600	611.15
06/09/2007	718.5	718.5	695.5	706	15461900	607.28
07/09/2007	704	705.5	680	682.5	14050600	587.06
10/09/2007	686	689	668.5	673	10924700	578.89
11/09/2007	682.5	686.5	674.5	684	10823100	588.35
12/09/2007	680.5	691.5	678.5	682.5	7873900	587.06
13/09/2007	688.5	698	682	693.5	10792000	596.52
14/09/2007	686	689.5	670	681	10102900	585.77
17/09/2007	680.5	680.5	657.5	657.5	13947000	565.56
18/09/2007	658	680	654.5	675	20357700	580.61
19/09/2007	692	705.5	685.5	697.5	28055800	610.73
20/09/2007	692	695.5	685	688.5	12667400	602.85
21/09/2007	680	696	680	688	22531300	602.41
24/09/2007	689.5	707	685	700.5	15470100	613.36
25/09/2007	700.5	710.5	696	705	21978700	617.3
26/09/2007	709.5	723.5	709.5	718	18143500	628.68
27/09/2007	720.5	735	720.5	733.5	14401500	642.25
28/09/2007	730.5	738	728	736	17979200	644.44
01/10/2007	739	747.5	728.5	744.5	17880700	651.88
02/10/2007	751.5	763.5	746	748	13744400	654.95
03/10/2007	752.5	755.5	743	752.5	7074100	658.89
04/10/2007	750.5	769.5	749	759.5	15580100	665.02
05/10/2007	764	764.5	752.5	757.5	8866300	663.27
08/10/2007	760	772	755.5	769.5	12712800	673.77
09/10/2007	769	772.5	761	769.5	13906100	673.77
10/10/2007	774	778.5	765.5	776	8460100	679.47
11/10/2007	776	784	773.5	779.5	9166800	682.53
12/10/2007	770.5	783.5	769	783.5	14540400	686.03
15/10/2007	783	785	745	747.5	30004800	654.51
16/10/2007	747	747	731	736	15584200	644.44
17/10/2007	739.5	752	714.5	719.5	36684400	629.99
18/10/2007	720	729	696.5	700.5	27984000	613.36
19/10/2007	703	710	694	697	14011400	610.29
22/10/2007	685	704.5	681.5	696.5	14526700	609.86
23/10/2007	708	713.5	698.5	701.5	14305400	614.23
24/10/2007	712	718	698	704	19091800	616.42
25/10/2007	712.5	729.5	710.5	722	19257200	632.18
26/10/2007	720.5	737	712.5	729	9051600	638.31
29/10/2007	739	745.5	724.5	731	10823000	640.06
30/10/2007	727	742	726	740.5	13200700	648.38
31/10/2007	745.5	759	738	755.5	13057400	661.52
01/11/2007	748.5	758.5	735.5	742	12075400	649.7
02/11/2007	731.5	742	726	737	11748500	645.32
05/11/2007	735.5	735.5	720	731	8650900	640.06
06/11/2007	734.5	742.5	731	740.5	8992600	648.38
07/11/2007	743	747.5	718	722.5	13532800	632.62
08/11/2007	712	715	697	697	19083900	610.29
09/11/2007	702.5	705	663.5	674	17289700	590.15
12/11/2007	668.5	693	667	690.5	10639900	604.6
13/11/2007	683	697.5	677.5	690	11921700	604.16
14/11/2007	699.5	709	686	690.5	12344800	604.6
15/11/2007	688	694	670.5	675.5	8606700	591.47
16/11/2007	672.5	673.5	657	661.5	9306000	579.21
19/11/2007	662.5	663	627.5	628.5	18612900	550.31
20/11/2007	633.5	643	611.5	641.5	21370300	561.7
21/11/2007	633	636	614.5	625	13107900	547.25
22/11/2007	629.5	637.5	610	636.5	9492100	557.32
23/11/2007	641.5	672	641.5	670.5	14619600	587.09
26/11/2007	677	678.5	650	653	10966000	571.77
27/11/2007	648	660.5	634	655	10734700	573.52
28/11/2007	656	679	649.5	678	11941500	593.66
29/11/2007	690.5	702	667	674	11478100	590.15
30/11/2007	674.5	693.5	672	682	9464400	597.16
03/12/2007	681.5	682	664.5	668.5	9099900	585.34
04/12/2007	670.5	672.5	646	656.5	8684900	574.83
05/12/2007	662	673	655.5	673	6166900	589.28
06/12/2007	669.5	701	669.5	679.5	11265400	594.97
07/12/2007	689.5	696.5	683.5	686	7487100	600.66
10/12/2007	685	704.5	681.5	696	7527200	609.42
11/12/2007	701	708	689	692	7897400	605.92
12/12/2007	682	702	674.5	690.5	14314800	604.6
13/12/2007	681	681.5	663	667	14137600	584.03
14/12/2007	663.5	677	652	673.5	11396900	589.72
17/12/2007	661	666.5	642	644	10188900	563.89
18/12/2007	639	654.5	639	643	10332300	563.01
19/12/2007	647.5	652	638	643.5	8392500	563.45
20/12/2007	647	652	638.5	650.5	8742700	569.58
21/12/2007	660	664	651	660.5	10130200	578.33
24/12/2007	652	670	652	670	2149100	586.65
25/12/2007	670	670	670	670	0	586.65
26/12/2007	670	670	670	670	0	586.65
27/12/2007	670	677.5	665	669	4462000	585.78
28/12/2007	669	675	662.5	672	2445900	588.4
31/12/2007	680.5	680.5	666	673	2765300	589.28
01/01/2008	673	673	673	673	0	589.28
02/01/2008	678.5	681	658	661	6175400	578.77
03/01/2008	661	671.5	649	670	7330500	586.65
04/01/2008	671.5	672.5	648.5	650.5	11221000	569.58
07/01/2008	648.5	652	625.5	634.5	9922400	555.57
08/01/2008	640	642.5	626	633	10049700	554.26
09/01/2008	628	641	621.5	632	10492400	553.38
10/01/2008	636.5	650	629.5	630.5	11621600	552.07
11/01/2008	633.5	643	621.5	631	10524300	552.5
14/01/2008	630	647	629.5	643	9875200	563.01
15/01/2008	640	646	622.5	625.5	8996000	547.69
16/01/2008	623.5	625.5	600	612.5	14699900	536.31
17/01/2008	617.5	630.5	601.5	604.5	12691500	529.3
18/01/2008	605	605	572.5	579	16519400	506.97
21/01/2008	569	572.5	541	551.5	17961200	482.89
22/01/2008	540	593.5	523	586.5	30170800	513.54
23/01/2008	606.5	614	569.5	597.5	23566300	523.17
24/01/2008	615	653.5	610	647.5	28220400	566.95
25/01/2008	664	670	621.5	623	18689100	545.5
28/01/2008	622	622	599	610.5	13517300	534.55
29/01/2008	618.5	626	610	626	7580800	548.13
30/01/2008	619	624.5	613.5	619	5572200	542
31/01/2008	619	630	591	624.5	14269300	546.81
01/02/2008	635	635	609.5	620.5	14644200	543.31
04/02/2008	625.5	632	613	628.5	6324500	550.31
05/02/2008	625.5	631	605	609.5	10206200	533.68
06/02/2008	600	608.5	592.5	602.5	11532000	527.55
07/02/2008	599.5	599.5	559	563	21011100	492.96
08/02/2008	570.5	586	567.5	579.5	14175500	507.41
11/02/2008	574.5	576.5	545	551	15390000	482.46
12/02/2008	556	579	539.5	576	15369200	504.35
13/02/2008	570.5	577	562	567	8648900	496.47
14/02/2008	578.5	583	554	559	10385800	489.46
15/02/2008	561.5	567	548.5	553	10658100	484.21
18/02/2008	557.5	579.5	557.5	578	8012900	506.1
19/02/2008	573.5	595	568	581.5	10335700	509.16
20/02/2008	572.5	582	564	568	9496200	497.34
21/02/2008	572.5	593.5	567.5	579	8409200	506.97
22/02/2008	575.5	582	562	568.5	7750000	497.78
25/02/2008	575.5	591.5	573.5	588	10635700	514.85
26/02/2008	593	614	590	612	14215600	535.87
27/02/2008	617.5	621	596	610	9244200	534.12
28/02/2008	635	648.5	613.5	616	24527900	539.37
29/02/2008	614.5	627	606	611.5	18551600	535.43
03/03/2008	606	606	582.5	584.5	16496600	511.79
04/03/2008	584	604.5	572	580	10881300	507.85
05/03/2008	586.5	605	583.5	602	11714400	527.11
06/03/2008	609.5	609.5	583.5	587	9778000	513.98
07/03/2008	580	589	565	584	16127200	511.35
10/03/2008	581	596	565.5	567	13888700	496.47
11/03/2008	567.5	598	567.5	589	20354900	515.73
12/03/2008	604.5	615.5	594	612	12920800	535.87
13/03/2008	599.5	599.5	578	591	14085000	517.48
14/03/2008	590	607	578	578.5	12270400	506.53
17/03/2008	562	568	545	548	14039900	479.83
18/03/2008	558	586.5	551	584.5	11962000	511.79
19/03/2008	590.5	597	576.5	584.5	10620100	511.79
20/03/2008	577	598.5	577	591	16312200	517.48
21/03/2008	591	591	591	591	0	517.48
24/03/2008	591	591	591	591	0	517.48
25/03/2008	615	635.5	611.5	635.5	16814000	556.44
26/03/2008	623.5	625	597.5	601	12948600	544.31
27/03/2008	602.5	619.5	597	613	11003100	555.18
28/03/2008	616.5	618.5	606	612.5	7058000	554.72
31/03/2008	608	619.5	598.5	617.5	10240700	559.25
01/04/2008	615.5	646	604.5	642.5	15447400	581.89
02/04/2008	643	664	641	664	16354600	601.37
03/04/2008	666	666	638.5	642.5	11038900	581.89
04/04/2008	643	651.5	636	651	11050900	589.59
07/04/2008	656	659	650	652.5	7909200	590.95
08/04/2008	653	655.5	645	653	6680400	591.4
09/04/2008	651	656.5	640	643	11268200	582.35
10/04/2008	643	647.5	622.5	628.5	12785400	569.21
11/04/2008	631.5	636.5	618	623	9245700	564.23
14/04/2008	620	624	614.5	617	7010600	558.8
15/04/2008	624.5	625	614	620	11265600	561.52
16/04/2008	622	627.5	615.5	627	11577200	567.86
17/04/2008	635.5	635.5	615.5	620	8011700	561.52
18/04/2008	625.5	647	621.5	645.5	8664100	584.61
21/04/2008	648	652	631	636.5	6644800	576.46
22/04/2008	632.5	639.5	628	632.5	6379600	572.84
23/04/2008	635.5	641	631.5	635.5	15400100	575.55
24/04/2008	636.5	639.5	613.5	625.5	11856200	566.5
25/04/2008	628.5	632.5	611	628.5	7881000	569.21
28/04/2008	629	639	628.5	634.5	4711900	574.65
29/04/2008	635	635.5	616	620	6254300	561.52
30/04/2008	621.5	634	621.5	629.5	6779200	570.12
01/05/2008	624.5	635	621.5	631.5	2523000	571.93
02/05/2008	640	668.5	637	660	12965200	597.74
05/05/2008	660	660	660	660	0	597.74
06/05/2008	660.5	664.5	647.5	652	7184100	590.5
07/05/2008	652	661	641	643.5	6942900	582.8
08/05/2008	639.5	648.5	633.5	647	7968800	585.97
09/05/2008	640	641.5	627	639	5600600	578.72
12/05/2008	639	648.5	632	636	4161600	576.01
13/05/2008	638.5	647	625	636.5	6006200	576.46
14/05/2008	637.5	652	637.5	641	9499500	580.53
15/05/2008	637.5	639	630	637	6147500	576.91
16/05/2008	643.5	652	642.5	647	10426300	585.97
19/05/2008	647.5	653.5	638.5	652	4222100	590.5
20/05/2008	649	651	627	627.5	10609400	568.31
21/05/2008	633	633	601	604.5	11182600	547.48
22/05/2008	605	610.5	598.5	607	8637000	549.74
23/05/2008	607.5	624.5	604.5	612	8795600	554.27
26/05/2008	612	612	612	612	0	554.27
27/05/2008	617	620	601.5	607.5	7709900	550.19
28/05/2008	612.5	627.5	609.5	620	8220100	561.52
29/05/2008	626	633.5	622	629	7591500	569.67
30/05/2008	634.5	645	630.5	630.5	9623300	571.03
02/06/2008	628.5	629	615	622	5814300	563.33
03/06/2008	623.5	627	618	626	5870000	566.95
04/06/2008	621.5	632	613.5	622	6667200	563.33
05/06/2008	624.5	630	610.5	618.5	7968500	560.16
06/06/2008	621	626	610.5	611	11587900	553.36
09/06/2008	606	610	595	598	7803200	541.59
10/06/2008	590.5	596.5	580	587.5	7996100	532.08
11/06/2008	586.5	596	563.5	571.5	13877700	517.59
12/06/2008	572	596.5	572	594	9171800	537.97
13/06/2008	589.5	594	577.5	590.5	7214900	534.8
16/06/2008	594.5	601.5	580	587	7292900	531.63
17/06/2008	587	600.5	581	582	8728900	527.1
18/06/2008	576	579.5	570.5	575.5	7616800	521.21
19/06/2008	575.5	579	560	560	10009100	507.18
20/06/2008	563	570.5	544	550.5	11663400	498.57
23/06/2008	547	554	540.5	544.5	8465300	493.14
24/06/2008	546.5	548	525.5	535	10179700	484.53
25/06/2008	539.5	539.5	524.5	533	7632600	482.72
26/06/2008	529	532	508.5	508.5	9429500	460.53
27/06/2008	504.5	511	494.5	502.5	11784200	455.1
30/06/2008	503.5	506	489.25	501	13212300	453.74
01/07/2008	499	499	473	479.5	17754400	434.27
02/07/2008	480.25	501.5	468.5	488.25	14173200	442.19
03/07/2008	482	505.5	481	503.5	15227400	456.01
04/07/2008	505.5	505.5	482.75	484.5	5621100	438.8
07/07/2008	491	500	482.5	498.75	9237300	451.7
08/07/2008	486	498.5	482.5	496	10570100	449.21
09/07/2008	503	523.5	500	517.5	11339700	468.68
10/07/2008	509	511.5	499	499.75	10508700	452.61
11/07/2008	501	511	481.75	482.5	12142000	436.99
14/07/2008	489.25	506	489	496.75	8691100	449.89
15/07/2008	492.5	503	469.5	477.5	11720300	432.46
16/07/2008	478.25	489.25	460.25	485	15660300	439.25
17/07/2008	493	512	493	507.5	15268400	459.63
18/07/2008	501.5	539	501	539	14042800	488.16
21/07/2008	534	534	510.5	524.5	15997100	475.02
22/07/2008	518.5	522	495	510.5	10602600	462.34
23/07/2008	522	537.5	517	535	10451700	484.53
24/07/2008	542	542	506.5	511.5	9863400	463.25
25/07/2008	504.5	505.5	468	490	19640800	443.78
28/07/2008	486.75	489	470	470.5	9982300	426.12
29/07/2008	470.5	476.75	460.25	466.75	6751800	422.72
30/07/2008	482	513.5	482	507.5	14719300	459.63
31/07/2008	514.5	515	489.75	504.5	14285800	456.91
01/08/2008	503.5	514.5	493.25	500.5	7633500	453.29
04/08/2008	496	501	488.5	492.75	8955200	446.27
05/08/2008	493.75	531.5	493.5	531.5	11867100	481.36
06/08/2008	529.5	539.5	509.5	518.5	14601400	469.59
07/08/2008	515.5	528.5	506.5	517	11060800	468.23
08/08/2008	513	533.5	509	533.5	5578400	483.18
11/08/2008	537	546	530	544.5	9412600	493.14
12/08/2008	545	556	537.5	548	9108200	496.31
13/08/2008	547.5	547.5	520	520	12110700	470.95
14/08/2008	525.5	534.5	517	530.5	6954400	480.46
15/08/2008	534	538.5	527.5	533.5	7694700	483.18
18/08/2008	529.5	532	521	524.5	4341100	475.02
19/08/2008	502.5	514	491.25	491.5	9354300	445.14
20/08/2008	493.5	503	489.5	499.5	6617200	452.38
21/08/2008	490	491	476.5	477	8580300	432
22/08/2008	477.75	510	476.75	509.5	9282300	461.44
25/08/2008	509.5	509.5	509.5	509.5	0	461.44
26/08/2008	500	504	491	501	6639500	453.74
27/08/2008	499.75	508	491.5	502	6379300	454.65
28/08/2008	501	523.5	498	519	7994300	470.04
29/08/2008	522	524	510	514.5	18036800	465.97
01/09/2008	509.5	529	505	524.5	5845300	475.02
02/09/2008	524.5	544.5	523	542	7526100	490.87
03/09/2008	538.5	540.5	525	530.5	10347400	480.46
04/09/2008	532.5	535.5	515	515	6499500	466.42
05/09/2008	513.5	514	493.25	494.75	12254500	448.08
08/09/2008	515	539	513.5	539	6627200	488.16
09/09/2008	539	561	533	542.5	13609300	491.33
10/09/2008	539.5	546.5	529	540	9480200	489.06
11/09/2008	537.5	538	518.5	531.5	7118500	481.36
12/09/2008	536	542	521.5	533.5	9945300	483.18
15/09/2008	507	511	483	489.5	19708800	443.33
16/09/2008	477.5	487.75	443.5	460	20187800	416.61
17/09/2008	470.5	489	452	455.5	18801600	412.53
18/09/2008	450	493	444.25	477.75	26971000	432.68
19/09/2008	600	600	515	565	33872800	511.7
22/09/2008	581.5	584	535	535	9715100	484.53
23/09/2008	534	534	481	525	12653900	475.48
24/09/2008	528	534.5	491.25	491.25	7773000	444.91
25/09/2008	501	551	485	540	10180900	489.06
26/09/2008	543	543	516	518	7313100	469.14
29/09/2008	530	530	476.75	476.75	9343600	431.78
30/09/2008	457	490	452.25	480	11702400	434.72
01/10/2008	502	502	471.75	487	9617600	441.06
02/10/2008	496	497.75	463.75	465	9916300	421.14
03/10/2008	474.25	487.5	454.25	478	8435200	432.91
06/10/2008	460	463	404.75	417	6182300	377.66
07/10/2008	430.25	460.5	379.5	433.5	5084000	392.61
08/10/2008	412	468	385	409.75	8603300	371.1
09/10/2008	435	465	420	434	10258000	393.06
10/10/2008	412	455	391.25	412	10186700	373.14
13/10/2008	436	455	383.75	421	12584600	381.29
14/10/2008	440	465.5	418	445	5818600	403.02
15/10/2008	466.5	466.5	377.75	392	11920700	355.02
16/10/2008	385	385	341.5	353	7099200	319.7
17/10/2008	375	380	284.75	308.25	20606300	279.17
20/10/2008	303	315	293.25	306.5	11994100	277.59
21/10/2008	318	342.5	300	303.5	11414900	274.87
22/10/2008	294.75	297	266	266	11712000	240.91
23/10/2008	279	279	240	275	17002800	249.06
24/10/2008	250	267.5	232	247.25	13967900	223.93
27/10/2008	231	254	210.5	245.25	17421000	222.12
28/10/2008	275	288	257	259	21759000	234.57
29/10/2008	286	332	286	324	19264700	293.44
30/10/2008	338.25	361	322.25	350	9896000	316.98
31/10/2008	346	378.25	313	368	13374000	333.29
03/11/2008	380	392	365.5	387.5	8723700	350.95
04/11/2008	400	430	391.25	420.75	10961300	381.06
05/11/2008	419	434	390.25	390.25	7022600	353.44
06/11/2008	377	384.75	362	380	8664000	344.15
07/11/2008	380	385	365	376.5	5659100	340.98
10/11/2008	385	402.75	377.75	389.75	6205300	352.99
11/11/2008	382	392.5	375.5	379	8200700	343.25
12/11/2008	396	398.75	342.25	353.25	13853500	319.93
13/11/2008	334	353.25	330	332.75	7269800	301.36
14/11/2008	350	360	335.25	344.75	7510600	312.23
17/11/2008	343.25	360	334.5	349.75	6383300	316.76
18/11/2008	352	384.25	343.25	379.75	5717200	343.93
19/11/2008	377.5	384	343	351.75	7425600	318.57
20/11/2008	333.5	341.5	280	292.75	13920600	265.14
21/11/2008	291.75	349	286.25	294.25	9581600	266.49
24/11/2008	314.5	324	309	321	10183600	290.72
25/11/2008	310.25	360	304.25	360	8312900	326.04
26/11/2008	352.75	375	348.25	356.75	5585800	323.1
27/11/2008	363.75	389	358	380.5	3747500	344.61
28/11/2008	380.5	415	375.75	400.25	6812500	362.49
01/12/2008	403.25	405	383.25	393.25	7215700	356.15
02/12/2008	376	385.75	362.25	384	7298000	347.78
03/12/2008	382.75	382.75	354	364	5392300	329.66
04/12/2008	366.25	391.75	364	380	6088900	344.15
05/12/2008	376.75	391.75	351.5	357.5	6115400	323.78
08/12/2008	386.5	400	375.5	387	6712600	350.49
09/12/2008	381.75	424.5	375	421	7050300	381.29
10/12/2008	422	425	395.25	410.75	7085800	372
11/12/2008	391.25	416.25	382	399	8821500	361.36
12/12/2008	381.5	398.5	371.75	378	5927600	342.34
15/12/2008	379.75	391.5	365.5	366.75	6460200	332.15
16/12/2008	382	388.75	350	388.75	6045300	352.08
17/12/2008	400	409.5	377.25	401	7799600	363.17
18/12/2008	402.75	412.75	393.25	396	5876600	358.65
19/12/2008	390	398	377.25	379	10712100	343.25
22/12/2008	376	383	360	365.75	4195000	331.25
23/12/2008	379.75	385.5	373	381	3352200	345.06
24/12/2008	373.5	387.5	370	375.25	680500	339.85
25/12/2008	375.25	375.25	375.25	375.25	0	339.85
26/12/2008	375.25	375.25	375.25	375.25	0	339.85
29/12/2008	370	400	366.5	400	2968300	362.27
30/12/2008	388	408.25	388	407.75	2862100	369.29
31/12/2008	402.75	408.25	385	390	2448000	353.21
01/01/2009	390	390	390	390	0	353.21
02/01/2009	390	399	386.5	391	1071100	354.12
05/01/2009	402.5	402.5	374.5	386.75	3856600	350.27
06/01/2009	387	417.75	376.25	416.5	5708100	377.21
07/01/2009	419	419	396.5	402.75	4208900	364.76
08/01/2009	405	424	385.75	420.75	5455500	381.06
09/01/2009	420	438	406	421	4479200	381.29
12/01/2009	418.75	435.5	412	435.5	2635400	394.42
13/01/2009	425	425	391	400	5903900	362.27
14/01/2009	393	405	341.25	367	7255300	332.38
15/01/2009	355	379.5	346.75	354	6072800	320.61
16/01/2009	371.5	374	338.5	340.25	12147100	308.15
19/01/2009	350	357	310	318.75	13000300	288.68
20/01/2009	316.25	327.5	288.75	298.75	15266300	270.57
21/01/2009	295.25	303.5	274	298	17518100	269.89
22/01/2009	310.75	313.75	280	283	10688600	256.3
23/01/2009	283	283	244	264	19683700	239.1
26/01/2009	258.75	313.75	258.75	301.25	15770800	272.83
27/01/2009	297.5	306.25	278.5	293.25	11847300	265.59
28/01/2009	302.25	338.75	300	333	15663100	301.59
29/01/2009	325	328.25	304.5	310.25	11146000	280.98
30/01/2009	311	316.75	300	312	13862100	282.57
02/02/2009	305.25	320.5	291.25	307.5	10416900	278.49
03/02/2009	309.25	337.25	300.25	332.75	12397400	301.36
04/02/2009	349.25	375.75	338.25	370	20254700	335.1
05/02/2009	354.5	386.25	353.25	386.25	17841800	349.82
06/02/2009	388	408.5	381	400	18053300	362.27
09/02/2009	388.25	405	387	404.25	15509100	366.12
10/02/2009	397.25	405.5	390.5	392	15291300	355.02
11/02/2009	388.25	388.25	372.5	379.75	12805200	343.93
12/02/2009	370.5	379.25	359	364.25	18072000	329.89
13/02/2009	375	375	335.5	341.25	20133100	309.06
16/02/2009	333	349.75	316	317.25	9788200	287.32
17/02/2009	322	322	297	307	14246200	278.04
18/02/2009	313	314	286.5	304.25	16045500	275.55
19/02/2009	306	310	286.75	286.75	10627300	259.7
20/02/2009	283.5	297.75	270.5	290.5	18484500	263.1
23/02/2009	298.25	311	283.75	286.5	15094400	259.47
24/02/2009	278	287.75	264	272	11548200	246.34
25/02/2009	284	300.25	278.5	287.5	18822900	260.38
26/02/2009	292.25	331	292	323.25	18629600	292.76
27/02/2009	310	314.25	286.5	289	17177100	261.74
02/03/2009	274.75	283	266.75	267.5	12303400	242.27
03/03/2009	273.25	273.25	256.25	257	15039700	232.76
04/03/2009	259	287.75	259	285	16469600	258.12
05/03/2009	276.5	288.75	183.7	189.9	77307900	171.99
06/03/2009	190	201.75	160.1	163.3	54691900	147.9
09/03/2009	164.9	180.1	164	177	24672000	160.3
10/03/2009	172.1	199.6	172.1	197.3	27931800	178.69
11/03/2009	200	217.75	190	213.5	21025800	193.36
12/03/2009	203	204	179.4	191	32377400	172.98
13/03/2009	201	204.5	194.2	198.1	17595600	179.41
16/03/2009	205	212	195	198.1	15607300	179.41
17/03/2009	199.1	206	190.9	204.25	13178800	184.98
18/03/2009	212	214	192.9	197.4	14633100	178.78
19/03/2009	207.5	241.75	205	218.75	44625100	198.12
20/03/2009	210	238	210	238	20840600	215.55
23/03/2009	249.75	265.75	245.75	264	17961600	239.1
24/03/2009	268.5	277.5	252	267	20626900	241.81
25/03/2009	240	245.5	227	236	17980300	230.96
26/03/2009	234	245	225.5	245	19025400	239.77
27/03/2009	249.5	249.5	231	237	14762800	231.94
30/03/2009	229.75	229.75	202.5	202.5	21750600	198.18
31/03/2009	212	220.5	204.75	216.25	17175800	211.63
01/04/2009	214	227.25	205.25	227.25	21167100	222.4
02/04/2009	230.25	243.25	230.25	240.5	20007200	235.36
03/04/2009	242	257	230.25	251.5	21263200	246.13
06/04/2009	259	264.25	233	238	13950300	232.92
07/04/2009	240.5	250	225.25	226.5	14810400	221.66
08/04/2009	223	232.75	220.25	228.5	11780400	223.62
09/04/2009	236.25	239.75	229	234	10081600	229
10/04/2009	234	234	234	234	0	229
13/04/2009	234	234	234	234	0	229
14/04/2009	236.5	254	234	242.75	14446700	237.57
15/04/2009	238	246.75	235	241	10022100	235.85
16/04/2009	245	256.5	241	255	18038400	249.56
17/04/2009	258	293.75	257	286.25	27859800	280.14
20/04/2009	273	290	265.25	274	3948300	268.15
21/04/2009	274	274	245	253.5	3534300	248.09
22/04/2009	252	263.25	242.25	252.25	5045200	246.86
23/04/2009	253	253	237.75	239.25	5899500	234.14
24/04/2009	238	273.25	238	273.25	5900100	267.42
27/04/2009	275	299	275	287	4036700	280.87
28/04/2009	277.25	284.75	269	275.25	1291000	269.37
29/04/2009	278.75	300.5	278.25	295	2496700	288.7
30/04/2009	301	321.25	294	315.5	3368100	308.76
01/05/2009	319	319	299.25	307.75	864800	301.18
04/05/2009	307.75	307.75	307.75	307.75	0	301.18
05/05/2009	323	354.75	321.5	327.5	3308000	320.51
06/05/2009	333.75	351.75	331.25	338.5	3657700	331.27
07/05/2009	350	363.5	337.75	341	3427500	333.72
08/05/2009	341.75	362	339.5	361.25	3229400	353.54
11/05/2009	359	359.25	342.75	350	1094500	342.53
12/05/2009	348.5	358.25	338	342	2191800	334.7
13/05/2009	345.75	349	300.75	310.75	5968100	304.11
14/05/2009	312.25	323	302	318	4001500	311.21
15/05/2009	319.25	331.25	308	312.75	2046400	306.07
18/05/2009	306	331	303	326	2550100	319.04
19/05/2009	335	351	333	349.75	2325600	342.28
20/05/2009	353	355.5	335.25	340.25	2585400	332.98
21/05/2009	331	341	317.25	320.75	2570200	313.9
22/05/2009	325	347.5	318.5	339.25	3802900	332.01
25/05/2009	339.25	339.25	339.25	339.25	0	332.01
26/05/2009	337	347.75	324	340.25	2621300	332.98
27/05/2009	347.25	356	339.75	344.25	1821600	336.9
28/05/2009	338.25	342.5	329.25	337.5	1260400	330.29
29/05/2009	344.25	350	334	334.5	3085400	327.36
01/06/2009	347.5	361.5	344	357.25	1891400	349.62
02/06/2009	350	359	348.5	353	988100	345.46
03/06/2009	359.25	359.25	333.25	334.5	2296800	327.36
04/06/2009	338	350	336.5	346.75	1659600	339.35
05/06/2009	347	359.75	347	358	2287200	350.36
08/06/2009	354.5	356.75	346	354.25	2175400	346.69
09/06/2009	355	357.25	343.25	344.25	1631100	336.9
10/06/2009	352	358	347.75	350.25	2304300	342.77
11/06/2009	346.5	366.5	345	364.75	1797600	356.96
12/06/2009	362.75	364.25	351.75	352	2221800	344.48
15/06/2009	348	356.5	331.25	336.25	4139900	329.07
16/06/2009	336	339.5	328.25	331.75	1600100	324.67
17/06/2009	331.75	339	323	329	3282400	321.98
18/06/2009	326.75	332.25	317	318.25	3180000	311.45
19/06/2009	325	340	320	336.75	12974900	329.56
22/06/2009	338.25	340	325.75	329	2476400	321.98
23/06/2009	330	334.25	321.75	326	2098200	319.04
24/06/2009	328	341	321	334	4309500	326.87
25/06/2009	334	335.5	322.25	327.25	1704900	320.26
26/06/2009	330	336	325	330.25	2375000	323.2
29/06/2009	327.75	346.25	327.5	341.5	1079900	334.21
30/06/2009	345	346	335.25	341.5	3614400	334.21
01/07/2009	343.75	350.75	342	348.71	2327500	341.26
02/07/2009	345.25	348	333.75	335.75	2263200	328.58
03/07/2009	334.25	348.75	333.75	340.36	7305600	333.1
06/07/2009	342.25	342.25	330	337.25	2020500	330.05
07/07/2009	342.5	342.5	330.5	331	3602200	323.93
08/07/2009	327.75	328.5	299.75	303	3097300	296.53
09/07/2009	307.25	313.25	285.75	292.94	4764700	286.69
10/07/2009	291	292.25	276.75	276.75	4674100	270.84
13/07/2009	279.5	298.5	274.75	297.25	2283500	290.9
14/07/2009	300.75	310.5	297	307	2146600	300.44
15/07/2009	312	321.75	310.5	321.75	1849700	314.88
16/07/2009	323.25	326.5	315.5	316.75	3543000	309.99
17/07/2009	322	323	318.5	318.37	2871800	311.57
20/07/2009	324	330.5	315.75	327.75	1459100	320.75
21/07/2009	331.75	339.25	327.5	335.5	1967100	328.34
22/07/2009	339.25	339.25	325.25	328	2038600	321
23/07/2009	328.5	342.5	322.5	341.75	2369400	334.45
24/07/2009	342.25	352.5	335	342	1151200	334.7
27/07/2009	344	348	332.25	338.25	1891400	331.03
28/07/2009	335.75	341.75	329	332	3569700	324.91
29/07/2009	333.25	347.75	331.25	343	1116800	335.68
30/07/2009	345.25	351.25	342.25	350.75	2754400	343.26
31/07/2009	347	358.25	347	350.75	3772900	343.26
03/08/2009	353.5	356.6	342.9	351.9	2582800	344.39
04/08/2009	348.9	352.3	335.2	347.5	2714200	340.08
05/08/2009	348.7	357.1	346	356.3	1523900	348.69
06/08/2009	364	391	364	375.7	2369700	367.68
07/08/2009	376	387.5	360.4	381.8	7562600	373.65
10/08/2009	383.8	387.1	371.5	381.3	2229400	373.16
11/08/2009	380.5	383.1	356.5	358.3	3772200	350.65
12/08/2009	357.3	374.2	349.6	370.2	3903500	362.3
13/08/2009	375.2	384.8	372	379.6	3843800	371.49
14/08/2009	382.3	384.1	369.6	371.8	1768200	363.86
17/08/2009	372.2	380.9	365.4	377.8	1593100	369.73
18/08/2009	378.6	386.9	377.2	384.1	3794100	375.9
19/08/2009	378	390.7	376	388.6	2520300	380.3
20/08/2009	393.7	398	385.5	389.3	2970900	380.99
21/08/2009	389.1	412	384.3	410.7	2694900	401.93
24/08/2009	415	424.5	408.1	414.8	7687600	405.94
25/08/2009	413	420	408.7	416.5	5531600	407.61
26/08/2009	414.4	419.4	404	405	7310000	396.35
27/08/2009	402.9	410.3	395.1	399.9	6471000	391.36
28/08/2009	405.4	407.9	402.3	406.2	10385700	397.53
31/08/2009	406.2	406.2	406.2	406.2	0	397.53
01/09/2009	414	418	402.3	405.3	8023400	396.65
02/09/2009	399.9	404.8	384.4	390.3	10910300	381.97
03/09/2009	393.1	398.8	385	387.3	7045500	379.03
04/09/2009	396	407.1	390.2	402.6	9318100	394
07/09/2009	407.5	413.4	404.1	412.2	5080200	403.4
08/09/2009	412.3	414	397	399	10791500	390.48
09/09/2009	395.9	403.2	395.9	402	8877400	393.42
10/09/2009	402	405.9	395.8	405	7051000	396.35
11/09/2009	409.1	416.6	406.4	413.7	11370600	404.87
14/09/2009	409	411.5	404.5	408	5536800	399.29
15/09/2009	407.2	407.4	400.5	403.4	7676400	394.79
16/09/2009	404.6	414.6	404	413.7	7448300	404.87
17/09/2009	421.8	421.8	410.4	416.8	5744800	407.9
18/09/2009	414.7	415.4	409	413.8	12014500	404.96
21/09/2009	414.4	417.2	407.4	413.1	5188300	404.28
22/09/2009	413.7	424	413.7	421.5	9154000	412.5
23/09/2009	420	422	406.5	412.7	12673700	412.7
24/09/2009	409.3	419.5	406.8	408.7	11213100	408.7
25/09/2009	411.2	416.9	408.5	410.4	7672300	410.4
28/09/2009	413.1	420.6	406	418.8	6824200	418.8
29/09/2009	420.9	437.3	418.1	431.2	10979500	431.2
30/09/2009	438.4	454	438.2	448.1	20948100	448.1
01/10/2009	452	467.1	448.2	451.7	19506100	451.7
02/10/2009	450	463.4	440	447.54	19969500	447.54
05/10/2009	457.4	460	439.7	451.1	12690500	451.1
06/10/2009	452.1	457.2	444.5	450.4	11568100	450.4
07/10/2009	448.6	472.1	440.1	467.5	16112000	467.5
08/10/2009	472	474	463.7	466.1	23611000	466.1
09/10/2009	464.9	467.5	460.8	463.9	7853100	463.9
12/10/2009	467.9	473.5	461	466.1	7518400	466.1
13/10/2009	463.7	466.2	455.6	455.6	8230800	455.6
14/10/2009	465.2	465.9	455.4	458.1	8355800	458.1
15/10/2009	461.9	469.9	456.4	461.7	11071600	461.7
16/10/2009	462.9	466.5	443.5	450.3	7491600	450.3
19/10/2009	456.7	456.9	439.1	443.5	13427100	443.5
20/10/2009	442.6	450.5	434	439.5	9778700	439.5
21/10/2009	439.6	442.6	428.1	440.8	11343900	440.8
22/10/2009	438	440	425	429.1	9342700	429.1
23/10/2009	437.3	442.5	427.6	431.2	8685600	431.2
26/10/2009	438.3	438.3	417.7	421.6	6334400	421.6
27/10/2009	423.4	430.7	403.9	420.5	13034900	420.5
28/10/2009	421.2	422.8	397.2	397.8	17463500	397.8
29/10/2009	395.9	409.3	391.2	397	13384900	397
30/10/2009	400.3	400.3	380.9	383.6	13929400	383.6
02/11/2009	383.1	392.5	377.6	389.1	7617800	389.1
03/11/2009	384.2	385.4	369	379.3	12795300	379.3
04/11/2009	390.2	407	390.2	400.3	15863800	400.3
05/11/2009	396.2	400.2	383	395.7	12353500	395.7
06/11/2009	398.7	401.5	387.6	393.1	9259400	393.1
09/11/2009	396	407	396	404.7	6620600	404.7
10/11/2009	408.9	410	393	396.1	10385100	396.1
11/11/2009	401.2	411.6	399.5	408	12426400	408
12/11/2009	409	409.9	402.6	404.6	11465700	404.6
13/11/2009	407	407.4	401.7	405.1	8071700	405.1
16/11/2009	418	418	406.5	409.7	8083700	409.7
17/11/2009	409.9	412.2	405.8	408.4	12552600	408.4
18/11/2009	410	413.7	403.3	403.3	8138200	403.3
19/11/2009	404.5	405.5	392.8	395.2	7553800	395.2
20/11/2009	395.2	403.6	394.2	395.9	10931100	395.9
23/11/2009	397.8	403.9	397.8	401	5888100	401
24/11/2009	397.5	404.5	395.8	396.7	6239900	396.7
25/11/2009	398.7	401	391.6	394.9	8679100	394.9
26/11/2009	389.2	391.8	371.4	370	13169600	370
27/11/2009	361.5	382.4	361.5	379.5	11887800	379.5
30/11/2009	378.3	380.3	370	370.4	10928000	370.4
01/12/2009	375	379.3	372.5	378.5	11716900	378.5
02/12/2009	379.9	383.1	374.6	377.4	7204500	377.4
03/12/2009	378	385.2	375.7	382.7	8707500	382.7
04/12/2009	383.1	384.3	370	379.4	9842100	379.4
07/12/2009	379.5	382.9	374.1	379.3	7518200	379.3
08/12/2009	377.4	379.5	369.3	371.4	19183300	371.4
09/12/2009	369.5	379.8	365.4	368.8	16752100	368.8
10/12/2009	366.7	376	362.6	368.5	15074500	368.5
11/12/2009	370.6	378.7	364.6	370.6	27418300	370.6
14/12/2009	373.9	381.9	373.9	380.5	9097100	380.5
15/12/2009	382.4	384	374.9	382.41	9124500	382.41
16/12/2009	377.9	384.8	375.2	384.3	8942000	384.3
17/12/2009	382.3	384.9	371.8	373.2	6924700	373.2
18/12/2009	372.8	375.9	368.2	369.7	16947300	369.7
21/12/2009	373.1	388.4	370.6	384.7	11507400	384.7
22/12/2009	386	391.9	385	389.5	12019600	389.5
23/12/2009	390	392.8	382.3	390	7481300	390
24/12/2009	382.4	390.7	382.4	388.1	909700	388.1
29/12/2009	394.5	399.4	389	398.7	3832300	398.7
30/12/2009	397.5	399.4	392.8	394.4	2091100	394.4
31/12/2009	397	397.9	392.5	397.9	1587800	397.9
