Date	Open	High	Low	Close	Volume	Adj Close
03/01/2006	2850	2873	2839	2870	7339500	2729.29
04/01/2006	2886	2902	2865	2900	4665900	2757.82
05/01/2006	2915	2915	2886	2896	3265100	2754.01
06/01/2006	2906	2908	2883	2900	3855400	2757.82
09/01/2006	2915	2915	2870	2878	11113100	2736.89
10/01/2006	2889	2890	2833	2835	10543700	2696
11/01/2006	2842	2864	2836	2864	11303300	2723.58
12/01/2006	2873	2874	2846	2855	7779000	2715.02
13/01/2006	2863	2863	2794	2815	8644800	2676.98
16/01/2006	2804	2832	2804	2822	3604300	2683.64
17/01/2006	2818	2818	2787	2800	5044800	2662.72
18/01/2006	2723	2735	2675	2679	19213800	2547.65
19/01/2006	2671	2705	2664	2667	9743400	2536.24
20/01/2006	2679	2714	2661	2672	7356400	2540.99
23/01/2006	2679	2679	2635	2646	6399700	2516.27
24/01/2006	2642	2653	2603	2609	8880500	2481.08
25/01/2006	2619	2673	2613	2673	8236700	2541.95
26/01/2006	2678	2695	2658	2677	5827600	2545.75
27/01/2006	2686	2722	2686	2721	6262800	2587.59
30/01/2006	2707	2742	2694	2704	7749400	2571.43
31/01/2006	2710	2729	2695	2722	4920200	2588.54
01/02/2006	2723	2761	2723	2734	8003300	2599.95
02/02/2006	2751	2752	2625	2638	25014000	2508.66
03/02/2006	2649	2665	2639	2655	12660500	2524.83
06/02/2006	2655	2678	2628	2658	5013000	2527.68
07/02/2006	2665	2696	2650	2685	9287900	2553.36
08/02/2006	2615	2696	2615	2640	12807300	2599.64
09/02/2006	2643	2683	2624	2682	7012500	2641
10/02/2006	2680	2680	2624	2639	9227700	2598.65
13/02/2006	2651	2651	2616	2622	8652200	2581.91
14/02/2006	2634	2641	2500	2616	14297600	2576.01
15/02/2006	2625	2630	2602	2602	6483600	2562.22
16/02/2006	2603	2614	2587	2600	7136600	2560.25
17/02/2006	2606	2613	2581	2584	5751100	2544.49
20/02/2006	2590	2594	2568	2574	4313500	2534.65
21/02/2006	2582	2645	2575	2607	10583100	2567.14
22/02/2006	2597	2656	2594	2645	7648900	2604.56
23/02/2006	2653	2665	2614	2635	5768700	2594.71
24/02/2006	2625	2646	2612	2639	4520400	2598.65
27/02/2006	2634	2675	2634	2670	5684200	2629.18
28/02/2006	2670	2685	2627	2635	11035200	2594.71
01/03/2006	2626	2655	2621	2648	7285300	2607.52
02/03/2006	2630	2660	2616	2635	7719800	2594.71
03/03/2006	2635	2654	2616	2639	4868200	2598.65
06/03/2006	2650	2670	2644	2659	8685000	2618.35
07/03/2006	2660	2662	2633	2645	11995000	2604.56
08/03/2006	2650	2733	2647	2714	25914000	2672.51
09/03/2006	2746	2841	2730	2832	20322600	2788.7
10/03/2006	2838	2879	2797	2879	17401900	2834.98
13/03/2006	2925	2977	2910	2945	20727300	2899.98
14/03/2006	2954	2958	2904	2923	15766000	2878.31
15/03/2006	2936	2936	2867	2885	13097700	2840.89
16/03/2006	2870	2904	2859	2901	9116800	2856.65
17/03/2006	2901	2908	2887	2901	11098400	2856.65
20/03/2006	2909	2920	2869	2884	4759200	2839.91
21/03/2006	2894	2914	2880	2885	3749700	2840.89
22/03/2006	2925	2958	2888	2920	6833200	2875.36
23/03/2006	2911	2948	2911	2922	6386900	2877.33
24/03/2006	2921	2976	2916	2975	6708000	2929.52
27/03/2006	2957	2984	2891	2899	11549600	2854.68
28/03/2006	2911	2929	2891	2897	10635300	2852.71
29/03/2006	2919	2946	2903	2907	5849400	2862.56
30/03/2006	2900	2938	2900	2917	4338400	2872.4
31/03/2006	2901	2920	2885	2900	4989500	2855.66
03/04/2006	2900	2933	2877	2907	7130800	2862.56
04/04/2006	2891	2917	2883	2900	7013600	2855.66
05/04/2006	2901	2936	2881	2924	7808300	2879.3
06/04/2006	2924	2950	2916	2922	7698900	2877.33
07/04/2006	2922	2959	2920	2939	9635300	2894.07
10/04/2006	2926	2947	2916	2922	6515700	2877.33
11/04/2006	2937	2939	2904	2910	6450900	2865.51
12/04/2006	2912	2935	2912	2925	7028200	2880.28
13/04/2006	2927	2943	2920	2940	4628200	2895.05
14/04/2006	2940	2940	2940	2940	0	2895.05
17/04/2006	2940	2940	2940	2940	0	2895.05
18/04/2006	2915	2937	2915	2926	9066000	2881.27
19/04/2006	2945	2950	2920	2948	4820100	2902.93
20/04/2006	2949	3003	2933	2990	9275100	2944.29
21/04/2006	2985	3035	2973	3033	8091800	2986.63
24/04/2006	3006	3030	2982	2992	4219300	2946.26
25/04/2006	3003	3032	2987	3000	6124000	2954.13
26/04/2006	3010	3028	2976	2991	6791400	2945.27
27/04/2006	2987	3077	2965	3055	18190100	3008.29
28/04/2006	3055	3068	3002	3030	6335900	2983.68
01/05/2006	3030	3030	3030	3030	0	2983.68
02/05/2006	3024	3028	2985	3013	5228100	2966.94
03/05/2006	3015	3029	2968	2974	7274600	2928.53
04/05/2006	2943	2963	2921	2953	10821800	2907.85
05/05/2006	2941	2949	2917	2930	9348700	2885.2
08/05/2006	2926	2946	2906	2927	3474500	2882.25
09/05/2006	2931	2967	2926	2955	6646300	2909.82
10/05/2006	2942	2960	2933	2942	5202800	2897.02
11/05/2006	2949	2954	2895	2901	5862500	2856.65
12/05/2006	2898	2903	2854	2857	8473600	2813.32
15/05/2006	2836	2864	2795	2850	10608900	2806.43
16/05/2006	2864	2907.86	2845.62	2900	8448400	2855.66
17/05/2006	2900	2916.43	2826	2826	8004100	2782.79
18/05/2006	2808	2885.43	2792	2816	9994300	2772.95
19/05/2006	2816	2825.75	2785	2801	11886200	2758.18
22/05/2006	2807	2807	2746.94	2757	7610100	2714.85
23/05/2006	2757	2829	2746.82	2822	7941800	2778.86
24/05/2006	2806	2845	2778	2795	6967000	2752.27
25/05/2006	2825	2836	2797.9	2813	3814500	2769.99
26/05/2006	2811	2854	2796	2849	5913400	2805.44
29/05/2006	2849	2849	2849	2849	0	2805.44
30/05/2006	2847	2847	2768	2773	5949300	2730.6
31/05/2006	2765	2828	2745	2824	10019300	2780.83
01/06/2006	2823	2864	2789.5	2864	6841700	2820.21
02/06/2006	2870	2899.3	2864	2896	6892600	2851.72
05/06/2006	2891	2928	2881	2914	4664500	2869.45
06/06/2006	2893	2914.15	2810	2889	6517700	2844.83
07/06/2006	2885	2916.46	2869.95	2915	4506500	2870.43
08/06/2006	2872	2915	2817	2819	7984100	2775.9
09/06/2006	2850	2922.25	2819	2909	13594400	2864.53
12/06/2006	2908	2929.25	2888.4	2925	8625500	2880.28
13/06/2006	2900	2943.47	2890	2942	12483500	2897.02
14/06/2006	2935	3082.5	2896.78	3016	17507000	2969.89
15/06/2006	3062	3120	3032	3063	16660500	3016.17
16/06/2006	3094	3091.78	2908.25	3032	14689200	2985.64
19/06/2006	3049	3093.15	3035.87	3074	3745800	3027
20/06/2006	3058	3131.13	3056.05	3130	7069100	3082.15
21/06/2006	3135	3146	3088	3104	6953400	3056.54
22/06/2006	3123	3151.45	3095.51	3115	11472500	3067.38
23/06/2006	3110	3141	3097.15	3122	6230800	3074.27
26/06/2006	3130	3136.4	3107.15	3115	10215200	3067.38
27/06/2006	3144	3144	3092.07	3093	6216100	3045.71
28/06/2006	3078	3149	3073	3131	5136700	3083.13
29/06/2006	3151	3245	3146	3242	8821300	3192.43
30/06/2006	3243	3289	3230	3264	8467700	3214.1
03/07/2006	3254	3271	3246	3264	4703600	3214.1
04/07/2006	3253	3253	3203	3219	5964700	3169.79
05/07/2006	3212	3242	3174	3194	5171800	3145.17
06/07/2006	3196	3258	3196	3246	8301500	3196.37
07/07/2006	3246	3255	3217	3243	4662700	3193.42
10/07/2006	3259	3284	3226	3280	6412400	3229.85
11/07/2006	3278	3292	3238	3248	4910600	3198.34
12/07/2006	3256	3277	3231	3253	5349200	3203.27
13/07/2006	3232	3237	3165	3180	6802200	3131.38
14/07/2006	3160	3161	3119	3123	4657100	3075.25
17/07/2006	3117	3129	3085	3101	6775700	3053.59
18/07/2006	3103	3125	3087	3113	4194500	3065.41
19/07/2006	3130	3172	3086	3159	6725800	3110.7
20/07/2006	3164	3195	3164	3178	5222200	3129.41
21/07/2006	3177	3213	3170	3193	6728600	3144.18
24/07/2006	3224	3329	3211	3314	9472900	3263.33
25/07/2006	3312	3332	3274	3290	7707300	3239.7
26/07/2006	3287	3323	3276	3320	5479800	3269.24
27/07/2006	3338	3351	3104	3209	18656600	3159.94
28/07/2006	3209	3268	3194	3258	6044900	3208.19
31/07/2006	3258	3295	3258	3269	7440100	3219.02
01/08/2006	3290	3290	3223	3235	7860200	3185.54
02/08/2006	3231	3236	3157	3210	6696600	3160.92
03/08/2006	3210	3210	3210	3210	0	3160.92
04/08/2006	3183	3220	3171	3217	5851400	3167.82
07/08/2006	3183	3238	3183	3196	4672300	3147.14
08/08/2006	3219	3222	3195	3205	7952400	3156
09/08/2006	3198	3218	3154	3213	7756900	3213
10/08/2006	3190	3226	3154	3212	5382700	3212
11/08/2006	3206	3214	3178	3195	6094600	3195
14/08/2006	3201	3249	3200	3249	4054800	3249
15/08/2006	3248	3283	3226	3279	5774000	3279
16/08/2006	3278	3293	3251	3282	8800200	3282
17/08/2006	3278	3307	3278	3295	5405100	3295
18/08/2006	3299	3330	3283	3320	4346900	3320
21/08/2006	3320	3352	3320	3343	3941800	3343
22/08/2006	3350	3350	3304	3332	4890700	3332
23/08/2006	3318	3339	3317	3331	4379000	3331
24/08/2006	3336	3346	3311	3340	6412400	3340
25/08/2006	3342	3351	3319	3331	3941900	3331
28/08/2006	3331	3331	3331	3331	0	3331
29/08/2006	3349	3374	3340	3367	4888200	3367
30/08/2006	3369	3414	3369	3385	7519700	3385
31/08/2006	3407	3416	3363	3404	7662700	3404
01/09/2006	3406	3444	3403	3435	3788700	3435
04/09/2006	3436	3446	3417	3429	2928700	3429
05/09/2006	3423	3439	3376	3391	7397400	3391
06/09/2006	3397	3398	3349	3360	5900100	3360
07/09/2006	3367	3382	3332	3345	5625500	3345
08/09/2006	3299	3320	3276	3300	7135600	3300
11/09/2006	3273	3300	3266	3294	4789300	3294
12/09/2006	3302	3367	3294	3356	4994100	3356
13/09/2006	3368	3368	3308	3328	4134900	3328
14/09/2006	3326	3360	3310	3330	5951400	3330
15/09/2006	3330	3345	3295	3295	7088900	3295
18/09/2006	3323	3352	3300	3324	4317900	3324
19/09/2006	3332	3347	3286	3292	5074300	3292
20/09/2006	3297	3346	3282	3339	4246900	3339
21/09/2006	3339	3357	3305	3342	4598700	3342
22/09/2006	3315	3343	3302	3324	2893300	3324
25/09/2006	3332	3365	3296	3308	7851100	3308
26/09/2006	3320	3338	3299	3313	6018800	3313
27/09/2006	3325	3340	3308	3338	5885700	3338
28/09/2006	3345	3369	3335	3355	2542300	3355
29/09/2006	3365	3365	3329	3338	4149800	3338
02/10/2006	3356	3364	3322	3335	4623300	3335
03/10/2006	3324	3349	3310	3349	3985300	3349
04/10/2006	3354	3360	3305	3345	5444200	3345
05/10/2006	3360	3378	3326	3353	8770700	3353
06/10/2006	3359	3372	3294	3300	6636400	3300
09/10/2006	3305	3322	3293	3312	4940100	3312
10/10/2006	3317	3328	3293	3296	7803000	3296
11/10/2006	3310	3315	3281	3288	8922600	3288
12/10/2006	3280	3345	3280	3335	6444300	3335
13/10/2006	3340	3360	3325	3353	5961100	3353
16/10/2006	3344	3379	3337	3368	4744800	3368
17/10/2006	3374	3387	3368	3376	4105100	3376
18/10/2006	3381	3432	3381	3422	6843800	3422
19/10/2006	3408	3524	3408	3509	11957400	3509
20/10/2006	3508	3530	3477	3504	6363300	3504
23/10/2006	3507	3527	3490	3498	5173400	3498
24/10/2006	3495	3523	3472	3487	4932800	3487
25/10/2006	3480	3529	3456	3529	6548300	3529
26/10/2006	3380	3434	3224	3262	32017400	3262
27/10/2006	3268	3268	3106	3139	21311400	3139
30/10/2006	3117	3158	3105	3151	10068000	3151
31/10/2006	3137	3156	3097	3098	10651600	3098
01/11/2006	3089	3168	3089	3152	10692700	3152
02/11/2006	3144	3218	3134	3200	10299800	3200
03/11/2006	3201	3217	3186	3190	7809400	3190
06/11/2006	3161	3219	3161	3216	4169000	3216
07/11/2006	3208	3240	3208	3226	6014700	3226
08/11/2006	3211	3224	3151	3162	6987100	3162
09/11/2006	3161	3161	3060	3075	15595800	3075
10/11/2006	3055	3055	2978	3010	19935900	3010
13/11/2006	3018	3081	3005	3066	8755400	3066
14/11/2006	3066	3089	3050	3058	5076100	3058
15/11/2006	3086	3098	3061	3070	4826400	3070
16/11/2006	3080	3102	3067	3080	4742500	3080
17/11/2006	3090	3090	3028	3035	5807600	3035
20/11/2006	3040	3042	3005	3031	7106400	3031
21/11/2006	3025	3029	2987	3010	10934100	3010
22/11/2006	2983	3024	2980	3000	10177800	3000
23/11/2006	3012	3012	2960	2990	8295300	2990
24/11/2006	2979	2993	2965	2973	6344300	2973
27/11/2006	2965	2975	2906	2919	9632700	2919
28/11/2006	2924	2952	2885	2931	10159600	2931
29/11/2006	2950	3038	2933	3008	11878700	3008
30/11/2006	3004	3020	2944	2950	10549000	2950
01/12/2006	2943	2950	2850	2890	16371400	2890
04/12/2006	2922	2945	2890	2905	14681200	2905
05/12/2006	2908	2929	2896	2899	6901000	2899
06/12/2006	2901	2910	2849	2870	10105400	2870
07/12/2006	2858	2912	2854	2901	9277700	2901
08/12/2006	2891	2920	2881	2914	5051200	2914
11/12/2006	2904	2904	2875	2892	7065000	2892
12/12/2006	2883	2936	2883	2925	8699000	2925
13/12/2006	2925	2933	2887	2900	8806100	2900
14/12/2006	2908	2918	2874	2889	8198300	2889
15/12/2006	2894	2903	2866	2871	17614200	2871
18/12/2006	2873	2899	2852	2864	6578700	2864
19/12/2006	2856	2872	2707	2738	23076400	2738
20/12/2006	2739	2744	2717	2735	10974700	2735
21/12/2006	2729	2742	2722	2728	5335500	2728
22/12/2006	2702	2753	2702	2737	2653900	2737
25/12/2006	2737	2737	2737	2737	0	2737
26/12/2006	2737	2737	2737	2737	0	2737
27/12/2006	2714	2757	2714	2750	3086300	2750
28/12/2006	2755	2755	2736	2747	6612600	2747
29/12/2006	2742	2753	2732	2744	4383700	2744
01/01/2007	2744	2744	2744	2744	0	2744
02/01/2007	2754	2785	2733	2774	3522200	2774
03/01/2007	2769	2787	2748	2787	8474800	2787
04/01/2007	2765	2855	2765	2846	13362700	2846
05/01/2007	2832	2896	2832	2858	11039500	2858
08/01/2007	2880	2897	2800	2804	7415000	2804
09/01/2007	2814	2829	2797	2806	7499000	2806
10/01/2007	2788	2822	2780	2794	7768900	2794
11/01/2007	2805	2841	2784	2836	11059600	2836
12/01/2007	2840	2887	2840	2873	13548200	2873
15/01/2007	2889	2910	2883	2896	5217400	2896
16/01/2007	2885	2933	2885	2914	7539900	2914
17/01/2007	2906	2936	2893	2898	8547900	2898
18/01/2007	2909	2922	2875	2885	6573800	2885
19/01/2007	2892	2893	2853	2890	6724800	2890
22/01/2007	2881	2887	2839	2850	7201300	2850
23/01/2007	2841	2863	2828	2834	5843400	2834
24/01/2007	2833	2896	2825	2882	8809100	2882
25/01/2007	2880	2892	2842	2844	7283800	2844
26/01/2007	2823	2832	2789	2804	9866300	2804
29/01/2007	2796	2831	2772	2811	6513700	2811
30/01/2007	2812	2850	2810	2826	5572800	2826
31/01/2007	2823	2851	2811	2840	10626700	2840
01/02/2007	2838	2953	2800	2903	19738200	2903
02/02/2007	2918	2968	2914	2935	9663100	2935
05/02/2007	2940	2953	2929	2944	5362800	2944
06/02/2007	2944	2991	2935	2984	12145200	2984
07/02/2007	2923	2951	2913	2950	8897200	2950
08/02/2007	2962	2962	2926	2935	4762700	2935
09/02/2007	2946	2947	2910	2923	6542600	2923
12/02/2007	2899	2924	2891	2921	6780500	2921
13/02/2007	2916	2941	2915	2932	5129600	2932
14/02/2007	2931	2941	2917	2936	4688200	2936
15/02/2007	2929	2961	2907	2948	5136400	2948
16/02/2007	2938	2990	2938	2956	6586400	2956
19/02/2007	2956	2966	2929	2946	4511300	2946
20/02/2007	2946	2950	2920	2933	4086800	2933
21/02/2007	2948	2953	2905	2908	6510100	2908
22/02/2007	2913	2935	2903	2906	6183200	2906
23/02/2007	2907	2920	2895	2911	5186900	2911
26/02/2007	2903	2932	2903	2921	4599900	2921
27/02/2007	2920	2925	2874	2879	8664300	2879
28/02/2007	2839	2907	2829	2864	11930600	2864
01/03/2007	2856	2856	2780	2810	14006300	2810
02/03/2007	2812	2828	2778	2803	8579900	2803
05/03/2007	2774	2814	2747	2797	8442200	2797
06/03/2007	2815	2849	2788	2843	7975900	2843
07/03/2007	2852	2882	2824	2869	6362900	2869
08/03/2007	2889	2926	2876	2919	8505000	2919
09/03/2007	2923	2960	2895	2953	8814900	2953
12/03/2007	2930	2949	2914	2937	8988900	2937
13/03/2007	2926	2938	2901	2912	7778500	2912
14/03/2007	2877	2905	2848	2853	9052400	2853
15/03/2007	2879	2882	2843	2874	7925700	2874
16/03/2007	2874	2910	2871	2881	8983400	2881
19/03/2007	2871	2890	2756	2861	15746800	2861
20/03/2007	2849	2857	2809	2855	11055200	2855
21/03/2007	2867	2867	2824	2836	10113400	2836
22/03/2007	2872	2872	2801	2838	12801300	2838
23/03/2007	2838	2838	2789	2799	12042200	2799
26/03/2007	2805	2810	2752	2762	16095400	2762
27/03/2007	2770	2790	2734	2755	10648900	2755
28/03/2007	2741	2773	2708	2737	9402800	2737
29/03/2007	2733	2746	2718	2739	6734400	2739
30/03/2007	2743	2748	2721	2734	6872200	2734
02/04/2007	2737	2760	2702	2718	11911800	2718
03/04/2007	2724	2743	2714	2730	8900600	2730
04/04/2007	2729	2758	2701	2749	12399100	2749
05/04/2007	2744	2772	2728	2766	4324400	2766
06/04/2007	2766	2766	2766	2766	0	2766
09/04/2007	2766	2766	2766	2766	0	2766
10/04/2007	2770	2773	2723	2735	12052400	2735
11/04/2007	2724	2739	2710	2720	9800300	2720
12/04/2007	2728	2763	2705	2751	10613300	2751
13/04/2007	2752	2838	2752	2820	13979600	2820
16/04/2007	2849	2865	2816	2860	10564500	2860
17/04/2007	2859	2863	2830	2855	6917400	2855
18/04/2007	2836	2901	2836	2880	10846000	2880
19/04/2007	2852	2931	2852	2918	11341900	2918
20/04/2007	2942	2973	2934	2953	15897600	2953
23/04/2007	2897	2925	2820	2832	27897200	2832
24/04/2007	2810	2810	2755	2789	26027700	2789
25/04/2007	2775	2785	2747	2762	12504300	2762
26/04/2007	2774	2792	2746	2760	11811300	2760
27/04/2007	2751	2763	2721	2740	9599200	2740
30/04/2007	2726	2765	2725	2740	7979700	2740
01/05/2007	2723	2732	2702	2713	7019100	2713
02/05/2007	2722	2723	2668	2700	15540100	2700
03/05/2007	2701	2728	2650	2665	15865400	2665
04/05/2007	2685	2709	2662	2697	7048000	2697
07/05/2007	2697	2697	2697	2697	0	2697
08/05/2007	2704	2708	2663	2693	6926000	2693
09/05/2007	2700	2718	2691	2696	9549000	2696
10/05/2007	2702	2714	2678	2695	9394200	2695
11/05/2007	2677	2694	2672	2688	8833100	2688
14/05/2007	2689	2699	2665	2685	5372100	2685
15/05/2007	2680	2732	2680	2722	15595000	2722
16/05/2007	2710	2729	2705	2724	9626200	2724
17/05/2007	2727	2762	2725	2745	8314700	2745
18/05/2007	2765	2765	2738	2748	8348400	2748
21/05/2007	2745	2760	2719	2720	7850800	2720
22/05/2007	2716	2717	2696	2707	14110600	2707
23/05/2007	2714	2725	2695	2702	7814800	2702
24/05/2007	2685	2701	2674	2694	12647900	2694
25/05/2007	2696	2710	2673	2693	11474900	2693
28/05/2007	2693	2693	2693	2693	0	2693
29/05/2007	2718	2718	2673	2703	5849200	2703
30/05/2007	2677	2697	2671	2693	8042100	2693
31/05/2007	2701	2708	2676	2686	6548900	2686
01/06/2007	2686	2686	2686	2686	0	2686
04/06/2007	2676	2686	2664	2675	5807400	2675
05/06/2007	2673	2680	2635	2648	10367500	2648
06/06/2007	2635	2680	2623	2625	11640800	2625
07/06/2007	2632	2652	2595	2610	10294700	2610
08/06/2007	2586	2590	2558	2574	15768100	2574
11/06/2007	2571	2634	2571	2634	10930300	2634
12/06/2007	2629	2638	2616	2622	9354500	2622
13/06/2007	2612	2620	2585	2596	14337300	2596
14/06/2007	2611	2618	2577	2604	10090300	2604
15/06/2007	2612	2629	2594	2623	12646600	2623
18/06/2007	2623	2632	2611	2618	5363100	2618
19/06/2007	2625	2628	2597	2603	7968100	2603
20/06/2007	2610	2623	2586	2608	7847000	2608
21/06/2007	2597	2605	2568	2580	7993100	2580
22/06/2007	2585	2592	2552	2567	9959900	2567
25/06/2007	2564	2594	2555	2585	12546300	2585
26/06/2007	2565	2595	2565	2583	8415000	2583
27/06/2007	2583	2681	2582	2659	17355700	2659
28/06/2007	2666	2666	2631	2651	7695300	2651
29/06/2007	2668	2686	2621	2683	7255400	2683
02/07/2007	2674	2701	2656	2658	5726600	2658
03/07/2007	2652	2687	2644	2669	5117700	2669
04/07/2007	2657	2696	2657	2684	4475300	2684
05/07/2007	2695	2711	2664	2669	6616200	2669
06/07/2007	2679	2699	2673	2688	6585600	2688
09/07/2007	2684	2702	2649	2663	7908100	2663
10/07/2007	2657	2677	2627	2631	7218100	2631
11/07/2007	2648	2725	2631	2695	17118100	2695
12/07/2007	2707	2754	2693	2748	10524100	2748
13/07/2007	2770	2786	2750	2765	7679600	2765
16/07/2007	2772	2793	2752	2770	5657400	2770
17/07/2007	2774	2776	2745	2754	5718000	2754
18/07/2007	2722	2741	2685	2689	9223200	2689
19/07/2007	2729	2739	2698	2718	6881400	2718
20/07/2007	2725	2735	2700	2710	7206100	2710
23/07/2007	2702	2721	2690	2710	4380500	2710
24/07/2007	2713	2716	2664	2671	7654000	2671
25/07/2007	2669	2724	2655	2676	9173800	2676
26/07/2007	2669	2753	2582	2592	20411400	2592
27/07/2007	2562	2622	2549	2562	13847600	2562
30/07/2007	2564	2575	2540	2542	8618500	2542
31/07/2007	2547	2563	2535	2559	13066100	2559
01/08/2007	2537	2563	2506	2530	11344200	2530
02/08/2007	2547	2559	2530	2545	8199800	2545
03/08/2007	2544	2551	2506	2509	7727700	2509
06/08/2007	2492	2547	2483	2522	9185800	2522
07/08/2007	2538	2553	2488	2524	11574700	2524
08/08/2007	2518	2523	2482	2517	12092600	2517
09/08/2007	2513	2522	2200	2430	33036200	2430
10/08/2007	2415	2443	2350	2350	16619600	2350
13/08/2007	2370	2387	2354	2370	12651800	2370
14/08/2007	2364	2376	2352	2359	16423500	2359
15/08/2007	2351	2351	2315	2330	12546100	2330
16/08/2007	2298	2306	2250	2278	19626900	2278
17/08/2007	2260	2350	2246	2336	15520400	2336
20/08/2007	2341	2395	2341	2354	7164400	2354
21/08/2007	2365	2383	2331	2378	6472700	2378
22/08/2007	2391	2410	2373	2404	7264700	2404
23/08/2007	2410	2443	2397	2412	6800600	2412
24/08/2007	2415	2446	2415	2433	6573600	2433
27/08/2007	2433	2433	2433	2433	0	2433
28/08/2007	2406	2419	2375	2387	5650500	2387
29/08/2007	2388	2407	2358	2391	7905700	2391
30/08/2007	2397	2419	2370	2417	6465600	2417
31/08/2007	2425	2446	2398	2445	8066000	2445
03/09/2007	2455	2464	2418	2432	3858400	2432
04/09/2007	2419	2468	2411	2466	6790600	2466
05/09/2007	2455	2466	2417	2424	5691100	2424
06/09/2007	2441	2448	2388	2425	8035100	2425
07/09/2007	2400	2428	2373	2373	14480900	2373
10/09/2007	2382	2396	2341	2345	4885000	2345
11/09/2007	2366	2393	2354	2393	5621000	2393
12/09/2007	2380	2392	2367	2387	3634500	2387
13/09/2007	2393	2393	2365	2388	7624300	2388
14/09/2007	2367	2392	2349	2375	8244800	2375
17/09/2007	2375	2382	2352	2362	7038200	2362
18/09/2007	2348	2375	2341	2360	7335600	2360
19/09/2007	2391	2433	2367	2418	8835700	2418
20/09/2007	2407	2431	2394	2416	6189100	2416
21/09/2007	2423	2446	2420	2427	11254500	2427
24/09/2007	2423	2461	2415	2437	7679300	2437
25/09/2007	2433	2466	2425	2430	9754700	2430
26/09/2007	2431	2447	2402	2417	8636000	2417
27/09/2007	2429	2429	2401	2420	5873700	2420
28/09/2007	2412	2463	2408	2449	11006900	2449
01/10/2007	2433	2492	2427	2475	9257700	2475
02/10/2007	2476	2553	2472	2510	11917500	2510
03/10/2007	2505	2540	2505	2525	4622100	2525
04/10/2007	2524	2589	2517	2570	10901400	2570
05/10/2007	2571	2585	2542	2574	8846300	2574
08/10/2007	2571	2579	2544	2568	5219700	2568
09/10/2007	2561	2576	2546	2567	7960600	2567
10/10/2007	2567	2570	2543	2561	5728700	2561
11/10/2007	2560	2606	2547	2589	10465700	2589
12/10/2007	2582	2591	2557	2580	7954000	2580
15/10/2007	2575	2599	2551	2558	15453800	2558
16/10/2007	2549	2568	2525	2539	8236900	2539
17/10/2007	2551	2574	2536	2558	6985000	2558
18/10/2007	2563	2588	2554	2554	7561300	2554
19/10/2007	2521	2535	2447	2461	14831800	2461
22/10/2007	2412	2450	2402	2437	11491600	2437
23/10/2007	2446	2478	2427	2458	9094400	2458
24/10/2007	2448	2448	2369	2409	18053000	2409
25/10/2007	2429	2429	2390	2400	13082400	2400
26/10/2007	2388	2396	2353	2375	10637300	2375
29/10/2007	2375	2379	2338	2359	9859200	2359
30/10/2007	2355	2364	2332	2356	6219300	2356
31/10/2007	2365	2375	2335	2373	7525300	2373
01/11/2007	2320	2422	2296	2330	11851200	2330
02/11/2007	2323	2356	2290	2295	8394200	2295
05/11/2007	2296	2303	2239	2282	6505400	2282
06/11/2007	2297	2297	2245	2259	6949700	2259
07/11/2007	2258	2277	2229	2236	5003900	2236
08/11/2007	2232	2235	2180	2180	9126700	2180
09/11/2007	2193	2205	2135	2146	7436600	2146
12/11/2007	2148	2161	2121	2155	6519500	2155
13/11/2007	2131	2232	2124	2192	8734100	2192
14/11/2007	2214	2238	2193	2231	6387800	2231
15/11/2007	2233	2233	2182	2205	5410000	2205
16/11/2007	2192	2225	2177	2193	5891100	2193
19/11/2007	2190	2194	2124	2153	5694500	2153
20/11/2007	2155	2161	2102	2144	7653000	2144
21/11/2007	2120	2143	2090	2093	7076200	2093
22/11/2007	2103	2267	2092	2231	12087000	2231
23/11/2007	2226	2343	2225	2275	13975800	2275
26/11/2007	2275	2275	2225	2232	7831000	2232
27/11/2007	2208	2258	2207	2243	5707200	2243
28/11/2007	2244	2279	2222	2271	7262300	2271
29/11/2007	2255	2287	2224	2277	8012500	2277
30/11/2007	2280	2331	2257	2310	8799900	2310
03/12/2007	2302	2314	2278	2292	6101400	2292
04/12/2007	2286	2296	2252	2262	4688900	2262
05/12/2007	2281	2301	2256	2301	5395200	2301
06/12/2007	2284	2312	2250	2290	7309400	2290
07/12/2007	2301	2324	2286	2299	4828700	2299
10/12/2007	2300	2332	2283	2316	5076100	2316
11/12/2007	2303	2304	2283	2298	5007100	2298
12/12/2007	2275	2308	2264	2296	6725800	2296
13/12/2007	2275	2305	2262	2269	9647900	2269
14/12/2007	2251	2289	2251	2269	4727500	2269
17/12/2007	2243	2253	2222	2222	4663500	2222
18/12/2007	2210	2256	2207	2218	7104900	2218
19/12/2007	2216	2234	2205	2216	3865500	2216
20/12/2007	2225	2237	2208	2217	5114500	2217
21/12/2007	2243	2243	2199	2210	10375800	2210
24/12/2007	2215	2224	2190	2210	1184500	2210
25/12/2007	2210	2210	2210	2210	0	2210
26/12/2007	2210	2210	2210	2210	0	2210
27/12/2007	2203	2209	2174	2192	4549100	2192
28/12/2007	2181	2195	2154	2175	3442000	2175
31/12/2007	2175	2179	2152	2164	1190400	2164
01/01/2008	2164	2164	2164	2164	0	2164
02/01/2008	2163	2179	2141	2147	3717000	2147
03/01/2008	2142	2176	2132	2167	6949300	2167
04/01/2008	2160	2175	2107	2110	6597700	2110
07/01/2008	2109	2175	2109	2170	8617500	2170
08/01/2008	2182	2282	2155	2234	12782200	2234
09/01/2008	2233	2334	2231	2301	14336400	2301
10/01/2008	2305	2321	2256	2297	6894100	2297
11/01/2008	2310	2345	2295	2318	10183600	2318
14/01/2008	2303	2320	2271	2308	5981400	2308
15/01/2008	2280	2298	2220	2227	9244800	2227
16/01/2008	2256	2325	2250	2299	15166700	2299
17/01/2008	2302	2336	2282	2298	10966500	2298
18/01/2008	2300	2395	2291	2345	13371000	2345
21/01/2008	2314	2345	2206	2218	12568900	2218
22/01/2008	2175	2241	2094	2201	15676800	2201
23/01/2008	2251	2251	2131	2174	12287700	2174
24/01/2008	2231	2232	2148	2217	9130000	2217
25/01/2008	2250	2259	2162	2180	8227900	2180
28/01/2008	2169	2187	2137	2151	6464600	2151
29/01/2008	2178	2194	2155	2180	6370200	2180
30/01/2008	2162	2162	2116	2120	6705400	2120
31/01/2008	2103	2129	2014	2094	16354800	2094
01/02/2008	2067	2094	2056	2085	11980900	2085
04/02/2008	2100	2112	2080	2099	6233800	2099
05/02/2008	2105	2125	2060	2065	6942800	2065
06/02/2008	2015	2046	2000	2028	8518300	2028
07/02/2008	2020	2025	1954	1979	10711800	1979
08/02/2008	1986	1992	1920	1947	8313600	1947
11/02/2008	1943	1970	1922	1929	7343000	1929
12/02/2008	1937	1960	1889	1955	12733900	1955
13/02/2008	1956	2012	1944	1996	7459700	1996
14/02/2008	1996	2005	1940	1945	6747700	1945
15/02/2008	1941	1975	1941	1954	6910400	1954
18/02/2008	1965	2006	1965	2000	4921300	2000
19/02/2008	1988	2034	1983	2023	10980600	2023
20/02/2008	2010	2023	1993	1998	9936500	1998
21/02/2008	2012	2045	2000	2036	5443600	2036
22/02/2008	2031	2038	1997	2007	6266500	2007
25/02/2008	2017	2035	1984	1999	16022000	1999
26/02/2008	1998	2014	1982	2007	15112900	2007
27/02/2008	2015	2021	1956	1980	7278300	1980
28/02/2008	1973	1996	1931	1931	7103900	1931
29/02/2008	1937	1957	1893	1893	9375100	1893
03/03/2008	1879	1913	1866	1878	7948800	1878
04/03/2008	1873	1892	1837	1855	5665400	1855
05/03/2008	1860	1886	1853	1872	5831200	1872
06/03/2008	1878	1882	1835	1842	6222900	1842
07/03/2008	1825	1865	1815	1852	8279300	1852
10/03/2008	1846	1858	1818	1821	6277200	1821
11/03/2008	1828	1851	1817	1833	6996800	1833
12/03/2008	1860	1896	1843	1895	6702000	1895
13/03/2008	1880	1890	1837	1845	6829600	1845
14/03/2008	1836	1851	1772	1790	11003500	1790
17/03/2008	1757	1799	1743	1748	12056900	1748
18/03/2008	1765	1793	1753	1789	7196500	1789
19/03/2008	1812	1849	1794	1842	8817800	1842
20/03/2008	1834	1895	1831	1879	12030000	1879
21/03/2008	1879	1879	1879	1879	0	1879
24/03/2008	1879	1879	1879	1879	0	1879
25/03/2008	1940	1945	1907	1932	7582900	1932
26/03/2008	1905	1926	1844	1845	6578000	1845
27/03/2008	1848	1877	1838	1867	4042600	1867
28/03/2008	1870	1885	1840	1848	4257800	1848
31/03/2008	1900	1900	1863	1884	11106600	1884
01/04/2008	1904	2020	1890	2014	13738100	2014
02/04/2008	2036	2063	2021	2049	9773900	2049
03/04/2008	2048	2069	2031	2050	7444600	2050
04/04/2008	2052	2122	2052	2110	11399400	2110
07/04/2008	2116	2129	2062	2085	8499300	2085
08/04/2008	2059	2071	2012	2021	9788400	2021
09/04/2008	2015	2058	2015	2025	6596300	2025
10/04/2008	2016	2060	2013	2036	6565400	2036
11/04/2008	2050	2050	1998	2001	5470300	2001
14/04/2008	1986	2008	1981	1981	3546800	1981
15/04/2008	2130	2196	2113	2122	23083000	2122
16/04/2008	2128	2152	2096	2136	10083200	2136
17/04/2008	2140	2140	2066	2075	7719900	2075
18/04/2008	2060	2091	2052	2084	8010900	2084
21/04/2008	2095	2136	2087	2100	7021400	2100
22/04/2008	2085	2116	2069	2077	5431000	2077
23/04/2008	2070	2145	2069	2132	9385800	2132
24/04/2008	2163	2175	2016	2120	12751700	2120
25/04/2008	2133	2146	2093	2119	6986000	2119
28/04/2008	2123	2151	2115	2121	3198700	2121
29/04/2008	2102	2109	2084	2092	3216100	2092
30/04/2008	2098	2150	2088	2128	4671600	2128
01/05/2008	2126	2126	2085	2103	2544700	2103
02/05/2008	2111	2140	2104	2127	4607500	2127
05/05/2008	2127	2127	2127	2127	0	2127
06/05/2008	2139	2147	2076	2085	4516700	2085
07/05/2008	2105	2119	2090	2101	3374400	2101
08/05/2008	2093	2121	2088	2110	3109800	2110
09/05/2008	2104	2114	2064	2081	5149900	2081
12/05/2008	2084	2097	2071	2075	1424500	2075
13/05/2008	2095	2108	2062	2091	3547900	2091
14/05/2008	2125	2149	2095	2130	5770000	2130
15/05/2008	2134	2181	2126	2170	7448000	2170
16/05/2008	2202	2236	2185	2225	10034900	2225
19/05/2008	2219	2306	2210	2289	7652600	2289
20/05/2008	2297	2401	2263	2263	10550500	2263
21/05/2008	2261	2279	2242	2259	5064600	2259
22/05/2008	2233	2247	2219	2222	3857200	2222
23/05/2008	2207	2232	2176	2178	4952100	2178
26/05/2008	2178	2178	2178	2178	0	2178
27/05/2008	2190	2203	2170	2178	4156400	2178
28/05/2008	2190	2207	2168	2180	3814000	2180
29/05/2008	2181	2208	2174	2206	4205200	2206
30/05/2008	2218	2237	2202	2205	4978900	2205
02/06/2008	2211	2211	2168	2180	3552400	2180
03/06/2008	2197	2205	2167	2200	2595200	2200
04/06/2008	2189	2193	2159	2180	3153100	2180
05/06/2008	2191	2215	2177	2194	3602700	2194
06/06/2008	2185	2215	2131	2139	3968200	2139
09/06/2008	2125	2171	2123	2126	4814800	2126
10/06/2008	2119	2138	2095	2112	4292000	2112
11/06/2008	2110	2147	2075	2083	4678000	2083
12/06/2008	2073	2126	2059	2116	4224400	2116
13/06/2008	2085	2115	2082	2106	4190900	2106
16/06/2008	2139	2139	2075	2087	2793400	2087
17/06/2008	2092	2127	2076	2096	3422900	2096
18/06/2008	2085	2135	2069	2108	5882900	2108
19/06/2008	2095	2152	2089	2117	5743000	2117
20/06/2008	2120	2132	2092	2092	6171800	2092
23/06/2008	2091	2167	2088	2157	5156400	2157
24/06/2008	2159	2180	2117	2133	5930500	2133
25/06/2008	2138	2176	2138	2173	5324400	2173
26/06/2008	2165	2199	2147	2150	4893300	2150
27/06/2008	2147	2166	2095	2102	4848200	2102
30/06/2008	2105	2146	2091	2142	4267700	2142
01/07/2008	2124	2143	2089	2130	5316800	2130
02/07/2008	2201	2287	2201	2233	12363700	2233
03/07/2008	2228	2326	2217	2314	10606700	2314
04/07/2008	2330	2380	2300	2356	5411700	2356
07/07/2008	2358	2365	2314	2350	5589400	2350
08/07/2008	2309	2409	2309	2390	8120500	2390
09/07/2008	2404	2460	2397	2457	7654500	2457
10/07/2008	2418	2452	2366	2366	8059300	2366
11/07/2008	2366	2369	2292	2292	5794900	2292
14/07/2008	2318	2333	2260	2264	5183200	2264
15/07/2008	2264	2293	2236	2276	5469300	2276
16/07/2008	2292	2292	2231	2254	6676600	2254
17/07/2008	2235	2253	2200	2233	6926400	2233
18/07/2008	2213	2286	2213	2272	6600700	2272
21/07/2008	2263	2305	2223	2289	6298700	2289
22/07/2008	2303	2334	2248	2324	6137200	2324
23/07/2008	2312	2334	2276	2315	6506900	2315
24/07/2008	2312	2354	2284	2346	5018900	2346
25/07/2008	2324	2391	2324	2365	7258000	2365
28/07/2008	2353	2353	2278	2284	4962500	2284
29/07/2008	2269	2325	2256	2314	2024900	2314
30/07/2008	2334	2407	2334	2390	5416200	2390
31/07/2008	2387	2507	2318	2468	14082500	2468
01/08/2008	2450	2511	2419	2437	9849800	2437
04/08/2008	2406	2500	2406	2487	7625700	2487
05/08/2008	2525	2554	2504	2549	7488600	2549
06/08/2008	2536	2557	2504	2543	8575400	2543
07/08/2008	2555	2560	2525	2545	6942900	2545
08/08/2008	2540	2593	2531	2593	4806100	2593
11/08/2008	2555	2594	2542	2581	7011100	2581
12/08/2008	2538	2586	2538	2562	4367800	2562
13/08/2008	2550	2623	2536	2605	8586800	2605
14/08/2008	2619	2639	2594	2619	5284000	2619
15/08/2008	2636	2668	2604	2614	4700200	2614
18/08/2008	2605	2657	2583	2637	4081100	2637
19/08/2008	2611	2638	2589	2605	5189500	2605
20/08/2008	2603	2610	2558	2575	2522800	2575
21/08/2008	2543	2580	2540	2560	2637300	2560
22/08/2008	2572	2651	2570	2651	4849600	2651
25/08/2008	2651	2651	2651	2651	0	2651
26/08/2008	2604	2662	2593	2654	5141400	2654
27/08/2008	2640	2659	2616	2647	3915400	2647
28/08/2008	2656	2704	2645	2689	4501500	2689
29/08/2008	2740	2740	2675	2693	3751300	2693
01/09/2008	2674	2753	2668	2736	2871900	2736
02/09/2008	2753	2796	2730	2766	5500000	2766
03/09/2008	2787	2788	2683	2692	5429700	2692
04/09/2008	2666	2704	2616	2624	4275500	2624
05/09/2008	2626	2650	2592	2605	6348700	2605
08/09/2008	2613	2638	2562	2609	2473700	2609
09/09/2008	2621	2678	2614	2628	7667000	2628
10/09/2008	2630	2660	2609	2642	5894400	2642
11/09/2008	2596	2600	2507	2566	9212700	2566
12/09/2008	2607	2607	2507	2556	4797700	2556
15/09/2008	2561	2561	2475	2505	8225900	2505
16/09/2008	2505	2537	2420	2441	10164800	2441
17/09/2008	2410	2491	2410	2455	6856800	2455
18/09/2008	2420	2448	2397	2415	10108300	2415
19/09/2008	2300	2499	2300	2471	6913200	2471
22/09/2008	2484	2538	2473	2521	6050300	2521
23/09/2008	2517	2555	2493	2537	5769000	2537
24/09/2008	2534	2545	2459	2460	5458900	2460
25/09/2008	2481	2543	2454	2534	5149600	2534
26/09/2008	2528	2535	2491	2517	5514700	2517
29/09/2008	2472	2518	2425	2432	7843500	2432
30/09/2008	2396	2490	2392	2460	9590600	2460
01/10/2008	2482	2533	2473	2527	6682900	2527
02/10/2008	2549	2603	2501	2535	5993500	2535
03/10/2008	2560	2577	2513	2555	4872200	2555
06/10/2008	2456	2494	2391	2432	4525500	2432
07/10/2008	2452	2519	2429	2462	4180300	2462
08/10/2008	2391	2449	2257	2294	7701600	2294
09/10/2008	2340	2347	2178	2225	6685000	2225
10/10/2008	2037	2190	2015	2075	10589300	2075
13/10/2008	2121	2222	2107	2216	10021200	2216
14/10/2008	2299	2343	2224	2301	6489500	2301
15/10/2008	2318	2320	2182	2208	7824200	2208
16/10/2008	2130	2247	2095	2217	5461000	2217
17/10/2008	2310	2341	2199	2333	9349200	2333
20/10/2008	2386	2386	2293	2362	6711000	2362
21/10/2008	2400	2400	2269	2295	8396400	2295
22/10/2008	2237	2337	2237	2330	7541700	2330
23/10/2008	2344	2397	2300	2395	8832800	2395
24/10/2008	2369	2384	2200	2311	9567700	2311
27/10/2008	2210	2409	2209	2379	7988100	2379
28/10/2008	2421	2421	2326	2349	6597400	2349
29/10/2008	2412	2458	2373	2423	7331700	2423
30/10/2008	2439	2587	2367	2550	12718300	2550
31/10/2008	2550	2672	2529	2630	7480200	2630
03/11/2008	2662	2705	2598	2704	5664700	2704
04/11/2008	2700	2766	2685	2758	8123400	2758
05/11/2008	2776	2780	2612	2649	8738700	2649
06/11/2008	2621	2661	2587	2594	7790200	2594
07/11/2008	2620	2696	2574	2684	6596200	2684
10/11/2008	2780	2811	2750	2770	8799200	2770
11/11/2008	2761	2766	2697	2736	8297200	2736
12/11/2008	2749	2810	2742	2790	9365400	2790
13/11/2008	2757	2843	2723	2837	7736200	2837
14/11/2008	2875	2916	2868	2888	7145800	2888
17/11/2008	2872	2883	2792	2810	5605900	2810
18/11/2008	2785	2825	2761	2805	6246000	2805
19/11/2008	2755	2775	2487	2501	18082400	2501
20/11/2008	2428	2527	2405	2459	10868700	2459
21/11/2008	2450	2459	2227	2245	13845400	2245
24/11/2008	2290	2480	2269	2472	10228500	2472
25/11/2008	2487	2494	2350	2369	8495000	2369
26/11/2008	2365	2441	2365	2384	7323000	2384
27/11/2008	2438	2450	2306	2322	5334900	2322
28/11/2008	2322	2445	2321	2445	5763000	2445
01/12/2008	2430	2484	2406	2420	4514800	2420
02/12/2008	2384	2476	2380	2475	5256300	2475
03/12/2008	2450	2621	2446	2608	7298200	2608
04/12/2008	2609	2677	2531	2583	7275500	2583
05/12/2008	2559	2635	2546	2565	7194800	2565
08/12/2008	2658	2733	2646	2700	7152000	2700
09/12/2008	2651	2709	2651	2688	5173800	2688
10/12/2008	2682	2692	2612	2639	4139200	2639
11/12/2008	2623	2653	2579	2625	4891000	2625
12/12/2008	2552	2616	2536	2603	4812200	2603
15/12/2008	2616	2641	2518	2538	4984800	2538
16/12/2008	2560	2619	2539	2593	6352900	2593
17/12/2008	2622	2625	2559	2622	6976500	2622
18/12/2008	2642	2718	2630	2702	6250100	2702
19/12/2008	2687	2742	2659	2736	11510800	2736
22/12/2008	2701	2737	2678	2700	4259000	2700
23/12/2008	2700	2744	2692	2711	2911800	2711
24/12/2008	2682	2711	2605	2627	909900	2627
25/12/2008	2627	2627	2627	2627	0	2627
26/12/2008	2627	2627	2627	2627	0	2627
29/12/2008	2687	2770	2666	2754	4646900	2754
30/12/2008	2779	2800	2744	2748	2434700	2748
31/12/2008	2815	2843	2780	2807	1068700	2807
01/01/2009	2807	2807	2807	2807	0	2807
02/01/2009	2772	2800	2747	2794	1563400	2794
05/01/2009	2819	2819	2689	2699	4553800	2699
06/01/2009	2717	2792	2713	2792	4270600	2792
07/01/2009	2795	2806	2727	2756	4795600	2756
08/01/2009	2724	2741	2688	2732	3506900	2732
09/01/2009	2732	2796	2722	2744	3807800	2744
12/01/2009	2741	2759	2713	2759	2488500	2759
13/01/2009	2758	2758	2711	2751	2751800	2751
14/01/2009	2789	2789	2667	2708	5848100	2708
15/01/2009	2697	2738	2674	2723	4850700	2723
16/01/2009	2743	2745	2685	2689	5626300	2689
19/01/2009	2717	2790	2704	2760	4685300	2760
20/01/2009	2771	2850	2752	2805	7025000	2805
21/01/2009	2799	2825	2714	2748	7632900	2748
22/01/2009	2748	2803	2740	2780	4348100	2780
23/01/2009	2800	2881	2789	2881	6746000	2881
26/01/2009	2862	2966	2862	2947	5623700	2947
27/01/2009	2945	2956	2779	2832	7529600	2832
28/01/2009	2833	2913	2830	2860	5148300	2860
29/01/2009	2852	2930	2670	2680	14946000	2680
30/01/2009	2674	2726	2634	2671	7683800	2671
02/02/2009	2639	2702	2634	2694	4765000	2694
03/02/2009	2692	2780	2687	2767	5659900	2767
04/02/2009	2684	2694	2619	2622	7185600	2622
05/02/2009	2595	2640	2584	2628	5068900	2628
06/02/2009	2641	2641	2540	2584	6045900	2584
09/02/2009	2584	2604	2573	2587	2611400	2587
10/02/2009	2577	2657	2574	2613	4131400	2613
11/02/2009	2606	2647	2589	2639	3396800	2639
12/02/2009	2627	2630	2591	2625	3596600	2625
13/02/2009	2642	2656	2559	2563	4933900	2563
16/02/2009	2567	2606	2554	2561	1925900	2561
17/02/2009	2557	2568	2487	2500	4651500	2500
18/02/2009	2500	2521	2462	2506	4493300	2506
19/02/2009	2530	2531	2476	2488	3634500	2488
20/02/2009	2488	2488	2443	2463	4912100	2463
23/02/2009	2476	2486	2393	2393	4070000	2393
24/02/2009	2392	2458	2384	2415	5999800	2415
25/02/2009	2455	2459	2388	2400	4371000	2400
26/02/2009	2394	2408	2332	2357	4763800	2357
27/02/2009	2290	2311	2188	2243	14333600	2243
02/03/2009	2208	2283	2189	2240	6584300	2240
03/03/2009	2241	2326	2219	2238	6940300	2238
04/03/2009	2200	2247	2171	2213	6596800	2213
05/03/2009	2206	2242	2176	2183	5529200	2183
06/03/2009	2172	2178	2126	2147	5430000	2147
09/03/2009	2167	2260	2145	2223	7979000	2223
10/03/2009	2188	2285	2160	2275	7176800	2275
11/03/2009	2281	2292	2219	2249	5452400	2249
12/03/2009	2243	2304	2225	2287	5163900	2287
13/03/2009	2344	2358	2298	2313	4936300	2313
16/03/2009	2363	2454	2358	2453	7341200	2453
17/03/2009	2431	2467	2399	2424	5401100	2424
18/03/2009	2445	2463	2367	2373	6251900	2373
19/03/2009	2385	2402	2236	2255	13385800	2255
20/03/2009	2246	2306	2228	2286	11575000	2286
23/03/2009	2318	2326	2240	2275	4508000	2275
24/03/2009	2300	2318	2255	2277	4216000	2277
25/03/2009	2279	2311	2258	2279	4243500	2279
26/03/2009	2295	2313	2268	2282	5490900	2282
27/03/2009	2298	2310	2269	2275	4085800	2275
30/03/2009	2272	2368	2237	2352	7792200	2352
31/03/2009	2392	2460	2375	2451	6791800	2451
01/04/2009	2467	2473	2400	2425	4813200	2425
02/04/2009	2475	2492	2420	2459	6611700	2459
03/04/2009	2424	2467	2358	2383	6131700	2383
06/04/2009	2361	2392	2315	2375	5003300	2375
07/04/2009	2377	2413	2349	2355	3826000	2355
08/04/2009	2353	2367	2332	2350	4395700	2350
09/04/2009	2350	2360	2301	2315	3566500	2315
10/04/2009	2315	2315	2315	2315	0	2315
13/04/2009	2315	2315	2315	2315	0	2315
14/04/2009	2337	2337	2275	2321	4583100	2321
15/04/2009	2325	2351	2297	2316	3936200	2316
16/04/2009	2298	2396	2298	2395	7034400	2395
17/04/2009	2399	2406	2359	2372	4938400	2372
20/04/2009	2367	2401	2344	2351	567600	2351
21/04/2009	2326	2356	2281	2328	810900	2328
22/04/2009	2330	2330	2278	2321	469900	2321
23/04/2009	2318	2328	2268	2276	761400	2276
24/04/2009	2315	2394	2306	2394	1247700	2394
27/04/2009	2432	2500	2423	2483	772500	2483
28/04/2009	2492	2495	2431	2432	629100	2432
29/04/2009	2432	2457	2420	2443	544000	2443
30/04/2009	2457	2590	2383	2385	1701600	2385
01/05/2009	2359	2390	2316	2325	577600	2325
04/05/2009	2325	2325	2325	2325	0	2325
05/05/2009	2381	2405	2341	2359	1666500	2359
06/05/2009	2366	2429	2353	2388	835300	2388
07/05/2009	2388	2442	2367	2394	793400	2394
08/05/2009	2415	2423	2389	2397	538200	2397
11/05/2009	2451	2555	2442	2529	1790100	2529
12/05/2009	2522	2607	2514	2590	1135200	2590
13/05/2009	2563	2678	2561	2626	604700	2626
14/05/2009	2598	2611	2563	2580	1167400	2580
15/05/2009	2567	2579	2539	2559	914000	2559
18/05/2009	2556	2588	2537	2579	715100	2579
19/05/2009	2604	2606	2565	2600	718800	2600
20/05/2009	2600	2656	2594	2635	669800	2635
21/05/2009	2626	2660	2606	2646	473100	2646
22/05/2009	2647	2659	2584	2623	590600	2623
25/05/2009	2623	2623	2623	2623	0	2623
26/05/2009	2599	2637	2588	2629	479600	2629
27/05/2009	2632	2635	2558	2575	727400	2575
28/05/2009	2555	2577	2547	2547	927100	2547
29/05/2009	2550	2594	2539	2570	1182900	2570
01/06/2009	2612	2612	2559	2576	434400	2576
02/06/2009	2565	2568	2502	2513	872200	2513
03/06/2009	2515	2516	2476	2495	922600	2495
04/06/2009	2495	2533	2490	2511	1048600	2511
05/06/2009	2516	2543	2508	2523	404700	2523
08/06/2009	2530	2542	2502	2533	489500	2533
09/06/2009	2549	2549	2494	2503	511300	2503
10/06/2009	2521	2525	2472	2484	607100	2484
11/06/2009	2494	2531	2487	2517	804000	2517
12/06/2009	2534	2630	2517	2629	1034900	2629
15/06/2009	2650	2653	2619	2650	1567100	2650
16/06/2009	2635	2672	2628	2637	930700	2637
17/06/2009	2634	2724	2623	2717.68	717000	2717.68
18/06/2009	2712	2715	2669	2684	1277000	2684
19/06/2009	2738	2780	2682	2728	6629100	2728
22/06/2009	2708	2709	2669	2668.33	2229300	2668.33
23/06/2009	2663.5	2708.5	2663.5	2695	634100	2695
24/06/2009	2698	2721	2656	2712.83	1158800	2712.83
25/06/2009	2725	2752.5	2690.5	2698.82	1004000	2698.82
26/06/2009	2725.5	2766	2684.5	2696.08	1403900	2696.08
29/06/2009	2695.5	2726.5	2683.5	2698	943100	2698
30/06/2009	2712.5	2715	2669.5	2677.21	2099100	2677.21
01/07/2009	2682	2719	2681.5	2709.33	1052400	2709.33
02/07/2009	2680	2692	2631.5	2641.89	1373400	2641.89
03/07/2009	2650	2671.5	2637	2645.25	484400	2645.25
06/07/2009	2648.5	2684	2642	2676.23	722900	2676.23
07/07/2009	2691	2710.5	2678.5	2693.95	1270400	2693.95
08/07/2009	2689	2722	2687	2692.84	1001700	2692.84
09/07/2009	2721.5	2722.5	2673	2683.5	1549400	2683.5
10/07/2009	2669.5	2680.5	2648.5	2665.21	1028900	2665.21
13/07/2009	2647	2684	2644	2679.11	429200	2679.11
14/07/2009	2693.5	2707.5	2657.5	2688.5	508900	2688.5
15/07/2009	2703	2732.5	2693	2728.22	1454900	2728.22
16/07/2009	2733.5	2783	2710	2762.5	1535100	2762.5
17/07/2009	2767	2781.5	2738.5	2750.1	952200	2750.1
20/07/2009	2761	2820	2737	2758.5	514000	2758.5
21/07/2009	2750	2807.5	2750	2799.87	1590200	2799.87
22/07/2009	2817.5	2857.5	2811	2843.4	1083800	2843.4
23/07/2009	2842	2871.5	2796.5	2823.93	763400	2823.93
24/07/2009	2840	2891	2835	2878	882200	2878
27/07/2009	2884	2893	2810	2821	663700	2821
28/07/2009	2817.5	2860	2817.5	2830	912200	2830
29/07/2009	2832.5	2843	2796.5	2802.69	736800	2802.69
30/07/2009	2795.5	2950	2793.5	2832.5	1569200	2832.5
31/07/2009	2816	2843	2800.5	2803	1261100	2803
03/08/2009	2820	2836.5	2777	2782.5	783800	2782.5
04/08/2009	2775	2806	2747.5	2799	581900	2799
05/08/2009	2765	2797	2748.5	2748.96	937900	2748.96
06/08/2009	2761.5	2766	2712.5	2722.5	730900	2722.5
07/08/2009	2729	2797.5	2724	2793.78	2529100	2793.78
10/08/2009	2799.5	2812	2779	2788	408500	2788
11/08/2009	2783.5	2809.5	2765.5	2778.5	443800	2778.5
12/08/2009	2771	2816.5	2767	2803.35	555500	2803.35
13/08/2009	2811.5	2827.5	2798	2803.5	1192700	2803.5
14/08/2009	2814.5	2818	2759.5	2766	858900	2766
17/08/2009	2752	2785	2751.5	2765.5	542500	2765.5
18/08/2009	2778	2795.5	2756	2784.5	1159800	2784.5
19/08/2009	2771.5	2802.5	2770	2779.5	806800	2779.5
20/08/2009	2787	2789.5	2756	2767	1491600	2767
21/08/2009	2764	2811	2762.5	2808	798400	2808
24/08/2009	2822.5	2834.5	2791.5	2819	2217600	2819
25/08/2009	2805	2842.5	2804.5	2829.5	1874400	2829.5
26/08/2009	2850	2877	2815	2843	2586200	2843
27/08/2009	2831.5	2893.5	2831.5	2869	3847800	2869
28/08/2009	2878.5	2885.5	2838.5	2840	5099800	2840
31/08/2009	2840	2840	2840	2840	0	2840
01/09/2009	2885	2926	2852	2856	6010600	2856
02/09/2009	2836.5	2868.5	2806.5	2829.5	3754500	2829.5
03/09/2009	2843	2843	2774.5	2775	3570900	2775
04/09/2009	2788	2792.5	2758	2758	3440600	2758
07/09/2009	2764	2800	2759	2788	2163000	2788
08/09/2009	2792.5	2801.5	2752	2755	3040600	2755
09/09/2009	2752	2762.5	2721.5	2725.5	5304000	2725.5
10/09/2009	2749.5	2782	2690	2691	5411800	2691
11/09/2009	2704.5	2745	2691.5	2720	4436900	2720
14/09/2009	2693	2743	2693	2740	2146400	2740
15/09/2009	2733.5	2746.5	2715	2734.5	4334200	2734.5
16/09/2009	2728	2766	2717	2743.5	4147600	2743.5
17/09/2009	2738	2805	2738	2768	3683900	2768
18/09/2009	2762	2805	2762	2780	8005800	2780
21/09/2009	2792	2810	2776	2799	3633500	2799
22/09/2009	2809	2839	2808.5	2815.5	3951700	2815.5
23/09/2009	2816	2831	2789	2812.32	3804200	2812.32
24/09/2009	2760	2786	2734	2760	5061200	2760
25/09/2009	2741.5	2768.5	2740	2751.5	4320900	2751.5
28/09/2009	2755	2857	2754	2833.68	5810700	2833.68
29/09/2009	2816	2850	2816	2835	2931700	2835
30/09/2009	2827	2847	2794.5	2818.01	4256300	2818.01
01/10/2009	2810	2823.5	2750.5	2777	4048800	2777
02/10/2009	2759.5	2768.5	2730	2749.45	3101800	2749.45
05/10/2009	2776.5	2783	2737.5	2782	2765600	2782
06/10/2009	2770.5	2797	2747.5	2782.5	2901300	2782.5
07/10/2009	2780	2787	2755.5	2764.35	2126200	2764.35
08/10/2009	2777.5	2784	2750	2761.5	2749700	2761.5
09/10/2009	2759	2782	2747.5	2766.9	2668500	2766.9
12/10/2009	2784	2818.5	2769	2805.5	3574000	2805.5
13/10/2009	2802	2821	2774	2774	4366700	2774
14/10/2009	2802	2809.5	2776.5	2785.5	3426000	2785.5
15/10/2009	2781	2801.5	2764.5	2767.5	4138400	2767.5
16/10/2009	2773	2776	2736.5	2748.5	4383700	2748.5
19/10/2009	2751	2817	2751	2815	3105000	2815
20/10/2009	2825	2825	2762	2762	3318100	2762
21/10/2009	2756	2772	2749	2750	3566800	2750
22/10/2009	2730	2771.5	2713	2759	3056800	2759
23/10/2009	2756.5	2796.5	2746	2769	2875300	2769
26/10/2009	2782	2812.5	2766	2775.5	2674300	2775.5
27/10/2009	2778	2842	2747.5	2830	4565800	2830
28/10/2009	2800	2827.5	2770	2789	4254400	2789
29/10/2009	2790	2822.5	2730	2752	7755400	2752
30/10/2009	2755	2766	2725	2742	4950700	2742
02/11/2009	2730	2751.5	2699.5	2721	3484200	2721
03/11/2009	2724.5	2730	2675	2690.5	3599500	2690.5
04/11/2009	2696	2708	2668	2702	3177900	2702
05/11/2009	2690	2710	2674	2701.5	2664800	2701.5
06/11/2009	2710.5	2712	2670	2696.5	2840300	2696.5
09/11/2009	2709	2744	2701	2738	2765100	2738
10/11/2009	2737	2755.5	2711.5	2721	2410100	2721
11/11/2009	2739.5	2762	2736.5	2747	2217200	2747
12/11/2009	2757.5	2770.5	2730.5	2747.5	2412600	2747.5
13/11/2009	2750	2769	2740	2760	2192000	2760
16/11/2009	2746	2763	2741	2757	2045600	2757
17/11/2009	2740.5	2747	2680.5	2692	4466800	2692
18/11/2009	2707.5	2721	2692.5	2708.5	2919400	2708.5
19/11/2009	2722	2727	2695	2706.5	2901500	2706.5
20/11/2009	2701	2717.5	2687	2695	3887900	2695
23/11/2009	2712	2754	2711.5	2732	3191200	2732
24/11/2009	2716	2750	2706	2710.5	2834400	2710.5
25/11/2009	2724	2789.5	2717	2778	4425000	2778
26/11/2009	2765	2790	2725.5	2732	2699700	2732
27/11/2009	2709	2744.5	2701.5	2733	3265600	2733
30/11/2009	2747.5	2747.5	2708.5	2717	3112800	2717
01/12/2009	2718.5	2753	2710.5	2753	2415800	2753
02/12/2009	2752	2778	2742	2765	2327800	2765
03/12/2009	2770	2787.5	2748.5	2772	3170100	2772
04/12/2009	2785.5	2856.5	2769	2843	4888100	2843
07/12/2009	2837	2845	2816.5	2824	3140800	2824
08/12/2009	2813	2838	2783	2802.49	3638900	2802.49
09/12/2009	2807	2807.5	2773.5	2796	3213100	2796
10/12/2009	2783.5	2814	2779	2796	3520400	2796
11/12/2009	2807	2829.5	2797.5	2823	5764700	2823
14/12/2009	2815	2830	2789.5	2811	3631300	2811
15/12/2009	2822	2836	2801	2828.5	2812200	2828.5
16/12/2009	2843	2872	2831.5	2843	3800800	2843
17/12/2009	2828.5	2858	2814.5	2818	2803700	2818
18/12/2009	2814.5	2860	2805	2823	5894500	2823
21/12/2009	2818	2859.5	2809.5	2837	2212200	2837
22/12/2009	2842.5	2900.5	2842	2889	2194800	2889
23/12/2009	2890.5	2906	2875	2890.5	2588200	2890.5
24/12/2009	2876.5	2932	2860	2909.5	1071200	2909.5
29/12/2009	2915	2944.5	2915	2930	2109500	2930
30/12/2009	2926.5	2949.5	2904.5	2907	1337300	2907
31/12/2009	2913.5	2929	2892	2910.5	606400	2910.5
