Date	Open	High	Low	Close	Volume	Adj Close
03/01/2006	384.5	387.25	380.25	386.5	27117000	386.5
04/01/2006	387	397	385.25	395.75	37518000	395.75
05/01/2006	397.75	399	391.75	393.5	27953900	393.5
06/01/2006	398	411.25	398	408.5	48924700	408.5
09/01/2006	409	411.75	404.5	405	38416800	405
10/01/2006	402.5	405.25	396	401.25	37777400	401.25
11/01/2006	401.25	407	400.75	406.75	24986300	406.75
12/01/2006	406	407.5	402	406.5	18947600	406.5
13/01/2006	406	412	402.75	410.25	18056200	410.25
16/01/2006	410	418.5	409.25	418.25	30954000	418.25
17/01/2006	417.5	419.5	415	417	29894100	417
18/01/2006	415	418.75	410.25	416.5	31836600	416.5
19/01/2006	419.25	424.5	417.75	419.5	25690300	419.5
20/01/2006	417.75	422.25	417.75	421	15894100	421
23/01/2006	416.75	422.75	414.25	421.5	16959200	421.5
24/01/2006	420.75	423	418	418.75	19656200	418.75
25/01/2006	419.25	424	415.75	418	28051400	418
26/01/2006	419	420.75	412.5	413.25	43595300	413.25
27/01/2006	415.5	427	414.5	426	28399900	426
30/01/2006	423	424.5	416.5	416.75	18765000	416.75
31/01/2006	417.75	421	415.5	417	15980800	417
01/02/2006	414	439.25	414	432.5	37346600	432.5
02/02/2006	432.75	438	423.5	426	29340700	426
03/02/2006	429	430.75	425.25	426.75	16301800	426.75
06/02/2006	430	432	425.75	426.25	13034300	426.25
07/02/2006	427	433	427	432	27392200	432
08/02/2006	430	437.75	429.75	434	23618200	434
09/02/2006	434	436	432.75	434.75	20474100	434.75
10/02/2006	435.25	437.5	434.25	435.5	21475700	435.5
13/02/2006	435.75	438	434	436	24876700	436
14/02/2006	439	439	435	436.5	27352200	436.5
15/02/2006	437.75	441	432.25	438	13275800	438
16/02/2006	441.25	449.75	441.25	449.75	21539000	449.75
17/02/2006	449.5	451	445	445.75	27078200	445.75
20/02/2006	447	447	441.75	444	15372500	444
21/02/2006	443.25	445.5	438.5	440	14123600	440
22/02/2006	437	448	435.25	447.25	18267500	447.25
23/02/2006	443	443.75	417.75	421	92323300	421
24/02/2006	425.5	430.75	425	428.5	58544400	428.5
27/02/2006	430.75	435.75	427.5	434.75	20175000	434.75
28/02/2006	433	434.25	419.25	420	36864800	420
01/03/2006	420	426.5	420	421.5	24501900	421.5
02/03/2006	424	425.25	420.25	421	25387000	421
03/03/2006	418.75	424.5	418.75	423.5	27399700	423.5
06/03/2006	425	428.5	422.75	424.75	29130900	424.75
07/03/2006	423	427.5	423	426.25	17387600	426.25
08/03/2006	426.25	430.75	411.5	416.25	31012300	416.25
09/03/2006	420.25	425	420	421.75	18106900	421.75
10/03/2006	419.25	422	413.5	419.75	13960000	419.75
13/03/2006	418.75	422	414.75	416.5	39763700	416.5
14/03/2006	414.25	421	414.25	417.75	16586600	417.75
15/03/2006	419.75	422	414	415.5	13006100	415.5
16/03/2006	417.75	417.75	408.5	414.5	37275500	414.5
17/03/2006	415.75	424.25	415.75	423.75	41000200	423.75
20/03/2006	425	431.25	417.5	420	28087400	420
21/03/2006	417.25	427.5	412.75	419.75	21273400	419.75
22/03/2006	415.75	420	414.5	418.5	11800600	418.5
23/03/2006	418.75	419	413.25	417	15981400	417
24/03/2006	419	421	417.75	420	20065600	420
27/03/2006	421	421	412	412.25	24540300	412.25
28/03/2006	414	414	405.5	410	33184200	410
29/03/2006	408	418.25	406.25	418	40874900	418
30/03/2006	418	430	418	427.75	33265000	427.75
31/03/2006	425.25	429.75	420	420.75	18935500	420.75
03/04/2006	421	426.25	421	423.75	16823400	423.75
04/04/2006	421	443.75	420.5	439.25	49649500	439.25
05/04/2006	437.5	442.25	435.25	435.75	26207000	435.75
06/04/2006	435	437.75	429.75	431	25146500	431
07/04/2006	425	437.25	422.5	435.5	48484000	435.5
10/04/2006	437.5	437.5	426	428	40589500	428
11/04/2006	427	430	416	418	35196900	418
12/04/2006	418	418	410.75	414.5	37203100	414.5
13/04/2006	415	421	415	418.5	17309900	418.5
14/04/2006	418.5	418.5	418.5	418.5	0	418.5
17/04/2006	418.5	418.5	418.5	418.5	0	418.5
18/04/2006	417.5	427	417.5	423	20365500	423
19/04/2006	422.5	424	418	421.5	30412400	421.5
20/04/2006	422	426.5	418.75	421	29665700	421
21/04/2006	421.5	432.75	421.5	428	17824600	428
24/04/2006	428.5	431.5	425	425	11986200	425
25/04/2006	425.25	428	417.25	419.25	16873400	419.25
26/04/2006	420.5	423.75	417	422	21201600	422
27/04/2006	423.5	425.75	417	420	16686700	420
28/04/2006	419	421.25	417	417.5	19757000	417.5
01/05/2006	417.5	417.5	417.5	417.5	0	417.5
02/05/2006	418.25	424	418	421.5	11776700	421.5
03/05/2006	421.5	423.5	415.5	416	13941600	416
04/05/2006	415	419.25	415	418.5	27059600	418.5
05/05/2006	419.75	420.25	416.5	418	15057100	418
08/05/2006	419.5	424	415.25	418.5	8878100	418.5
09/05/2006	419.5	427.25	419.25	426.5	27878100	426.5
10/05/2006	427.25	427.25	421.25	422.25	13855300	422.25
11/05/2006	421.25	426	420.75	421.5	20486100	421.5
12/05/2006	418.75	420.5	407.75	409.5	15473500	409.5
15/05/2006	408.75	412.4	393.48	402.25	27156600	402.25
16/05/2006	401.75	404	385.25	396	33927300	396
17/05/2006	396	397.56	373.5	377.5	31591900	377.5
18/05/2006	380	386	373.47	378	45093500	378
19/05/2006	380	387.88	376.05	378.75	25426900	378.75
22/05/2006	379.5	377.54	356.58	363	34615900	363
23/05/2006	364	376.75	361.15	373.25	65062900	373.25
24/05/2006	370	373.25	359.06	363.75	33827200	363.75
25/05/2006	363.5	373.5	360.68	373.5	16544500	373.5
26/05/2006	373.75	385.57	369.38	384.5	25356700	384.5
29/05/2006	384.5	384.5	384.5	384.5	0	384.5
30/05/2006	385	387.25	380	381.5	23706100	381.5
31/05/2006	379.75	385.75	375.25	382	24056800	382
01/06/2006	383.5	385.81	379.23	383.5	22830500	383.5
02/06/2006	386.25	390.69	385.26	387.75	18847800	387.75
05/06/2006	387.5	387.06	382.17	383	17025000	383
06/06/2006	378	379.11	373.06	373.5	37493800	373.5
07/06/2006	373.5	377.65	369.17	371	18480400	371
08/06/2006	363.25	363.25	353	354.5	26523300	354.5
09/06/2006	358.75	362	353.5	357.25	54471600	357.25
12/06/2006	355.5	359.58	352.94	355.25	31941900	355.25
13/06/2006	349	350.59	340.25	348.75	21579900	348.75
14/06/2006	342	347.06	329.3	345	56381000	345
15/06/2006	348	358.77	329.69	358.25	26866100	358.25
16/06/2006	361.5	364.55	352.75	352.75	35077600	352.75
19/06/2006	353.75	362.75	353.75	360.5	11780900	360.5
20/06/2006	357	360.25	355.31	360.25	16441500	360.25
21/06/2006	361.75	361.75	356.25	359	16461300	359
22/06/2006	361.75	367	358.25	361.5	17621300	361.5
23/06/2006	362	362	356	356.5	12010000	356.5
26/06/2006	357	362.75	353.25	361	23921800	361
27/06/2006	363	364.08	358.39	359	14369600	359
28/06/2006	355.75	359	355.75	357.5	14553200	357.5
29/06/2006	360.75	369	359.25	368.5	14451000	368.5
30/06/2006	371.25	374	367.75	369.75	19384700	369.75
03/07/2006	354.5	359.75	345	357.75	49763200	357.75
04/07/2006	357	359	353.75	355.5	17339800	355.5
05/07/2006	352.75	352.75	345.25	348.25	28199800	348.25
06/07/2006	348.25	348.25	338.5	340.75	31229600	340.75
07/07/2006	341	346	340.75	343	38189100	343
10/07/2006	342	342	332.5	336	29807700	336
11/07/2006	334	344.25	333.25	336.5	31905500	336.5
12/07/2006	337.25	343	335.5	336.75	23991200	336.75
13/07/2006	335	339.25	331	333.25	29626400	333.25
14/07/2006	330.75	338.5	329.25	333	33625200	333
17/07/2006	335.5	339.5	330	331.25	24782600	331.25
18/07/2006	330.75	333.25	327.5	329	25061600	329
19/07/2006	330.25	342	330.25	341.5	33570800	341.5
20/07/2006	344	350.75	342.5	347.75	31814700	347.75
21/07/2006	347	347.25	341	343.25	11073000	343.25
24/07/2006	343.25	349.75	340.5	349.25	17652800	349.25
25/07/2006	350.25	356.5	348.25	351.5	41847700	351.5
26/07/2006	352.75	352.75	346	352	22527300	352
27/07/2006	353	363	351.5	362	36431300	362
28/07/2006	361	362.25	356	357.25	21038900	357.25
31/07/2006	359	361	355.5	357.25	24377800	357.25
01/08/2006	356	358.25	350.75	352.5	16978500	352.5
02/08/2006	354.25	356.25	350.75	354.75	13840800	354.75
03/08/2006	354.75	354.75	354.75	354.75	0	354.75
04/08/2006	344.5	345	336.5	345	30511900	345
07/08/2006	343.25	345.25	340	341.5	8092400	341.5
08/08/2006	342.25	344.5	339	340.5	24151500	340.5
09/08/2006	342.25	345	335.5	341.25	21290600	341.25
10/08/2006	337.5	339	333.25	337.5	18710100	337.5
11/08/2006	337	342.25	337	342	17965000	342
14/08/2006	345	347.25	341.5	344.5	16251600	344.5
15/08/2006	345	350	341	349.5	25412500	349.5
16/08/2006	350	359	348	358.5	24865100	358.5
17/08/2006	359.75	361.5	354.75	360	28072900	360
18/08/2006	370.5	374	365.25	369.5	43534800	369.5
21/08/2006	369.75	372.25	363.75	365.5	17169400	365.5
22/08/2006	365.25	369.5	355.75	356.25	26242000	356.25
23/08/2006	356.25	359.5	353.75	356	14891100	356
24/08/2006	357.5	359.25	353.25	358.5	8389000	358.5
25/08/2006	357.75	363.25	357.25	363	10318400	363
28/08/2006	363	363	363	363	0	363
29/08/2006	364.75	373.75	364.75	373.5	25869200	373.5
30/08/2006	374	377	371.5	376	19785500	376
31/08/2006	378	378.5	369.25	370.5	15142100	370.5
01/09/2006	373	375	369.75	372.25	11553600	372.25
04/09/2006	372.75	378.75	372.5	377.75	11086700	377.75
05/09/2006	378	381.5	374	381	16621400	381
06/09/2006	383	383	376.25	377.5	13917200	377.5
07/09/2006	377	378	370	373.75	23084700	373.75
08/09/2006	373.75	380.25	373.25	380	18706400	380
11/09/2006	378	383	371.5	373	12999100	373
12/09/2006	374.75	385.5	373.25	385.5	23984600	385.5
13/09/2006	392	393	380.75	382.75	26355800	382.75
14/09/2006	385	388.5	371.5	376	37388800	376
15/09/2006	377	386	374	384.75	21623600	384.75
18/09/2006	384.5	386.25	380.25	380.75	20516600	380.75
19/09/2006	381.25	383.75	378.5	382	22861500	382
20/09/2006	380.5	389.25	380.5	387.25	32663600	387.25
21/09/2006	387	395	384.25	394.25	24334400	394.25
22/09/2006	393.75	393.75	388	391	16768900	391
25/09/2006	392	394.5	388.75	390.25	22727400	390.25
26/09/2006	392	395.25	391.25	392.5	13729300	392.5
27/09/2006	392.5	401.5	392.5	400.25	18979400	400.25
28/09/2006	398	404.75	397.25	401.75	17562000	401.75
29/09/2006	400.75	402.5	394	395.25	21660600	395.25
02/10/2006	395.25	403	392.5	398.25	35423800	398.25
03/10/2006	396.75	399.75	391.75	399.25	39424200	399.25
04/10/2006	400.5	400.5	394.25	397	40205200	397
05/10/2006	400.5	400.75	393.5	394.5	29274500	394.5
06/10/2006	393.5	397	389.75	395.75	10132800	395.75
09/10/2006	395	402	395	400.5	27199700	400.5
10/10/2006	401.25	409.25	400.5	407.5	28067800	407.5
11/10/2006	406.25	414.25	405.5	412.75	32250900	412.75
12/10/2006	418	418	414.25	416.5	24672200	416.5
13/10/2006	416.5	423	416.5	420.75	22228800	420.75
16/10/2006	422	426.5	415.25	416.25	34839000	416.25
17/10/2006	417.25	417.25	409.75	410.25	13891400	410.25
18/10/2006	410	422.5	408	422	34926800	422
19/10/2006	418.75	423.5	417	419	21429600	419
20/10/2006	418.25	422.5	417.25	419.5	17878200	419.5
23/10/2006	423.25	425.25	419	421.75	20106400	421.75
24/10/2006	422.75	424	418.25	420	17674000	420
25/10/2006	419	420.25	415.5	416.75	22529600	416.75
26/10/2006	417.5	418.25	413.25	414.25	26818800	414.25
27/10/2006	415.5	418.5	411.5	414.5	21167400	414.5
30/10/2006	412.25	416.75	408.75	415.25	15001500	415.25
31/10/2006	414.5	420	412	419.5	19312900	419.5
01/11/2006	417.5	419	415	416	14693400	416
02/11/2006	412.75	412.75	405.25	406	34925400	406
03/11/2006	407.25	407.5	398.75	406.75	23961400	406.75
06/11/2006	407.75	411.5	405.75	410.25	10982600	410.25
07/11/2006	411.5	416	411.25	414	16608600	414
08/11/2006	413.5	418	411.75	414	16211300	414
09/11/2006	413.25	415.75	408.75	411.25	18595900	411.25
10/11/2006	411.5	420.5	409.5	417	17509000	417
13/11/2006	418.75	421	415	419	12984500	419
14/11/2006	419	422.75	416	418.75	16526800	418.75
15/11/2006	421	425.25	419.75	421.75	16191400	421.75
16/11/2006	420	426.5	418	425.25	11861700	425.25
17/11/2006	426.5	427.25	419.5	420.5	8784600	420.5
20/11/2006	417.25	421.25	416.25	419	8712900	419
21/11/2006	420	421	415.25	416.25	20350800	416.25
22/11/2006	418.25	419.75	413.25	414.5	27262300	414.5
23/11/2006	415	415.75	406.75	407.5	40044400	407.5
24/11/2006	406	406	398.5	403.5	18088700	403.5
27/11/2006	397	398	385.25	391	38660100	391
28/11/2006	389	390.75	385	386.75	35136700	386.75
29/11/2006	390.5	398.75	390.5	397.75	21895600	397.75
30/11/2006	398	401.75	387	387	22747300	387
01/12/2006	389	395	385	390.75	35148600	390.75
04/12/2006	391	395	377.75	384.5	49217900	384.5
05/12/2006	384	385.5	368.75	383.25	64696900	383.25
06/12/2006	384	387	380	382	61597700	382
07/12/2006	383.25	384.25	375.5	382.75	26126800	382.75
08/12/2006	381	384	378.75	383.25	15328500	383.25
11/12/2006	385.5	390	382.5	387.5	20388300	387.5
12/12/2006	386.5	392.75	384	390	18567100	390
13/12/2006	391.25	397.25	391	394	28076600	394
14/12/2006	395	399	393.25	397.25	15234700	397.25
15/12/2006	428.5	429	417	424.5	61594200	424.5
18/12/2006	421.5	426.5	415.25	417.25	19592300	417.25
19/12/2006	415	417.5	411.25	416.25	15417100	416.25
20/12/2006	420	423.5	418.25	420	17045900	420
21/12/2006	419	423.75	418	423	11778100	423
22/12/2006	425	425	417.5	419	5642000	419
25/12/2006	419	419	419	419	0	419
26/12/2006	419	419	419	419	0	419
27/12/2006	422	424.5	420	424	17169200	424
28/12/2006	427.25	430	422.25	426.5	8591900	426.5
29/12/2006	427	428.5	422	425.75	5300300	425.75
01/01/2007	425.75	425.75	425.75	425.75	0	425.75
02/01/2007	428.5	433.5	426.75	431.5	17609800	431.5
03/01/2007	430.25	436.75	430.25	433	11421500	433
04/01/2007	431.5	431.5	424.25	428	12628200	428
05/01/2007	428	430	423.5	423.5	13100700	423.5
08/01/2007	423.5	427.5	418.75	419.75	15628700	419.75
09/01/2007	419.75	422	418	419	26274200	419
10/01/2007	416.75	417.5	412.5	413	20245500	413
11/01/2007	412.5	422	408	421.25	26830600	421.25
12/01/2007	421	424	415.75	417.25	20740100	417.25
15/01/2007	420.75	427.5	419	425.5	31405100	425.5
16/01/2007	425	433	422.75	430	31296000	430
17/01/2007	432	432	426	428	26267400	428
18/01/2007	428.5	433.5	425	428.5	32867900	428.5
19/01/2007	428.5	430.25	424.75	429.5	14479500	429.5
22/01/2007	430.5	430.5	420	421	16258700	421
23/01/2007	422.5	424.5	418.25	422	17655700	422
24/01/2007	423	430.5	420.75	429	17743400	429
25/01/2007	428	432.5	425.25	426.75	19801000	426.75
26/01/2007	423.5	424.75	419.75	420	20120000	420
29/01/2007	420	423	420	420.5	11225000	420.5
30/01/2007	420.5	424.25	420.5	422.75	17663100	422.75
31/01/2007	422.25	424.5	416	417.75	20072100	417.75
01/02/2007	420	427	418.25	422.25	22770700	422.25
02/02/2007	423.5	426.25	423	424.5	28028500	424.5
05/02/2007	424.75	430	423.75	427.5	17328300	427.5
06/02/2007	427.75	444	427.75	439.25	35786400	439.25
07/02/2007	442.5	443.5	435.5	436.5	14060700	436.5
08/02/2007	437.5	440.25	430.75	430.75	13727500	430.75
09/02/2007	433.75	437.75	433.5	437	17643200	437
12/02/2007	436.25	440	434	437.5	13076600	437.5
13/02/2007	435.75	442.25	435.75	439	16252000	439
14/02/2007	438.75	442.75	438.75	442.75	15622000	442.75
15/02/2007	446.25	457.25	446.25	454	35683800	454
16/02/2007	455.75	460.75	450	453.75	30479300	453.75
19/02/2007	455.75	462.5	453.5	459.25	14283000	459.25
20/02/2007	461.25	461.25	450.25	453.25	37932200	453.25
21/02/2007	453.5	455.75	445.5	447.25	32336800	447.25
22/02/2007	460	471.25	456.25	466.5	70501500	466.5
23/02/2007	469.5	469.75	451	454	43908700	454
26/02/2007	450.75	469.75	450.75	460.75	33800400	460.75
27/02/2007	457	457	442	448.25	41147800	448.25
28/02/2007	442	448.5	433.5	435.75	46457000	435.75
01/03/2007	437.75	441.25	423.25	431.25	34189200	431.25
02/03/2007	432	439	427	436	30087500	436
05/03/2007	428.25	436.75	425.75	433.75	37085200	433.75
06/03/2007	438	441.25	434	440.5	23902800	440.5
07/03/2007	439	447.25	439	442.75	15601000	442.75
08/03/2007	445.5	450.25	443.5	449.25	12118800	449.25
09/03/2007	447.25	451.5	441.75	447.25	13214100	447.25
12/03/2007	450.5	453.5	444.5	446.25	19264500	446.25
13/03/2007	445.25	449.5	440	440	16300000	440
14/03/2007	435	437.25	428.25	430	23998300	430
15/03/2007	438	450.5	437	450	43748900	450
16/03/2007	449	455.25	447.25	449.5	34906600	449.5
19/03/2007	454.25	457.75	450.75	454	18078000	454
20/03/2007	452	453.75	445	449.25	29629700	449.25
21/03/2007	449.25	459.75	448.25	456.5	19676500	456.5
22/03/2007	465	465	453.75	459	19271800	459
23/03/2007	459.75	462	454.75	459	14395800	459
26/03/2007	454.75	462.75	453.75	455	17071500	455
27/03/2007	457.75	460.5	451.25	457	15330900	457
28/03/2007	457	457	450	450	12518000	450
29/03/2007	455	462.25	455	461.25	17407500	461.25
30/03/2007	465	467.75	455.25	460	22583400	460
02/04/2007	455.75	463.75	455.75	459	15823900	459
03/04/2007	464	465	459.25	464.5	11470700	464.5
04/04/2007	467.25	469	456.75	458	30937600	458
05/04/2007	458	459.75	455	458	29925100	458
06/04/2007	458	458	458	458	0	458
09/04/2007	458	458	458	458	0	458
10/04/2007	458	462.5	457	461.75	18524100	461.75
11/04/2007	463.75	463.75	456.75	458.75	24035100	458.75
12/04/2007	456.25	460.75	449.25	459.25	16715300	459.25
13/04/2007	460	461.5	453.5	460	20919000	460
16/04/2007	463.75	468.25	461.5	466	39471600	466
17/04/2007	466	466.5	460	465	12589900	465
18/04/2007	460.5	460.75	449.75	453.5	18290500	453.5
19/04/2007	451	452.5	441.25	447.25	18814800	447.25
20/04/2007	448.75	453	446	447	18552700	447
23/04/2007	449	455	445.75	452.5	21876500	452.5
24/04/2007	455	463.5	452.5	458.25	31791100	458.25
25/04/2007	461	464.5	458	460	37560400	460
26/04/2007	462.75	468.25	454.75	458.75	19887600	458.75
27/04/2007	459	462.25	454.5	460	18095600	460
30/04/2007	454.25	461.75	454	457	16079200	457
01/05/2007	459.5	459.75	452	453.5	13157800	453.5
02/05/2007	453	455.5	441.75	444.5	64471900	444.5
03/05/2007	444	446.5	433.25	444.25	45480900	444.25
04/05/2007	440	450.25	438.5	446	17057600	446
07/05/2007	446	446	446	446	0	446
08/05/2007	443	444.75	427.5	435	69313700	435
09/05/2007	435.5	438.5	428.25	433	36503500	433
10/05/2007	432.25	443.75	432.25	439.5	45403700	439.5
11/05/2007	436.75	443.5	435.75	442	31655100	442
14/05/2007	442	445.75	437.5	440.5	54144000	440.5
15/05/2007	439	443.75	436	439.75	29537800	439.75
16/05/2007	439.75	444.75	437.25	441.5	16576000	441.5
17/05/2007	444.75	447	438.75	442	16163100	442
18/05/2007	443.75	448.5	441.75	447	26803300	447
21/05/2007	450	450	442.5	444.25	17236800	444.25
22/05/2007	444.25	447	443	444.75	24910300	444.75
23/05/2007	444	447.25	441.75	443.25	15129600	443.25
24/05/2007	441.25	444.75	437.5	441.25	22361500	441.25
25/05/2007	440	442	435.75	439.25	10397300	439.25
28/05/2007	439.25	439.25	439.25	439.25	0	439.25
29/05/2007	441.5	444	436.5	437.75	9241900	437.75
30/05/2007	436.5	438	433.5	436.25	14854800	436.25
31/05/2007	437.5	448.5	437.5	447.25	17393700	447.25
01/06/2007	447.25	447.25	447.25	447.25	0	447.25
04/06/2007	454.25	459.25	450.5	454.75	23761300	454.75
05/06/2007	458.25	458.25	448	450.25	16945700	450.25
06/06/2007	450.75	450.75	436.5	438.5	24628200	438.5
07/06/2007	436.5	440	425.5	428.25	38117700	428.25
08/06/2007	425.25	429.25	420	426.75	28590800	426.75
11/06/2007	428	434.75	428	432	20774600	432
12/06/2007	432	436	430	432.75	37817600	432.75
13/06/2007	429.5	439	427	437.5	22956400	437.5
14/06/2007	440	446.5	440	445	19388000	445
15/06/2007	444	452.5	442.25	450.25	36775400	450.25
18/06/2007	453.5	454.5	443.5	443.75	15404300	443.75
19/06/2007	442.5	447.25	438.25	438.5	13254700	438.5
20/06/2007	441.5	441.5	433.25	435	67645900	435
21/06/2007	430.75	437.25	426.75	433	29349100	433
22/06/2007	437	445.5	433	438.75	57082700	438.75
25/06/2007	437.75	443.25	437.25	442.25	24879400	442.25
26/06/2007	414	417.75	392	407.75	167938000	407.75
27/06/2007	410	416.5	405.25	410.5	69860700	410.5
28/06/2007	413	414	400	403	53315400	403
29/06/2007	405.25	409	398.25	405	54402900	405
02/07/2007	402.75	405	400	402	34072500	402
03/07/2007	403.25	412	400.5	409.25	56651600	409.25
04/07/2007	411	414.5	408.75	413.5	29124900	413.5
05/07/2007	414	415.5	407.25	409.5	25825800	409.5
06/07/2007	410.75	410.75	405	409.25	19438100	409.25
09/07/2007	409.5	414.75	409.25	411	15653200	411
10/07/2007	412.5	414.25	405.25	405.25	25651000	405.25
11/07/2007	403	404.25	398.25	401.5	25736800	401.5
12/07/2007	404.5	406.75	400.75	405	25778200	405
13/07/2007	410.25	413	407	411	14844200	411
16/07/2007	410.25	414	407.5	409	20440500	409
17/07/2007	409	409	402	404.75	12276600	404.75
18/07/2007	399.5	405.5	399	402	23732200	402
19/07/2007	412	421.25	410	421.25	53716600	421.25
20/07/2007	423.75	430.25	421.25	428	40961400	428
23/07/2007	426.5	434	424	433.25	28210300	433.25
24/07/2007	431.5	440	430	430.5	44338900	430.5
25/07/2007	429.5	440.75	425.25	435.25	36856200	435.25
26/07/2007	437	437.25	415.5	415.5	25467800	415.5
27/07/2007	410.25	424.5	410.25	420.5	35287300	420.5
30/07/2007	423.25	425.25	415.25	417.75	24248500	417.75
31/07/2007	426.5	428	420	422.5	29447700	422.5
01/08/2007	416.75	429.75	412.75	423.5	29384000	423.5
02/08/2007	429	436.75	424.25	435.5	30178800	435.5
03/08/2007	439.75	445	428.75	431.25	25785600	431.25
06/08/2007	427	436.75	424	424.5	22339400	424.5
07/08/2007	430	435.25	428.25	433	24271200	433
08/08/2007	435.25	441	425.25	436.25	32791600	436.25
09/08/2007	451	454.5	432.25	440.25	79365100	440.25
10/08/2007	437	440.75	421.5	421.5	50403500	421.5
13/08/2007	423	438.5	423	436.25	33516700	436.25
14/08/2007	435.75	441	429.75	431.5	35350700	431.5
15/08/2007	427.25	433.25	426.5	431.5	20083500	431.5
16/08/2007	426	427.25	406	406	38091300	406
17/08/2007	413.75	418.25	403.5	416.5	67043900	416.5
20/08/2007	417.75	433.25	417.5	431	24741700	431
21/08/2007	435	435	425.5	428	17563000	428
22/08/2007	428.75	446.75	428	446.25	37386100	446.25
23/08/2007	450	456	449	450.75	34269100	450.75
24/08/2007	447.75	453.5	447.75	451.25	19715100	451.25
27/08/2007	451.25	451.25	451.25	451.25	0	451.25
28/08/2007	452.75	453.25	445	445.75	11418600	445.75
29/08/2007	445.5	451.5	444	450.5	15492800	450.5
30/08/2007	455	457.25	440.75	451	12695700	451
31/08/2007	454.5	464	453.25	462.25	29893700	462.25
03/09/2007	466.75	466.75	460.25	463.5	8659500	463.5
04/09/2007	460.25	462	456.75	460	17735000	460
05/09/2007	457.75	459.5	444.25	445.5	19866900	445.5
06/09/2007	445	450	440.25	448	17710100	448
07/09/2007	460	467.75	447.75	454	49950100	454
10/09/2007	455.75	460.75	452	453	15550800	453
11/09/2007	458	464.25	457.5	463.5	23973500	463.5
12/09/2007	464	478.25	464	475.25	42808100	475.25
13/09/2007	472.25	491.25	468	490	47126600	490
14/09/2007	485.75	488.75	474.75	483	32200100	483
17/09/2007	480.5	483.75	466.5	470.5	35034900	470.5
18/09/2007	471	487.5	468.25	482.25	28780100	482.25
19/09/2007	495	497.5	480	486.25	26226100	486.25
20/09/2007	482.5	485.5	471.25	476.25	45081700	476.25
21/09/2007	472.75	485.25	471	485	33736600	485
24/09/2007	486	489.25	479	479	13113300	479
25/09/2007	475.25	483.5	475.25	482	23081900	482
26/09/2007	486	492.75	478.25	479	18582000	479
27/09/2007	482.5	496.25	482.5	494.75	30725500	494.75
28/09/2007	496.5	496.5	484.25	493.5	44599400	493.5
01/10/2007	490	498	483.25	488.5	31683800	488.5
02/10/2007	492	497	489	494.25	32749900	494.25
03/10/2007	493	495	486.5	490	14822700	490
04/10/2007	490.5	495	486	487.25	21676400	487.25
05/10/2007	489.75	494.5	485.75	493.75	18926200	493.75
08/10/2007	493	493	483.5	486	11923000	486
09/10/2007	486.5	495	486.5	493.25	13737600	493.25
10/10/2007	494	500.5	493	497	12667100	497
11/10/2007	496	507.5	494	506.5	24299400	506.5
12/10/2007	504	515	501	513.5	17292600	513.5
15/10/2007	513	518.5	508	510	12136300	510
16/10/2007	511	512	497.25	510	33798200	510
17/10/2007	509	511.5	501.5	510	21920300	510
18/10/2007	512	518	497.75	499	22454100	499
19/10/2007	498	498.5	489.25	489.75	26417000	489.75
22/10/2007	475	486.75	473	483.5	15078800	483.5
23/10/2007	487.75	496	482.75	490.5	13920300	490.5
24/10/2007	493.25	519	490	507	33892500	507
25/10/2007	514.5	517.5	508.5	515	31326400	515
26/10/2007	515	517	501.5	503	20007700	503
29/10/2007	507.5	508	494	496	24816900	496
30/10/2007	495.5	498	488.25	494	21135700	494
31/10/2007	494	501	490	498	15575200	498
01/11/2007	499.25	501.5	488	494.25	10449100	494.25
02/11/2007	489	502.5	488	499.25	10874400	499.25
05/11/2007	496	505	491.75	502	13055400	502
06/11/2007	505	509.5	498.75	499.75	9605200	499.75
07/11/2007	501.5	507.5	492.75	496.75	11237900	496.75
08/11/2007	497.75	511.5	492.25	509.5	18677600	509.5
09/11/2007	507.5	509.5	491.75	502.5	16519700	502.5
12/11/2007	494.75	507	491	495	12860700	495
13/11/2007	490	493	483.25	486.25	19474100	486.25
14/11/2007	493.25	493.25	482	487	14231800	487
15/11/2007	485.25	496	480.25	494.5	15830300	494.5
16/11/2007	497	500	481.75	488.5	16399600	488.5
19/11/2007	489	494.5	472	473.75	12403800	473.75
20/11/2007	475	480.75	470	475	14586700	475
21/11/2007	470	472.5	452.5	456.25	17730500	456.25
22/11/2007	457.5	462.25	451.25	457.75	15411900	457.75
23/11/2007	457	476.25	454.25	474.25	12168200	474.25
26/11/2007	477	477	458.5	460.5	11549300	460.5
27/11/2007	459	464	452.75	462.25	13803600	462.25
28/11/2007	465	478.5	456.25	476.75	17554700	476.75
29/11/2007	480.5	484	464.5	469.25	9905100	469.25
30/11/2007	470	480.75	450	460	23390700	460
03/12/2007	459.25	470	456.5	467.75	16935100	467.75
04/12/2007	473.5	473.5	464.75	467.25	12391300	467.25
05/12/2007	474.5	480.75	468.5	476.75	15093400	476.75
06/12/2007	480	480	465.75	468.75	10063700	468.75
07/12/2007	473	476	465.75	473.75	9065400	473.75
10/12/2007	472.75	474.5	465	466.25	14605200	466.25
11/12/2007	465.5	468.5	458	461.5	12586200	461.5
12/12/2007	458	477.5	455	469.5	17405900	469.5
13/12/2007	462.25	472.75	458	460	16490400	460
14/12/2007	462.75	466	451	455	15150200	455
17/12/2007	449.25	465.25	447	462	17355700	462
18/12/2007	462	478.25	460	469.25	15840400	469.25
19/12/2007	472.5	477.25	467.75	469	11416900	469
20/12/2007	470.25	484.75	465.75	479	15255700	479
21/12/2007	487	495.25	484.25	490.25	19546500	490.25
24/12/2007	488	494	484.25	494	971800	494
25/12/2007	494	494	494	494	0	494
26/12/2007	494	494	494	494	0	494
27/12/2007	500	503.5	492.75	495.25	5796100	495.25
28/12/2007	492.25	500.5	492	498.25	6363900	498.25
31/12/2007	501.5	503.5	493.5	498	2133100	498
01/01/2008	498	498	498	498	0	498
02/01/2008	494.75	505.5	489.25	489.5	7327400	489.5
03/01/2008	487.25	499.5	484	497	8079300	497
04/01/2008	498.5	505	477	479	16799600	479
07/01/2008	480	485.5	473.75	480	15755000	480
08/01/2008	485.25	496.75	483.25	492	12461200	492
09/01/2008	491	511.5	485	507	21917600	507
10/01/2008	509	514	493	493.5	14885700	493.5
11/01/2008	490	499.5	482.25	489	14319800	489
14/01/2008	487	497	484.5	488	10828000	488
15/01/2008	488.75	492	482	482	13065800	482
16/01/2008	482	492.5	474.25	484	17682000	484
17/01/2008	489.5	498.75	476.75	478.25	12935300	478.25
18/01/2008	475.5	488.5	469	473.25	11162600	473.25
21/01/2008	466.5	470	453.5	456	14611100	456
22/01/2008	447	477	441.75	474	19863900	474
23/01/2008	481	481.5	453.75	459.5	16392800	459.5
24/01/2008	474.75	479	449	458	27017400	458
25/01/2008	466	473.75	463	468	18268200	468
28/01/2008	463.5	477.5	462.25	473.25	12545000	473.25
29/01/2008	477.25	481	464.25	472.75	12445100	472.75
30/01/2008	471.5	484.25	464.5	480	10858400	480
31/01/2008	477.25	484.75	458.5	465	23237300	465
01/02/2008	472	485	470	481.5	14327300	481.5
04/02/2008	485.25	490	475	480.25	12786100	480.25
05/02/2008	481.5	484.75	465.5	467.75	11392100	467.75
06/02/2008	466.75	471.5	462.75	470	13538700	470
07/02/2008	468	468	457.5	461.75	15688000	461.75
08/02/2008	469	469	451	457	21196600	457
11/02/2008	451.75	458	445	450.25	11406400	450.25
12/02/2008	454.5	468.5	452.5	468.5	13965600	468.5
13/02/2008	465.5	467	452.75	459	13381000	459
14/02/2008	459.75	469	455.25	460.5	12720700	460.5
15/02/2008	460	466.5	452.5	457	7966800	457
18/02/2008	457.5	465.75	454.5	463.75	8253500	463.75
19/02/2008	461.5	472.25	455.5	461.75	10951000	461.75
20/02/2008	459.25	476.75	457	472	18749100	472
21/02/2008	485	487	466	478	21166800	478
22/02/2008	473.25	482.75	472.25	478	26213400	478
25/02/2008	484.25	487.25	477	486.5	15758200	486.5
26/02/2008	490.75	498	486.25	497.75	14717100	497.75
27/02/2008	500	500.5	490.25	499.25	21954300	499.25
28/02/2008	497	499	483.5	488.5	14656000	488.5
29/02/2008	487.25	492.75	479	482.75	15877400	482.75
03/03/2008	474	490.75	473	487.75	13696400	487.75
04/03/2008	489.25	492.5	483	490.25	19784600	490.25
05/03/2008	496.5	498.75	487.75	490.5	19953400	490.5
06/03/2008	495	495	480.25	482.25	13187600	482.25
07/03/2008	482	495.75	478.75	490.5	17004600	490.5
10/03/2008	488	492.75	480.25	481.75	15000800	481.75
11/03/2008	481.75	494	480.75	490.25	19516700	490.25
12/03/2008	495	497	481.75	488.5	12859400	488.5
13/03/2008	483.25	485	476	484	10613800	484
14/03/2008	485.25	496	482.75	486.75	16433800	486.75
17/03/2008	474	483	466	466	19088300	466
18/03/2008	472.25	477.5	468	476.75	19767800	476.75
19/03/2008	480	483.25	472	478.25	13928600	478.25
20/03/2008	472.25	476	467	471	22409700	471
21/03/2008	471	471	471	471	0	471
24/03/2008	471	471	471	471	0	471
25/03/2008	480	487.75	469	485.5	29653100	485.5
26/03/2008	486	488.75	476.75	479.75	22732200	479.75
27/03/2008	477.5	487.5	472.25	484.75	11823600	484.75
28/03/2008	484.5	488.75	481	484.75	11614300	484.75
31/03/2008	479	488	477.25	485.25	12824700	485.25
01/04/2008	486	493	484.5	493	14762200	493
02/04/2008	496.5	505.5	492	504.5	20490400	504.5
03/04/2008	505	509	498.5	501	14912400	501
04/04/2008	504	506.5	499.5	505	9241100	505
07/04/2008	505.5	507	499.75	505.5	8657100	505.5
08/04/2008	505	506.5	495	497.5	6809100	497.5
09/04/2008	498.5	506.5	497.5	503.5	8561100	503.5
10/04/2008	503.5	508.5	493.75	499.25	15717800	499.25
11/04/2008	504.5	504.5	468.25	475	29289000	475
14/04/2008	473	480.25	472	475.75	16611100	475.75
15/04/2008	476	480.5	474.25	478	14164700	478
16/04/2008	475	475	461.75	466.75	27213500	466.75
17/04/2008	468	468	452.75	457.25	24876300	457.25
18/04/2008	457	465.75	457	462.25	19909700	462.25
21/04/2008	464	464	455	457	15441000	457
22/04/2008	457.5	463	454.75	459	16294400	459
23/04/2008	456	474	456	472.25	27960700	472.25
24/04/2008	472	481.75	471.5	481.75	16602100	481.75
25/04/2008	482.25	483	473	475.75	16330400	475.75
28/04/2008	475	477.5	467.75	468.5	13373100	468.5
29/04/2008	467	467	459	464	13737600	464
30/04/2008	463	472.75	459.75	466.75	13824800	466.75
01/05/2008	471	476.25	465.25	472.75	5459600	472.75
02/05/2008	479.75	480	470.75	475	13218700	475
06/05/2008	476.75	477.75	466.25	467.75	14529100	467.75
07/05/2008	469	470.25	464.5	465.75	10478800	465.75
08/05/2008	463.5	474.5	463.5	472	16030800	472
09/05/2008	472.75	479.5	469.75	478	15107700	478
12/05/2008	479.5	481	475	476.25	8694100	476.25
13/05/2008	478	480.25	469	471	7885200	471
14/05/2008	472.5	473	466.5	468.25	14814600	468.25
15/05/2008	470	470.75	466.5	469.75	8641000	469.75
16/05/2008	470	471.25	463.25	466.75	12753900	466.75
19/05/2008	464.5	464.5	450.75	458.25	19146800	458.25
20/05/2008	459	461	452.25	455.5	19240400	455.5
21/05/2008	457.75	464	457	459.25	16858800	459.25
22/05/2008	456	460	452.25	454	14588500	454
23/05/2008	454	455.5	447.25	448.75	13290500	448.75
27/05/2008	449	456.5	446.5	455	11680100	455
28/05/2008	456.75	461	452.5	455	12908500	455
29/05/2008	456	457.25	452.5	455	18984200	455
30/05/2008	456	460.5	450.25	453.25	12703000	453.25
02/06/2008	455.25	456	445.75	452.25	10713200	452.25
03/06/2008	456.5	459.5	453.25	459	17295900	459
04/06/2008	460	461.5	456	460	16510100	460
05/06/2008	467.75	471	460.5	462.25	12662000	462.25
06/06/2008	465.5	469	450.25	451.5	14331300	451.5
10/06/2008	454.5	457.5	445	448.5	16612300	448.5
11/06/2008	445.25	454.25	444.5	446.5	13232300	446.5
12/06/2008	445.25	447.75	442.75	443.75	13029200	443.75
13/06/2008	442	451.25	441.75	449.75	9264600	449.75
16/06/2008	449	450.5	437.25	441	12410600	441
17/06/2008	441	452.25	438.5	449.75	13733600	449.75
18/06/2008	446.25	446.25	435	436	14311300	436
19/06/2008	433.75	435.75	423.5	423.75	14463400	423.75
20/06/2008	423.25	427	417.5	419.5	16831600	419.5
23/06/2008	418.25	423.25	417.75	420	12409200	420
24/06/2008	420.75	422.5	412.25	420.5	14743900	420.5
25/06/2008	419.25	430.25	419.25	429.5	12567300	429.5
26/06/2008	428	431.5	418.5	418.5	14991500	418.5
27/06/2008	410.25	431.75	410.25	427.5	16810900	427.5
30/06/2008	428.75	444.25	426.25	442.5	18836600	442.5
01/07/2008	437.5	440	430.5	432	17698700	432
02/07/2008	431.5	446	426.75	426.75	13261400	426.75
03/07/2008	420	442	420	438.5	13885400	438.5
04/07/2008	437.25	437.25	426.5	426.5	10142100	426.5
07/07/2008	428.75	442.5	428.75	442	10152400	442
08/07/2008	434	446.75	430.5	445	14177600	445
09/07/2008	452	452.25	441.25	443	11841300	443
10/07/2008	436.25	438.25	429.25	431.5	12018800	431.5
11/07/2008	433	441.25	419	419.5	11172300	419.5
14/07/2008	426	432	424	426.5	9405500	426.5
15/07/2008	427	431	421.25	425	14707800	425
16/07/2008	428	439	426.25	436.75	13999100	436.75
17/07/2008	440.5	445	432.75	436.75	15010600	436.75
18/07/2008	433.25	446.75	430.5	444	13679200	444
21/07/2008	440.5	440.5	426.75	434.5	11054600	434.5
22/07/2008	432.75	446.75	429	446.75	11649200	446.75
23/07/2008	450.5	452	437.25	444.75	10793100	444.75
24/07/2008	448.5	451.75	438	447	8201800	447
25/07/2008	448.25	449.5	437.75	445.25	9361500	445.25
28/07/2008	450	451.5	438	440.5	8437800	440.5
29/07/2008	440	447.25	437.25	440.25	5719300	440.25
30/07/2008	438.5	457	438.5	451	13130500	451
31/07/2008	457	458.25	441.75	450	14079300	450
01/08/2008	453	468	445	460	23468800	460
04/08/2008	458	462	451.5	456.25	12544000	456.25
05/08/2008	460	468.5	454.5	464.5	12148200	464.5
06/08/2008	460	464.5	453.5	461.75	12610000	461.75
07/08/2008	460.5	465.5	449	462	15039000	462
08/08/2008	461.25	481	460.25	475	10111300	475
11/08/2008	478	486	470	475.75	10890100	475.75
12/08/2008	476.25	480.75	470.25	474.75	13828700	474.75
13/08/2008	477	477	466.5	473	11089600	473
14/08/2008	477.25	482	465.5	468.5	8246400	468.5
15/08/2008	471.25	478.75	466.5	471	9089000	471
18/08/2008	468	478.25	463.25	472.25	8207900	472.25
19/08/2008	470.75	471.5	458.5	462.5	7447400	462.5
20/08/2008	462	464	451.5	456	8427400	456
21/08/2008	452	459.25	446	454.75	9036900	454.75
22/08/2008	458.5	472.25	456.25	471.75	9337500	471.75
26/08/2008	467.25	467.25	456.25	461	8796700	461
27/08/2008	460.5	479.75	459.75	477.5	10410700	477.5
28/08/2008	474.75	479.5	469.75	477	8518900	477
29/08/2008	480.5	482	475	480	8808500	480
01/09/2008	479.25	489.5	475.25	487	5975900	487
02/09/2008	487.75	492	477.25	483	13662700	483
03/09/2008	481	492	478.5	485.25	10828800	485.25
04/09/2008	488	488	463.5	464	8042300	464
05/09/2008	462	469.25	453.5	454.25	11390300	454.25
08/09/2008	465.75	465.75	450	456	5570600	456
09/09/2008	455	458.5	442.25	443	18540800	443
10/09/2008	444	467	439.5	462	25271700	462
11/09/2008	463	463	451.75	459	11295100	459
12/09/2008	461.25	461.25	450.25	456	9736700	456
15/09/2008	446.5	452.25	432	441.75	18036000	441.75
16/09/2008	434	434.75	408.5	421.75	28931600	421.75
17/09/2008	415	433.75	415	417.5	23547200	417.5
18/09/2008	414	422.25	407.75	412.25	22894800	412.25
19/09/2008	404.25	445	397	445	15863200	445
22/09/2008	445	454.5	419.5	422.75	15878600	422.75
23/09/2008	420.25	424.5	408	421	19813100	421
24/09/2008	429.5	438.75	423	429.5	13791800	429.5
25/09/2008	428	436.75	424.25	436	11279600	436
26/09/2008	428.25	432	422	426.25	9241300	426.25
29/09/2008	417.75	428	397.75	397.75	12236200	397.75
30/09/2008	388.75	415	387.25	412	24478200	412
01/10/2008	414.25	423	411.75	421.5	15549300	421.5
02/10/2008	423.5	439	405	406	10368700	406
03/10/2008	407.25	422	405	415.25	12112100	415.25
06/10/2008	394.75	416	369.75	379	10005700	379
07/10/2008	389	393.5	375.25	386.25	13977200	386.25
08/10/2008	367	386.5	347.25	365.25	15422400	365.25
09/10/2008	370	382	359.75	369.75	16468800	369.75
10/10/2008	334.75	360	325	335	18042200	335
13/10/2008	338	358.5	332	358.5	18166400	358.5
14/10/2008	367.25	373.5	349.5	358.5	14340100	358.5
15/10/2008	349.5	364.25	336.75	341	27872600	341
16/10/2008	334.25	334.25	308.75	312.5	14986800	312.5
17/10/2008	330	330.75	312.75	327.5	23576700	327.5
20/10/2008	333	337	321.5	329.5	15672300	329.5
21/10/2008	332.75	349	325.75	340	20551600	340
22/10/2008	329	336	310.5	315.5	19249200	315.5
23/10/2008	313.25	333.25	307	328.5	13144400	328.5
24/10/2008	311	320.25	296.25	318.75	26453200	318.75
27/10/2008	308.25	312.5	299	302.5	15747400	302.5
28/10/2008	308	321.5	294	314.5	21323100	314.5
29/10/2008	335.75	347.5	308	315	30843900	315
30/10/2008	325	344.25	320	342.5	17091900	342.5
31/10/2008	341.5	353.5	334.75	348.75	17800100	348.75
03/11/2008	358.5	364.25	349	363	12860100	363
04/11/2008	366.75	372.75	358.5	366.75	20156200	366.75
05/11/2008	368.5	368.5	346.5	348.25	14497600	348.25
06/11/2008	344	358.75	330	340.25	17751700	340.25
07/11/2008	341.75	355.75	337.25	351.25	14657000	351.25
10/11/2008	353	367.75	343.5	347.75	10368500	347.75
11/11/2008	339	347.5	332.5	332.75	8168400	332.75
12/11/2008	337.5	345	330	333.75	13498100	333.75
13/11/2008	326.75	348.5	320	348.25	19590000	348.25
14/11/2008	358	372.75	354.5	361.75	21602000	361.75
17/11/2008	355.25	360	335.75	337.5	22306400	337.5
18/11/2008	340.5	347.25	325	339.75	13846900	339.75
19/11/2008	341.25	342.5	319.75	329.75	15657100	329.75
20/11/2008	317.75	325.75	313.25	318.75	14455200	318.75
21/11/2008	317.25	326	300.75	305.5	14257700	305.5
24/11/2008	311	338.5	309.75	334.75	19275500	334.75
25/11/2008	328.75	341.75	320.75	337	20290800	337
26/11/2008	335.25	354.25	330	346.5	20581400	346.5
27/11/2008	350	351.5	337.25	345	9827500	345
28/11/2008	347.5	355.25	335.25	354.25	10994700	354.25
01/12/2008	356	356.25	336.5	339.5	10829600	339.5
02/12/2008	335.25	345	330.75	340.5	13619900	340.5
03/12/2008	341.5	347	335	344.5	9397800	344.5
04/12/2008	347.5	353.5	332.75	340.75	11873700	340.75
05/12/2008	336.25	340	324	326	14238000	326
08/12/2008	346.25	360.5	344	359.5	13831400	359.5
09/12/2008	356	361	346.5	354	12782100	354
10/12/2008	350.75	352	338.5	345.75	14640200	345.75
11/12/2008	343.75	347	333	339	16844200	339
12/12/2008	326	350.5	321.5	345.25	9751100	345.25
15/12/2008	346.5	350	335.75	341	9002000	341
16/12/2008	342.75	348.5	339.25	347.5	9431800	347.5
17/12/2008	353.25	354	338.5	347	15742800	347
18/12/2008	345.25	349.5	336	345	10905200	345
19/12/2008	341	350.25	335	347.25	15406700	347.25
22/12/2008	343.5	350	339.75	342.5	9069600	342.5
23/12/2008	345	362.25	344.75	355.25	6570200	355.25
24/12/2008	352.5	362.75	350	353	1462200	353
29/12/2008	354	358.75	348.75	354.25	5015700	354.25
30/12/2008	355.75	390	355.25	366.75	6015300	366.75
31/12/2008	373	377.75	367.25	376.75	2623100	376.75
02/01/2009	378	380	367.75	376.25	4369500	376.25
05/01/2009	383.25	394.25	382.5	393	8497800	393
06/01/2009	393.25	402.75	387.5	390.25	17815400	390.25
07/01/2009	393	394.25	384.75	389	9434000	389
08/01/2009	387	392.75	382.75	390.75	11217000	390.75
09/01/2009	394.25	396.5	384	387.25	9810900	387.25
12/01/2009	389.25	389.25	379	380.5	6956000	380.5
13/01/2009	379.5	384.75	369	384	10918700	384
14/01/2009	389.75	391	358.75	363.75	16410400	363.75
15/01/2009	365	376.75	358.5	372	13461200	372
16/01/2009	378.75	386.75	376.75	380	10740800	380
19/01/2009	382.5	389.5	373.5	382	7146400	382
20/01/2009	376	394.75	376	389.5	14765200	389.5
21/01/2009	382.25	406.75	382.25	397	17035600	397
22/01/2009	398	404.75	394	396.75	12013300	396.75
23/01/2009	394.25	411.75	388	403.25	13529300	403.25
26/01/2009	398.75	414	398.5	408.25	11681000	408.25
27/01/2009	408.5	409.5	397	404	10456700	404
28/01/2009	405.5	416	399.75	403	11076900	403
29/01/2009	398	405.25	398	400.75	13970300	400.75
30/01/2009	403.75	414	398	402.25	13227800	402.25
02/02/2009	402.25	405.5	395	400.25	10367900	400.25
03/02/2009	400.75	403	394.75	402.75	8992400	402.75
04/02/2009	402.5	406.75	396.5	399.5	12998300	399.5
05/02/2009	395	398	382.75	390.75	15649500	390.75
06/02/2009	389.5	390.75	379.25	387	13063300	387
09/02/2009	385	385.5	372	375.5	14761600	375.5
10/02/2009	374.75	385.25	372	379.75	16920800	379.75
11/02/2009	378.25	393	378.25	391	11796200	391
12/02/2009	388.25	389.5	382.25	388	11829300	388
13/02/2009	388.5	394	385.5	390.75	11518400	390.75
16/02/2009	388	391	384.25	386	4607700	386
17/02/2009	385	389	379.25	385	14848900	385
18/02/2009	386.25	386.75	374.75	386.25	11921700	386.25
19/02/2009	400	405	385.25	400	24368900	400
20/02/2009	395	415.75	395	405	21663500	405
23/02/2009	406.5	407.25	387.25	390	15817800	390
24/02/2009	380	392.75	377	385	12834100	385
25/02/2009	387	388	378.25	383	20798200	383
26/02/2009	384.5	387	376.5	380	18337700	380
27/02/2009	375	375.25	365	371.5	21994100	371.5
02/03/2009	356	363.5	351.5	356.75	17916800	356.75
03/03/2009	358.75	359	340.25	342.25	18260100	342.25
04/03/2009	345.5	360.75	342	359	17597400	359
05/03/2009	355.75	355.75	338	339	19554300	339
06/03/2009	338.75	344.25	330.25	332.75	15211400	332.75
09/03/2009	334.5	340.5	329.5	336.75	16681600	336.75
10/03/2009	334.5	337.25	324	336.5	21479000	336.5
11/03/2009	334.25	343.5	332	339.75	16280400	339.75
12/03/2009	337	350.5	332.75	345.5	13173000	345.5
13/03/2009	349.5	356.25	340	343.25	12148000	343.25
16/03/2009	348.25	359.5	347	352	12412200	352
17/03/2009	351	353.25	345.75	351.25	9248700	351.25
18/03/2009	351.75	360.25	336.25	339.75	18470600	339.75
19/03/2009	346.5	347.25	322.25	327.5	22355200	327.5
20/03/2009	325.5	342.25	319.5	338.75	29312500	338.75
23/03/2009	345	346.25	333	342.75	13210000	342.75
24/03/2009	348	356	346.25	349.25	13163000	349.25
25/03/2009	348.5	351.75	339	343	10503000	343
26/03/2009	344.75	345	324.25	328	19573900	328
27/03/2009	329.5	339	327.75	330.75	18974600	330.75
30/03/2009	325	328	321.25	323	15829300	323
31/03/2009	325.25	336.5	325.25	334.5	22329100	334.5
01/04/2009	334.75	341.5	333	339.25	13841600	339.25
02/04/2009	346.75	349	334	343.25	18217200	343.25
03/04/2009	344	348.25	330.75	331.75	19168300	331.75
06/04/2009	336	336	322	328.5	17098400	328.5
07/04/2009	340.75	356	340.5	347.5	22923300	347.5
08/04/2009	348.5	352	342.5	344	19027600	344
09/04/2009	340	347.25	336	337	17011300	337
14/04/2009	336.5	339.75	321.25	323	24302500	323
15/04/2009	322	340.5	321.5	334.75	25060600	334.75
16/04/2009	336	340.75	332.25	339.75	14290600	339.75
17/04/2009	339	350.75	338.5	347.25	17574700	347.25
20/04/2009	344.25	345.5	336.75	337.75	2840200	337.75
21/04/2009	336	340	330.25	340	2271800	340
22/04/2009	336.5	338	330.25	335.75	2570900	335.75
23/04/2009	336.75	341.25	330.25	335.5	2147500	335.5
24/04/2009	340	351.75	337	350.75	5683900	350.75
27/04/2009	346.75	358	341.25	355.25	2369500	355.25
28/04/2009	352.75	364	349.5	360.5	2441600	360.5
29/04/2009	361.5	362	354.5	361	2335900	361
30/04/2009	364.5	369.25	357	358.25	3879200	358.25
01/05/2009	365.25	367.75	355.5	359.5	707100	359.5
05/05/2009	373.75	400	359	364.75	16612100	364.75
06/05/2009	361.75	365	346.75	360.5	29883700	360.5
07/05/2009	366	370.75	359	360	4673700	360
08/05/2009	360	361.5	344.5	349	3899200	349
11/05/2009	348.75	364.75	346.25	362	5155800	362
12/05/2009	362.5	369.25	360.25	366.25	4400300	366.25
13/05/2009	370.5	375.25	363.5	364.5	2510000	364.5
14/05/2009	364.75	369.75	362	369.75	3788500	369.75
15/05/2009	372.75	374.75	365	373	3369500	373
18/05/2009	370.5	379.25	367	377	2510900	377
19/05/2009	378.5	381.75	369.5	376.5	4437000	376.5
20/05/2009	374	383	373	376.25	3201400	376.25
21/05/2009	372.75	375	359.25	364.75	3789000	364.75
22/05/2009	365.25	366.5	354	357	3142700	357
26/05/2009	356	360.5	352	359.5	3319200	359.5
27/05/2009	362.75	365.5	351.25	354	2150900	354
28/05/2009	350	354.25	348	349	2585100	349
29/05/2009	353.5	354.25	339.75	341.75	8640600	341.75
01/06/2009	346.5	349.25	333.5	335	3710400	335
02/06/2009	338.25	338.75	329	332.5	9472100	332.5
03/06/2009	334	341.75	333	338	11574600	338
04/06/2009	337.75	341	332.25	335	5532800	335
05/06/2009	335.5	342.75	334.25	339.5	3058300	339.5
08/06/2009	334.5	336	329	334.25	5193200	334.25
09/06/2009	333	337.75	328.25	330.25	2192900	330.25
10/06/2009	332	332	320.5	323.25	5966300	323.25
11/06/2009	321.75	330	320	323.25	4435800	323.25
12/06/2009	324	326.25	320	323.5	2598500	323.5
15/06/2009	323.5	324.75	316	321	5442100	321
16/06/2009	323	329.25	322.5	327.5	5423500	327.5
17/06/2009	327.5	337	324.5	336	8401800	336
18/06/2009	338.5	346.5	336.75	344.5	11097600	344.5
19/06/2009	342.75	346.5	342	343	14197300	343
22/06/2009	342.75	345.5	338.75	340.16	6149400	340.16
23/06/2009	339.75	341.75	338.25	339.75	3473300	339.75
24/06/2009	340.25	346.25	338	345.33	5793500	345.33
25/06/2009	343.75	348	338	345	7390100	345
26/06/2009	348	349.5	341.75	342.89	4782600	342.89
29/06/2009	342.5	346.5	340.5	345	5473200	345
30/06/2009	343	345.5	338.5	338.5	9184900	338.5
01/07/2009	335	339.5	332	337.25	6139900	337.25
02/07/2009	336	336	320.75	325.71	7781900	325.71
03/07/2009	325.5	327.75	322.5	326.38	3241800	326.38
06/07/2009	323.5	328.25	321.5	326.62	4477100	326.62
07/07/2009	328.5	334.75	327.75	332.16	9544200	332.16
08/07/2009	328.75	335.75	327.25	330.61	7164200	330.61
09/07/2009	331.25	331.25	326.25	330.86	3649200	330.86
10/07/2009	328.25	329.25	323	324.17	6029000	324.17
13/07/2009	323.25	330.5	322.5	329.34	4139100	329.34
14/07/2009	329.75	334.25	326.5	332	1933200	332
15/07/2009	335.75	338	330	334.48	8782000	334.48
16/07/2009	335.25	337.5	333	335.5	7559600	335.5
17/07/2009	338	341.5	336.25	338.75	5738000	338.75
20/07/2009	339.5	343.5	335.5	342.25	4054800	342.25
21/07/2009	345.25	346	338.25	344.19	4470500	344.19
22/07/2009	341.25	341.5	334.5	337.86	2308400	337.86
23/07/2009	337.5	338.5	329.75	330.25	3299800	330.25
24/07/2009	331	332.75	319	322.25	4695100	322.25
27/07/2009	325	325.25	318.25	319.25	4615900	319.25
28/07/2009	319.25	324	316.5	321.25	4795700	321.25
29/07/2009	322.25	329	321.25	326.77	5826000	326.77
30/07/2009	327	327.25	303	312.7	11059200	312.7
31/07/2009	313.75	317	305.25	306.87	7439400	306.87
03/08/2009	307	317	305	313.1	2927000	313.1
04/08/2009	313.7	317	312	313.3	2089000	313.3
05/08/2009	315	316.4	312.4	312.4	4475500	312.4
06/08/2009	314.9	320	311.9	316.5	3560800	316.5
07/08/2009	314.2	323.2	313.9	320.47	11107600	320.47
10/08/2009	320.8	329.3	319.8	325.5	5793200	325.5
11/08/2009	326.4	330	325.1	326.1	3728500	326.1
12/08/2009	326.1	331.4	326	329.6	5102600	329.6
13/08/2009	329.3	338	327.7	332.8	5268200	332.8
14/08/2009	331.7	332.8	325.2	327	2902100	327
17/08/2009	327.1	328.3	318.1	321.9	8194100	321.9
18/08/2009	322	323.3	319.1	323.3	5053800	323.3
19/08/2009	322.9	328.8	320.1	326.6	3717700	326.6
20/08/2009	328.2	330.3	324.6	328.9	5058400	328.9
21/08/2009	327.2	333.7	327	333.7	2962500	333.7
24/08/2009	335.5	336.3	329.6	332	16846500	332
25/08/2009	330.2	333.1	326.8	332.1	8474300	332.1
26/08/2009	331.2	333.6	323.6	324	15238400	324
27/08/2009	323.9	329.3	301.6	306	56261500	306
28/08/2009	304.4	313.6	294.2	312.2	38628100	312.2
01/09/2009	318	318	309.7	312.7	16361500	312.7
02/09/2009	314.8	318	313.6	316.9	16206200	316.9
03/09/2009	317.4	320	316	317.7	10209900	317.7
04/09/2009	318.4	324.3	318.4	320.7	13346200	320.7
07/09/2009	323	327.7	319	326	6987300	326
08/09/2009	326	327.9	319.6	322.6	13415600	322.6
09/09/2009	320.6	328.4	320.6	327.1	11312800	327.1
10/09/2009	329.8	332.8	325.6	331.2	11909200	331.2
11/09/2009	330.3	335.1	330.3	332.4	11550100	332.4
14/09/2009	329	340.9	327.3	339.5	17973000	339.5
15/09/2009	340	344.8	333.8	343.1	13460400	343.1
16/09/2009	342.5	345.2	337.3	344.4	17277700	344.4
17/09/2009	348.2	349.6	343.1	344.8	19895300	344.8
18/09/2009	344.3	346	341.8	342.7	28243100	342.7
21/09/2009	341.2	343.5	340.4	342.5	9819800	342.5
22/09/2009	342.9	346	340.5	340.5	8404700	340.5
23/09/2009	340	343.9	337.7	342	7437000	342
24/09/2009	342.7	346.1	338.8	342.5	10854100	342.5
25/09/2009	343.2	345	339.9	342	10125900	342
28/09/2009	342.2	343.6	336	343.3	9078000	343.3
29/09/2009	345.1	345.7	338.5	344.2	9261100	344.2
30/09/2009	344.2	354.9	343.2	349.2	18046200	349.2
01/10/2009	351	351	327.3	334	33978200	334
02/10/2009	332.2	335.3	329.4	333	15966100	333
05/10/2009	336	339	332.1	337.31	11707800	337.31
06/10/2009	340.1	342.4	336.3	339.1	9836000	339.1
07/10/2009	339.1	339.7	333	333	19071400	333
08/10/2009	338.5	338.7	321.5	324.2	24115700	324.2
09/10/2009	322.5	327.4	315.1	319.3	27422200	319.3
12/10/2009	322	323.5	319	320.6	23410800	320.6
13/10/2009	321.1	321.5	317.2	317.7	17654600	317.7
14/10/2009	320.2	323.6	313.5	318.23	23766200	318.23
15/10/2009	319.2	322.9	318	319.5	34317800	319.5
16/10/2009	321.1	325.3	320.1	322.1	25109000	322.1
19/10/2009	325.1	326.8	322.5	324.79	15263300	324.79
20/10/2009	327.6	331.5	324.6	326.9	19782200	326.9
21/10/2009	322.6	323	315.2	316.1	24630800	316.1
22/10/2009	315.3	315.3	309.6	314	18339000	314
23/10/2009	315.7	320.8	314.1	317.3	13208100	317.3
26/10/2009	317	320.9	317	318.9	12609300	318.9
27/10/2009	320.2	322.9	318	321	22992400	321
28/10/2009	320	325.4	318.7	319.1	18588100	319.1
29/10/2009	318	319	313.3	315.2	23503900	315.2
30/10/2009	316.6	320.6	313.6	314.5	26146400	314.5
02/11/2009	316.1	320.4	311.8	318.7	8610800	318.7
03/11/2009	316.4	319	311.3	313.6	11080800	313.6
04/11/2009	313.6	315.3	310.2	313.4	10952600	313.4
05/11/2009	312.7	316	307.2	313.8	18094000	313.8
06/11/2009	315.3	317.8	312.7	317.8	10419000	317.8
09/11/2009	319.3	322.5	318.8	320.2	14284400	320.2
10/11/2009	320.5	323.4	317.7	318.7	8887400	318.7
11/11/2009	319.7	321.3	314.4	315.7	13163900	315.7
12/11/2009	315.1	317.9	312.4	315.8	13338200	315.8
13/11/2009	318.9	321.1	316.2	320.8	11260500	320.8
16/11/2009	321	326.8	319.2	324.5	10857200	324.5
17/11/2009	324.4	331.1	323.8	325.9	12957400	325.9
18/11/2009	328.3	334	327.6	331	11305300	331
19/11/2009	332.6	332.6	327.4	328	10769600	328
20/11/2009	329.6	332.9	325.6	329	15144800	329
23/11/2009	330	334.9	330	333.5	8918700	333.5
24/11/2009	331.5	333.8	327.2	331.9	10066700	331.9
25/11/2009	340	350	332.1	335.5	9166300	335.5
26/11/2009	335	335.5	327.4	327.8	8461700	327.8
27/11/2009	323.5	332.5	320.2	331	6578700	331
30/11/2009	331	332.1	327.2	328.1	7556100	328.1
01/12/2009	331.4	335.8	329.4	335.3	6957100	335.3
02/12/2009	336.6	341.7	335	340	7640300	340
03/12/2009	340.7	343	332.9	336.5	14354600	336.5
04/12/2009	336	339.1	330.9	336	12225000	336
07/12/2009	335.4	341.3	334.7	341.1	8961200	341.1
08/12/2009	339.7	344.2	339.7	342	13345900	342
09/12/2009	341.5	342	336	337.5	15735400	337.5
11/12/2009	341.2	345.5	340.5	342.7	9419700	342.7
14/12/2009	344.3	348.7	341.4	346.6	12862000	346.6
15/12/2009	347.1	347.9	343.7	345.3	9773400	345.3
16/12/2009	346.5	348.4	342.7	345	11311100	345
17/12/2009	345.5	346.8	343	343.5	7818600	343.5
18/12/2009	343	348.9	342.9	342.9	28748400	342.9
21/12/2009	345.5	347.6	343	346.1	13177100	346.1
22/12/2009	346	348.4	344.3	346.8	5282900	346.8
23/12/2009	349.3	349.3	345	347.5	10711400	347.5
24/12/2009	346.1	350	346	350	1424700	350
29/12/2009	352.7	359	350.9	359	7184600	359
30/12/2009	357.4	360.3	357.1	359	4719300	359
31/12/2009	360.8	361.7	356.7	359.5	3333800	359.5
