Date	Open	High	Low	Close	Volume	Adj Close
03/01/2006	616.5	621	611.5	617.5	38074500	617.5
04/01/2006	623	628	618.5	627	37326700	627
05/01/2006	627	627.5	621	621.5	38168700	621.5
06/01/2006	623	627.5	622	627.5	32567700	627.5
09/01/2006	630	630	617.5	628	55198300	628
10/01/2006	626	626	617.5	619	35432000	619
11/01/2006	624.5	628.5	620	626.5	21458700	626.5
12/01/2006	626.5	633	624.5	628.5	26583000	628.5
13/01/2006	627.5	629.5	619	621	23793700	621
16/01/2006	621	621.5	615	620.5	16519200	620.5
17/01/2006	619	619	607	609	48098400	609
18/01/2006	602.5	603.5	598	601.5	53202000	601.5
19/01/2006	605	611	602	605	42019400	605
20/01/2006	604.5	609	596.5	597.5	30429400	597.5
23/01/2006	593	596.5	588.5	596	30609100	596
24/01/2006	597	598.5	582.5	587.5	60845200	587.5
25/01/2006	592	596.5	584.5	587.5	54245800	587.5
26/01/2006	590	604.5	588	601	52777700	601
27/01/2006	608	615	604.5	612.5	42786500	612.5
30/01/2006	612.5	612.5	599.5	601	27824700	601
31/01/2006	600.5	604.5	595	601	42592100	601
01/02/2006	601	628	597.5	614.5	63828000	614.5
02/02/2006	618.5	620	610	611	58021900	611
03/02/2006	614	615.5	608	614	40708200	614
06/02/2006	617	625.5	616.5	619	45383100	619
07/02/2006	619.5	628.5	619	620.5	27084300	620.5
08/02/2006	618.5	628.5	617	621	30116400	621
09/02/2006	624.5	638.5	621.5	637.5	35214900	637.5
10/02/2006	634	645.5	634	642	48697600	642
13/02/2006	646	655.5	646	651.5	47044600	651.5
14/02/2006	654	662	653.5	656.5	52321400	656.5
15/02/2006	656.5	659.5	644.5	649.5	62516700	649.5
16/02/2006	653.5	655	649	654.5	17048900	654.5
17/02/2006	655	658.5	649	653	27252400	653
20/02/2006	654.5	654.5	642.5	644	25925300	644
21/02/2006	645	647	637	645.5	52571200	645.5
22/02/2006	644	669	643	664	49514600	664
23/02/2006	664.5	677.5	664.5	666.5	40352200	666.5
24/02/2006	668	676.5	666.5	670.5	67702700	670.5
27/02/2006	677	678.5	671	673.5	33459400	673.5
28/02/2006	673.5	675.5	665.5	668.5	56948400	668.5
01/03/2006	654.5	661	651.5	658	36420900	658
02/03/2006	658	662	649	653	36260500	653
03/03/2006	653	657.5	645	654	30861300	654
06/03/2006	658.5	662	651.5	654	26770800	654
07/03/2006	653	655	644.5	651.5	22398500	651.5
08/03/2006	654	654	642.5	646.5	44239700	646.5
09/03/2006	650	651.5	643.5	647	27341800	647
10/03/2006	646	661.5	644.5	660.5	41059700	660.5
13/03/2006	664	670	657.5	668	36952200	668
14/03/2006	666.5	682	663	670.5	39035200	670.5
15/03/2006	674.5	675	664.5	665.5	46923900	665.5
16/03/2006	669	672.5	663	671	28601800	671
17/03/2006	671	684	668.5	675	63091800	675
20/03/2006	682.5	687.5	676.5	677	25687700	677
21/03/2006	677	679	670	675	14069500	675
22/03/2006	671.5	683.5	669	680	56654500	680
23/03/2006	683.5	687	675.5	683.5	186945400	683.5
24/03/2006	683.5	685	680.5	684	15758500	684
27/03/2006	683.5	686	670	672	23745900	672
28/03/2006	674.5	679.5	666	667.5	29848400	667.5
29/03/2006	669	674.5	664	668	21750800	668
30/03/2006	675	683	670	679	22869000	679
31/03/2006	677.5	681	672	673.5	23609300	673.5
03/04/2006	681	682	667	671.5	17897300	671.5
04/04/2006	671.5	673	665.5	671	33071500	671
05/04/2006	672.5	679.5	668.5	678	64194600	678
06/04/2006	679.5	688.5	679.5	686	121324500	686
07/04/2006	686	701	686	701	73745900	701
10/04/2006	697.5	699	687.5	696.5	42659900	696.5
11/04/2006	698.5	698.5	679	682	22290900	682
12/04/2006	680.5	685.5	671	683	19601400	683
13/04/2006	683	686	676.5	683	15088600	683
14/04/2006	683	683	683	683	0	683
17/04/2006	683	683	683	683	0	683
18/04/2006	679.5	683	670.5	672	25963600	672
19/04/2006	677	679.5	672.5	676.5	23863800	676.5
20/04/2006	681	687.5	676	677	25194200	677
21/04/2006	679	684	676.5	681.5	48021800	681.5
24/04/2006	676	681	672.5	676	15094000	676
25/04/2006	675.5	684	675.5	680.5	13893400	680.5
26/04/2006	685	688.5	681	684	60872700	684
27/04/2006	684	688.5	677	682	19257700	682
28/04/2006	682	691	678.5	685	26717600	685
01/05/2006	685	685	685	685	0	685
02/05/2006	682.5	694	682	690.5	64239300	690.5
03/05/2006	689.5	692.5	675	677	22517700	677
04/05/2006	679.5	682	671	673	24749000	673
05/05/2006	680.5	683	675	680.5	38731500	680.5
08/05/2006	684	687.5	676	678.5	34518200	678.5
09/05/2006	679.5	680.5	669.5	674	48836600	674
10/05/2006	675.5	675.5	667.5	668	28464000	668
11/05/2006	666.5	670	655	656.5	44780200	656.5
12/05/2006	655.5	655.5	638.5	640.5	40251400	640.5
15/05/2006	639.5	643.39	618.17	636.5	38530700	636.5
16/05/2006	635	660	631.17	637.5	52675000	637.5
17/05/2006	640	643.16	608.09	612	54863000	612
18/05/2006	616.5	622.7	599.67	615.5	65389200	615.5
19/05/2006	611.5	623	610.1	612.5	34848700	612.5
22/05/2006	612	612	588.67	591	43685500	591
23/05/2006	599.5	614.17	594	609.5	43171700	609.5
24/05/2006	605	612.5	594	594.5	49655700	594.5
25/05/2006	599	605	582.39	601.5	64143800	601.5
26/05/2006	609	613	603	611.5	37885000	611.5
29/05/2006	611.5	611.5	611.5	611.5	0	611.5
30/05/2006	609	613.66	588	589.5	33552100	589.5
31/05/2006	584	619.5	581	618	65966700	618
01/06/2006	618	627.5	617	624	33662800	624
02/06/2006	627	631.65	620	624	24647000	624
05/06/2006	626.5	626.5	615	618.5	18818400	618.5
06/06/2006	610.5	614.48	602	605	22803100	605
07/06/2006	607	618.18	603.2	616.5	26755700	616.5
08/06/2006	601.5	616.5	600.16	600.5	37995300	600.5
09/06/2006	607	613	602.5	610.5	29552700	610.5
12/06/2006	609.5	612.84	596.87	601.5	25390600	601.5
13/06/2006	592.5	597.5	583.7	594	42739700	594
14/06/2006	594.5	609.03	586.16	588	29768200	588
15/06/2006	595	600.5	589	597	47351600	597
16/06/2006	605	609	595.89	599.5	46954500	599.5
19/06/2006	604.5	650	600	605	22330200	605
20/06/2006	602	605	594.5	603	20544500	603
21/06/2006	605	606	594.5	602	18560000	602
22/06/2006	606.5	612.62	601.5	602.5	20826000	602.5
23/06/2006	601	606.34	593	597	21688100	597
26/06/2006	599.5	603.5	593.5	598	25591100	598
27/06/2006	603	603.9	590.5	590.5	18874100	590.5
28/06/2006	589.5	599.9	588.5	594.5	21306400	594.5
29/06/2006	599.5	611	598	611	25802000	611
30/06/2006	620	622	609.5	614.5	33098500	614.5
03/07/2006	618	624.5	614.5	620.5	16277900	620.5
04/07/2006	623	625.5	615.5	622	18177000	622
05/07/2006	620.5	623.5	616.5	620	18904900	620
06/07/2006	621	630.5	617	626.5	25417800	626.5
07/07/2006	623	632.5	621	627.5	27896700	627.5
10/07/2006	627.5	631	617	618	28873600	618
11/07/2006	615.5	617.5	605.5	609	25366400	609
12/07/2006	611.5	614	601.5	605	26746500	605
13/07/2006	603	603	587.5	592	43974800	592
14/07/2006	587	593.5	585	586	27385600	586
17/07/2006	590	591.5	579	588.5	24881000	588.5
18/07/2006	585.5	594	584.5	589	25566000	589
19/07/2006	597	608	592	605.5	33624000	605.5
20/07/2006	613	617	606.5	608.5	26496100	608.5
21/07/2006	603.5	603.5	594	597.5	34047100	597.5
24/07/2006	599.5	615	598.5	613.5	26601700	613.5
25/07/2006	615.5	615.5	604	610	29119400	610
26/07/2006	611.5	618	608	616	27228600	616
27/07/2006	618.5	633	616.5	627	41592100	627
28/07/2006	625	636.5	623	634	34783200	634
31/07/2006	638	638	626	628	26224800	628
01/08/2006	631.5	632	614.5	624	37253100	624
02/08/2006	625.5	628.5	621.5	627.5	33340500	627.5
03/08/2006	627.5	627.5	627.5	627.5	0	627.5
04/08/2006	622.5	639.5	620.5	635.5	76581600	635.5
07/08/2006	630	639.5	625.5	630	24873300	630
08/08/2006	633	641	632	633	33011700	633
09/08/2006	637	650.5	632.5	644	46439300	644
10/08/2006	638	639.5	632	636.5	36012300	636.5
11/08/2006	636	643	632.5	635.5	20124300	635.5
14/08/2006	643.5	649	638.5	649	15047300	649
15/08/2006	647.5	660	646	656	30455400	656
16/08/2006	649	656.5	644	649.5	26889400	649.5
17/08/2006	653	656	646.5	653.5	18655600	653.5
18/08/2006	655	656	648	650	32634200	650
21/08/2006	652	652.5	642.5	649.5	18683200	649.5
22/08/2006	650	655	643	649.5	24935500	649.5
23/08/2006	649	652	640.5	643.5	15410400	643.5
24/08/2006	646	646	636	644	16195500	644
25/08/2006	648	654	644.5	649.5	27917000	649.5
28/08/2006	649.5	649.5	649.5	649.5	0	649.5
29/08/2006	654	662.5	651	660.5	37688600	660.5
30/08/2006	662.5	665.5	659	661.5	23009900	661.5
31/08/2006	663.5	665.5	654.5	657.5	20403500	657.5
01/09/2006	661.5	676	658	673.5	44016100	673.5
04/09/2006	672	676	664.5	672.5	31657100	672.5
05/09/2006	673	674.5	669	673	24549200	673
06/09/2006	670	671	661	665	24873300	665
07/09/2006	663	663	654	656.5	24502000	656.5
08/09/2006	658	663	654	658.5	14333000	658.5
11/09/2006	656.5	664.5	654	664	16150200	664
12/09/2006	666	675.5	660.5	673.5	27688800	673.5
13/09/2006	677	677.5	671.5	676.5	25099200	676.5
14/09/2006	675	683	671.5	676.5	22786600	676.5
15/09/2006	677.5	684	672	680	35131500	680
18/09/2006	679.5	680	668	671	31354000	671
19/09/2006	671	672	658.5	659.5	28352500	659.5
20/09/2006	663	674	661	669	21474700	669
21/09/2006	669	672.5	665.5	669	20627500	669
22/09/2006	666.5	666.5	654.5	659	18952000	659
25/09/2006	665	668.5	655.5	659	33926600	659
26/09/2006	663	668	660	664	18730800	664
27/09/2006	667	679	664	665.5	39887600	665.5
28/09/2006	664	673.5	661.5	669.5	21807500	669.5
29/09/2006	671.5	681.5	671	674	22825500	674
02/10/2006	682.5	684	671.5	682.5	30877100	682.5
03/10/2006	681	683.5	670	677	23076300	677
04/10/2006	684	695	683	689.5	42171200	689.5
05/10/2006	695	696	682.5	686	48949800	686
06/10/2006	689.5	702	685.5	698	35152200	698
09/10/2006	697	709	697	703.5	35234400	703.5
10/10/2006	707	710	696	710	32015000	710
11/10/2006	707.5	714.5	700.5	709.5	32878100	709.5
12/10/2006	710	724	707	722	30696200	722
13/10/2006	719	727.5	715	723.5	27831400	723.5
16/10/2006	722	726	713.5	722.5	19905900	722.5
17/10/2006	718.5	718.5	701.5	705	41701400	705
18/10/2006	710	716.5	703.5	716.5	33462700	716.5
19/10/2006	714	719	710.5	715	23542400	715
20/10/2006	713.5	717	706.5	712.5	40384000	712.5
23/10/2006	715	721	712.5	717	17531700	717
24/10/2006	715	721	714	717	20648700	717
25/10/2006	715	718	710	712.5	15551800	712.5
26/10/2006	714.5	714.5	704.5	709	31809600	709
27/10/2006	710.5	714.5	703	707	23939600	707
30/10/2006	702.5	709	702.5	705	15551600	705
31/10/2006	702	714.5	698.5	707.5	23442500	707.5
01/11/2006	709	713.5	705.5	705.5	21886900	705.5
02/11/2006	703.5	704.5	694.5	699	33151600	699
03/11/2006	699.5	703.5	694.5	699	17831900	699
06/11/2006	697.5	709	697.5	705.5	16897800	705.5
07/11/2006	706	718	703.5	716.5	30028400	716.5
08/11/2006	714.5	717.5	708.5	714.5	17019800	714.5
09/11/2006	717.5	721	708	713.5	27732300	713.5
10/11/2006	711	715	705.5	709.5	15149000	709.5
13/11/2006	709.5	715.5	704.5	706.5	23656400	706.5
14/11/2006	706.5	711	697	701	25225700	701
15/11/2006	706.5	709.5	704	707.5	22199300	707.5
16/11/2006	707	709	703	706	22985100	706
17/11/2006	708	712.5	703	707	22868700	707
20/11/2006	707	709	700.5	707	36313100	707
21/11/2006	707.5	712.5	705	705.5	32502100	705.5
22/11/2006	708	713.5	698	699.5	32402800	699.5
23/11/2006	702.5	702.5	693	699.5	27945000	699.5
24/11/2006	696	696.5	684.5	692	28251700	692
27/11/2006	692.5	696.5	684.5	688	42118400	688
28/11/2006	678.5	690.5	673	676.5	53512400	676.5
29/11/2006	685	693	681	687	34731000	687
30/11/2006	691	692	680.5	680.5	26519700	680.5
01/12/2006	684	687	668.5	676	21805300	676
04/12/2006	676.5	680.5	669.5	676	20578900	676
05/12/2006	677	682	672.5	677	37802800	677
06/12/2006	677.5	689.5	677	686.5	35835000	686.5
07/12/2006	684	719	684	707	84442100	707
08/12/2006	712	741	712	730	109245100	730
11/12/2006	724	746.5	717	723	54564900	723
12/12/2006	721	723	711.5	716	48652800	716
13/12/2006	717.5	723	715	719.5	39344600	719.5
14/12/2006	719	724	713.5	722	34684800	722
15/12/2006	722	729	721	728	66202900	728
18/12/2006	727.5	730	720.5	722.5	31143200	722.5
19/12/2006	721.5	723	714	717.5	33352500	717.5
20/12/2006	720.5	732	718	721	27132800	721
21/12/2006	720	727	717.5	725.5	22529400	725.5
22/12/2006	725	734.5	724	729.5	7669700	729.5
25/12/2006	729.5	729.5	729.5	729.5	0	729.5
26/12/2006	729.5	729.5	729.5	729.5	0	729.5
27/12/2006	735	739	729.5	735	13505900	735
28/12/2006	739	741.5	735	737	10422300	737
29/12/2006	733.5	738.5	728	730	15440100	730
01/01/2007	730	730	730	730	0	730
02/01/2007	737	747.5	732.5	746	22960000	746
03/01/2007	748	761.5	746.5	760.5	43941000	760.5
04/01/2007	755	763	755	759.5	34847600	759.5
05/01/2007	756.5	758.5	748	749	25300300	749
08/01/2007	752	763	748	752	32207100	752
09/01/2007	756	774.5	755	765	43171800	765
10/01/2007	761	763	754.5	754.5	25321000	754.5
11/01/2007	757.5	764.5	736	761	40024500	761
12/01/2007	760	763	753	760	74211600	760
15/01/2007	765	775	764	768	28654100	768
16/01/2007	766	771	752.5	755	34010800	755
17/01/2007	754	760	743.5	749	33140000	749
18/01/2007	749	751.5	743	746	25203100	746
19/01/2007	747	749	740	747	26197100	747
22/01/2007	749	753.5	742.5	742.5	17726000	742.5
23/01/2007	746	749.5	741	744.5	19660200	744.5
24/01/2007	746	763	745	758	77932500	758
25/01/2007	760	766	752	754.5	38373400	754.5
26/01/2007	753.5	755.5	744	744	25279100	744
29/01/2007	743.5	755.5	738	751	38007400	751
30/01/2007	751	755.5	747	752.5	55865700	752.5
31/01/2007	751	756.5	739	740	36200800	740
01/02/2007	747.5	753	745	750	29934700	750
02/02/2007	751	760	750.5	756.5	63344200	756.5
05/02/2007	756.5	758.5	749	753	31855100	753
06/02/2007	753.5	769.5	753.5	761.5	45015100	761.5
07/02/2007	762.5	765	755.5	763	55048400	763
08/02/2007	759	772.5	758	766	43878500	766
09/02/2007	769	784.5	768	773	36113500	773
12/02/2007	770	772	764.5	766	17381500	766
13/02/2007	770	775	767	775	30548600	775
14/02/2007	781	785	775	780.5	26608300	780.5
15/02/2007	781	784	774.5	784	20067800	784
16/02/2007	780.5	784	778.5	781.5	25887000	781.5
19/02/2007	785	786.5	776.5	781.5	18164800	781.5
20/02/2007	775	786	770	784.5	118607400	784.5
21/02/2007	790	792.5	780	780	57492500	780
22/02/2007	786.5	787	780	782.5	32900800	782.5
23/02/2007	785	791.5	780.5	790	59491900	790
26/02/2007	793	794	787	789.5	27264300	789.5
27/02/2007	783	783	761	768	64007400	768
28/02/2007	758	762.5	740	740	71687900	740
01/03/2007	739	747	711	726	68470500	726
02/03/2007	730	732.5	715	718	49399500	718
05/03/2007	705	715	701	710	53568400	710
06/03/2007	715	730.5	708.5	730.5	70374900	730.5
07/03/2007	717	725	711.5	718	48124000	718
08/03/2007	721	732	717	729	32046200	729
09/03/2007	729	736.5	725.5	734	45712800	734
12/03/2007	739	739	725	727.5	30897600	727.5
13/03/2007	730	730	705	706	48443700	706
14/03/2007	688	690	672	673.5	96104200	673.5
15/03/2007	687	691	682.5	687	64865400	687
16/03/2007	683	686	677.5	682.5	52731800	682.5
19/03/2007	692	693	671.5	677	100502200	677
20/03/2007	677.5	711	668	702	183665000	702
21/03/2007	712	719	697.5	712.5	85324300	712.5
22/03/2007	721.5	739	720	739	126180200	739
23/03/2007	740	774	735	758	128687700	758
26/03/2007	754	757	737	741.5	113618400	741.5
27/03/2007	747.5	747.5	722	726.5	76060700	726.5
28/03/2007	722.5	737.5	717	720	64969700	720
29/03/2007	726	730	722.5	727	26680400	727
30/03/2007	730	730	718	721	33900700	721
02/04/2007	722	730	716	723	45004900	723
03/04/2007	731.5	734	723	734	86490400	734
04/04/2007	733.5	734.5	720	727	66771400	727
05/04/2007	728	736.5	726.5	733	54520600	733
06/04/2007	733	733	733	733	0	733
09/04/2007	733	733	733	733	0	733
10/04/2007	735.5	738	731	735	84121400	735
11/04/2007	736.5	738	726	732.5	82440100	732.5
12/04/2007	734.5	741.5	721	738	46663100	738
13/04/2007	738	759.5	731	743.5	56114000	743.5
16/04/2007	758	762	749	756	63891800	756
17/04/2007	758.5	758.5	743.5	748	32210200	748
18/04/2007	753	757	742	743.5	32128800	743.5
19/04/2007	741	747	733.5	738	33431800	738
20/04/2007	744.5	762.5	739.5	750	104033800	750
23/04/2007	760	764.5	728	733	127332600	733
24/04/2007	737	737	705.5	712.5	120981200	712.5
25/04/2007	730	738	717.5	724	128367000	724
26/04/2007	730	733	716.5	718.5	51806900	718.5
27/04/2007	723	742	717.5	725.5	73747800	725.5
30/04/2007	723	734	723	727.5	29024600	727.5
01/05/2007	729.5	729.5	717	719	15977700	719
02/05/2007	720.5	728.5	717	722.5	32029600	722.5
03/05/2007	725.5	754	720.5	744.5	104028900	744.5
04/05/2007	752	757	729	732.5	34323100	732.5
07/05/2007	732.5	732.5	732.5	732.5	0	732.5
08/05/2007	733	737	725	728	47411200	728
09/05/2007	727	728.5	714.5	718	46207800	718
10/05/2007	723.5	723.5	709	712	29837400	712
11/05/2007	710	721	701.5	717	41742000	717
14/05/2007	721	722.5	713	716.5	20497900	716.5
15/05/2007	716.5	720.5	711	718	28215200	718
16/05/2007	716	718.5	709	712	22830700	712
17/05/2007	717	717	709	714.5	31129800	714.5
18/05/2007	718.5	734	717	729	66155600	729
21/05/2007	730.5	734	721	724.5	23233900	724.5
22/05/2007	725	728	714.5	716.5	71155100	716.5
23/05/2007	720	729	719	719.5	45313200	719.5
24/05/2007	714.5	726.5	711	713	55461200	713
25/05/2007	712	723.5	708	720	33336800	720
28/05/2007	720	720	720	720	0	720
29/05/2007	728	734.5	717	733.5	52902000	733.5
30/05/2007	726.5	730	722	725.5	16464000	725.5
31/05/2007	731	731	721	722	45200800	722
01/06/2007	722	722	722	722	0	722
04/06/2007	729	736	724	732.5	35127900	732.5
05/06/2007	735.5	744.5	732	738.5	68982800	738.5
06/06/2007	736	743	725	731.5	37988300	731.5
07/06/2007	738	739	720.5	726	63730900	726
08/06/2007	719	722.5	708.5	722.5	72504000	722.5
11/06/2007	731	755	730	733	57053900	733
12/06/2007	735	739.5	730	733.5	46096700	733.5
13/06/2007	728	744	726	733.5	50268800	733.5
14/06/2007	738	742	734.5	741	40060900	741
15/06/2007	741	750	738	749	56234000	749
18/06/2007	764	765	747.5	747.5	40698500	747.5
19/06/2007	750	752.5	744.5	746.5	18002500	746.5
20/06/2007	747	750	738.5	745	116659400	745
21/06/2007	743	745.5	723	728.5	100351000	728.5
22/06/2007	729	729	715	719.5	127675100	719.5
25/06/2007	712.5	721.5	712.5	720	41058900	720
26/06/2007	710	713	701	710.5	82637700	710.5
27/06/2007	704.5	706.5	694	702.5	75980400	702.5
28/06/2007	710.5	710.5	694	696.5	49452300	696.5
29/06/2007	700	701	683	696	81662200	696
02/07/2007	696	704	688.5	692	47830800	692
03/07/2007	694	700	692.5	695.5	26881700	695.5
04/07/2007	696.5	715.5	695	713	42659700	713
05/07/2007	716.5	719	706	710	81088800	710
06/07/2007	708.5	719.5	706.5	718.5	62066900	718.5
09/07/2007	723	724	718.5	720	19546700	720
10/07/2007	718.5	724	706.5	711.5	33607200	711.5
11/07/2007	707.5	709	700.5	704	36854800	704
12/07/2007	707.5	721.5	703.5	718.5	50221500	718.5
13/07/2007	727.5	730.5	718.5	724.5	39414600	724.5
16/07/2007	736	743	728	728.5	60125900	728.5
17/07/2007	733.5	737	724.5	732	30836600	732
18/07/2007	727.5	736.5	724.5	728.5	27523500	728.5
19/07/2007	730	732	725	727	27340800	727
20/07/2007	729	731	712.5	713.5	33857700	713.5
23/07/2007	730	738	722	735	82251600	735
24/07/2007	739.5	754.5	738.5	738.5	82366300	738.5
25/07/2007	732.5	736.5	713	715	51566200	715
26/07/2007	714.5	722	685	689	100354900	689
27/07/2007	686	702.5	679.5	682	70190300	682
30/07/2007	686	689	671	681	55973500	681
31/07/2007	691	710	682	699	64607800	699
01/08/2007	685	688	668.5	677.5	96231300	677.5
02/08/2007	690	696.5	672.5	686	70160700	686
03/08/2007	689.5	693.5	676	679	35331600	679
06/08/2007	670	697	668	681	53803400	681
07/08/2007	691	698.5	688	698.5	49551200	698.5
08/08/2007	705	712.5	702	712.5	67687000	712.5
09/08/2007	703	709	668.5	681.5	73527300	681.5
10/08/2007	670	672	622.5	638	135679100	638
13/08/2007	655	671.5	640	658.5	83384800	658.5
14/08/2007	650	663	631.5	637	85508500	637
15/08/2007	621	635.5	617	633	56462000	633
16/08/2007	620	624	605	605	79301200	605
17/08/2007	601.5	648.5	591	639.5	232235100	639.5
20/08/2007	635	653.5	624.5	634.5	50196100	634.5
21/08/2007	639	639.5	621.5	628	47976000	628
22/08/2007	633	636.5	626	633	59108900	633
23/08/2007	644	649	625.5	627.5	55420100	627.5
24/08/2007	624	626	604	611	74281600	611
27/08/2007	611	611	611	611	0	611
28/08/2007	603	608	585.5	589	96182900	589
29/08/2007	599	602.5	587	600	57141900	600
30/08/2007	607.5	612	585	597.5	120392800	597.5
31/08/2007	607.5	619	598	613.5	70126600	613.5
03/09/2007	620	643	619.5	638	74197700	638
04/09/2007	639.5	648	630	637.5	60763800	637.5
05/09/2007	637	640.5	617.5	620.5	79272400	620.5
06/09/2007	626	626	595	608	99529200	608
07/09/2007	605	607.5	581	582.5	103069900	582.5
10/09/2007	584	607	572.5	580	116057800	580
11/09/2007	588	608	586	607.5	71834100	607.5
12/09/2007	608	625	597	604.5	44982900	604.5
13/09/2007	609	616.5	596	615	77607200	615
14/09/2007	605	605	587	596	101099700	596
17/09/2007	593	593	570.5	581	98503100	581
18/09/2007	585.5	611.5	583	607	96479000	607
19/09/2007	640	647.5	628	639	137310000	639
20/09/2007	634	636.5	615	627.5	70572400	627.5
21/09/2007	623	636.5	620.5	633.5	85988800	633.5
24/09/2007	639	643	611.5	616	95108400	616
25/09/2007	612	612	587	598	158612000	598
26/09/2007	603.5	610	592.5	596	57659200	596
27/09/2007	602	612.5	597.5	603.5	81844200	603.5
28/09/2007	595.5	602	585	595.5	40358000	595.5
01/10/2007	593.5	610.5	586	600.5	72019300	600.5
02/10/2007	617	632	612.5	621	109129300	621
03/10/2007	630	643.5	619	640	77633400	640
04/10/2007	637	666.5	634	655	93658000	655
05/10/2007	657.5	666	648	660	68308800	660
08/10/2007	667	672	658.5	662	86898100	662
09/10/2007	665.5	671.5	660.5	665.5	50770300	665.5
10/10/2007	671	672.5	650.5	655.5	81904800	655.5
11/10/2007	658	660.5	642	651	70027600	651
12/10/2007	642.5	655	627.5	648	89405900	648
15/10/2007	649	651	621.5	626.5	134705400	626.5
16/10/2007	625.5	626.5	603	615	79057000	615
17/10/2007	617	629.5	611.5	619.5	56256100	619.5
18/10/2007	624	630	600	602.5	84481700	602.5
19/10/2007	596.5	600.5	585	589.5	82551600	589.5
22/10/2007	578	588.5	567.5	580	52362900	580
23/10/2007	589.5	601.5	585	588.5	89446100	588.5
24/10/2007	591	599	578.5	583.5	51415500	583.5
25/10/2007	591	592	581	584.5	60675600	584.5
26/10/2007	586	596.5	578.5	588.5	120774300	588.5
29/10/2007	597.5	603.5	589	593	38025100	593
30/10/2007	588	602	587	595	25737000	595
31/10/2007	596.5	611	588.5	604	64849700	604
01/11/2007	595	601.5	563	571.5	105662200	571.5
02/11/2007	563.5	564	524.5	537.5	184652500	537.5
05/11/2007	531	531	498.25	521.5	120436500	521.5
06/11/2007	530	534.5	510.5	524	70215100	524
07/11/2007	527.5	531	507.5	513.5	69705700	513.5
08/11/2007	495	500.5	482.5	486.25	131140000	486.25
09/11/2007	491	495	442	474.5	158009900	474.5
12/11/2007	485	521.5	479.5	513	134185300	513
13/11/2007	510	535	503	527	76266900	527
14/11/2007	550	556.5	525	533	86283700	533
15/11/2007	563	569.5	523.5	530.5	107576600	530.5
16/11/2007	521.5	525	507	509	64801000	509
19/11/2007	514	517.5	486.75	491.25	60752800	491.25
20/11/2007	496	525	478	516.5	98007600	516.5
21/11/2007	500	507.5	483.75	490.25	77590300	490.25
22/11/2007	490.5	497.5	484	493.75	38507500	493.75
23/11/2007	490.5	513.5	490.5	510.5	40342300	510.5
26/11/2007	520	525	493.5	497	39340300	497
27/11/2007	494.5	532	492.5	524	105734800	524
28/11/2007	533	556.5	528.5	554	97637900	554
29/11/2007	561	571	518	540	92672100	540
30/11/2007	542	570.5	536.5	563	76820600	563
03/12/2007	569.5	571.5	551.5	561	43158900	561
04/12/2007	563	563	527.5	538.5	52859800	538.5
05/12/2007	542	558	531.5	554	51524400	554
06/12/2007	578	578.5	546	553	85007400	553
07/12/2007	561	567.5	556.5	566	37866100	566
10/12/2007	559.5	575.5	554	569	75635200	569
11/12/2007	574.5	576	551	556	39111800	556
12/12/2007	544	565.5	534	556	118154300	556
13/12/2007	548.5	548.5	523	523	64972900	523
14/12/2007	526.5	536	518	531.5	36873900	531.5
17/12/2007	518	525	513	518	44406500	518
18/12/2007	519.5	527.5	508.5	509	42135700	509
19/12/2007	501	506.5	495.25	499	53105700	499
20/12/2007	501	504.5	497.5	503	40282700	503
21/12/2007	509	512	504.5	504.5	58263400	504.5
24/12/2007	512.5	519.5	508	516.5	6796200	516.5
25/12/2007	516.5	516.5	516.5	516.5	0	516.5
26/12/2007	516.5	516.5	516.5	516.5	0	516.5
27/12/2007	514	516	505.5	512	22994000	512
28/12/2007	508.5	510	501.5	506.5	11069900	506.5
31/12/2007	509	509	498	504	6038100	504
01/01/2008	504	504	504	504	0	504
02/01/2008	502	522.5	498.25	504.5	35334100	504.5
03/01/2008	504.5	511.5	496	508.5	30682900	508.5
04/01/2008	505	515	484	486.5	39453300	486.5
07/01/2008	484	489.25	468.25	471.75	60859100	471.75
08/01/2008	474.75	483.75	456.25	473	96829200	473
09/01/2008	468	470	454.25	458.75	72151000	458.75
10/01/2008	463	466.25	447	453	50587300	453
11/01/2008	450.5	472.75	450	465.5	67771900	465.5
14/01/2008	465	485	462	480.5	52710400	480.5
15/01/2008	482	489	463	464.5	71216000	464.5
16/01/2008	457.5	474.75	451	465	67764000	465
17/01/2008	475	484	465	466	71786600	466
18/01/2008	463	470.5	441	450	117814500	450
21/01/2008	435	442.25	419.75	420.75	110589200	420.75
22/01/2008	402	468	396	453.5	161038000	453.5
23/01/2008	467	469	434.5	454.75	107775900	454.75
24/01/2008	487	504	478.5	491	118468000	491
25/01/2008	500	511	482	487.5	76530300	487.5
28/01/2008	474	486	472.25	482.5	44759300	482.5
29/01/2008	488	496	483	491.25	45535200	491.25
30/01/2008	483.25	488.25	475	478.5	57267400	478.5
31/01/2008	474	477.25	441.75	470	111459700	470
01/02/2008	476.5	484.5	461.5	472	71978100	472
04/02/2008	479.75	487.75	470.5	481.25	63410500	481.25
05/02/2008	478.5	479	457.5	460.75	63276200	460.75
06/02/2008	456	464.75	450.25	459	57850700	459
07/02/2008	461.75	465.5	441.5	445	60650400	445
08/02/2008	451.25	455.5	436	442	47610800	442
11/02/2008	441	441	424.75	429.25	53536800	429.25
12/02/2008	435	455.75	425	455.75	70667900	455.75
13/02/2008	450.5	460.25	441.5	453.75	59078500	453.75
14/02/2008	459.75	462	438.75	443	93318400	443
15/02/2008	444.5	444.5	425.75	427.5	76776000	427.5
18/02/2008	440	461.75	440	460	93352500	460
19/02/2008	444	491	439.25	477	160108500	477
20/02/2008	469	502.5	465	490	95695900	490
21/02/2008	495	498.25	481.25	483	67947600	483
22/02/2008	479.5	489.5	474.25	480	65239100	480
25/02/2008	491.75	508.5	489.5	507	83075100	507
26/02/2008	508.5	524.5	505.5	518	70377600	518
27/02/2008	513.5	521.5	497.25	520	67459300	520
28/02/2008	515	523.5	498.75	500.5	54093500	500.5
29/02/2008	494.5	498	474.75	477.25	72011600	477.25
03/03/2008	467	471.5	456.25	462	78786300	462
04/03/2008	458.5	474.25	452.75	456.75	65248000	456.75
05/03/2008	445	451.75	435	447.5	65979300	447.5
06/03/2008	450	450	424	427	61616300	427
07/03/2008	420	429.75	408.25	425.5	106299900	425.5
10/03/2008	426	430	413	415.75	54348600	415.75
11/03/2008	421.5	446.75	418	437	96166700	437
12/03/2008	452.75	464.5	447.25	460.75	77033100	460.75
13/03/2008	446	456	434.75	450.75	81799500	450.75
14/03/2008	450	463.5	420.75	433	98255600	433
17/03/2008	409	411	389	393	165407500	393
18/03/2008	405	417.25	397.5	412.75	126435900	412.75
19/03/2008	422	433.75	392	422.75	159831500	422.75
20/03/2008	417.75	439.75	411	429	108020500	429
21/03/2008	429	429	429	429	0	429
24/03/2008	429	429	429	429	0	429
25/03/2008	478	480.25	451.5	459	130195300	459
26/03/2008	452.25	462.5	442.75	444.75	107720800	444.75
27/03/2008	449	463	443.75	453.25	68971600	453.25
28/03/2008	460.5	462	447.75	449.75	30378100	449.75
31/03/2008	440.25	454	436.25	453	68465900	453
01/04/2008	447	487	445.5	480	67964100	480
02/04/2008	485	504	482	504	77062800	504
03/04/2008	512.5	512.5	480	487	52773800	487
04/04/2008	490	495	480	489.5	48125700	489.5
07/04/2008	491	501	482	486	53668500	486
08/04/2008	480	483.25	468	477.75	44958400	477.75
09/04/2008	474	474.75	465	470.5	33130200	470.5
10/04/2008	469	472.5	448.75	463.25	51771200	463.25
11/04/2008	469	470	444.25	453	38283900	453
14/04/2008	446	455	440	443.75	33763600	443.75
15/04/2008	443.75	455.75	440	449	37624000	449
16/04/2008	455.5	479	450.75	479	54547500	479
17/04/2008	486.5	504.5	471.25	478.75	86843400	478.75
18/04/2008	480	500	463	496	86350400	496
21/04/2008	493	505.5	474.5	478.5	61408200	478.5
22/04/2008	465	469	454	461	75712800	461
23/04/2008	464	464.75	443.25	455.75	65160500	455.75
24/04/2008	457	457	441	455.25	57238400	455.25
25/04/2008	462.5	470.5	459.75	467.25	51918500	467.25
28/04/2008	470.75	479.25	468.75	470.5	33505400	470.5
29/04/2008	464	469.75	455.75	460	37688000	460
30/04/2008	457	464	444.75	456.5	38364800	456.5
01/05/2008	458	467	451	465	23012300	465
02/05/2008	470.75	481.25	468.25	476	53880400	476
06/05/2008	473	477.75	465	473.75	28458700	473.75
07/05/2008	479.5	479.5	469	475	25908000	475
08/05/2008	468	468	457.25	463	43584500	463
09/05/2008	457.25	461.25	445.5	451.5	44914400	451.5
12/05/2008	449	453	439.25	444.75	31816000	444.75
13/05/2008	448.25	450	427.75	437.75	56489900	437.75
14/05/2008	432.25	436	424.25	427.25	71492400	427.25
15/05/2008	438	439	408.75	418.75	80810300	418.75
16/05/2008	417.5	425	410	410.25	71065700	410.25
19/05/2008	414.5	415.25	405.5	413	42997200	413
20/05/2008	409.5	417.5	404	405.5	47144400	405.5
21/05/2008	410	413.5	392.25	398	51726100	398
22/05/2008	390	397.5	384.5	392	62615500	392
23/05/2008	393.5	401	386	386	68607000	386
27/05/2008	389.75	395	380.75	390.75	49621700	390.75
28/05/2008	395	397	382.25	387.25	61635300	387.25
29/05/2008	380.5	385.75	372.25	377.5	61315600	377.5
30/05/2008	377.5	390	372.75	375	44742400	375
02/06/2008	370.25	370.5	356.5	365.5	54450900	365.5
03/06/2008	359.5	369	355	360.25	73703900	360.25
04/06/2008	357	360.5	343	352	90532400	352
05/06/2008	358.75	366.75	353	363	60904700	363
06/06/2008	366.5	367.5	336.75	337.75	76965600	337.75
10/06/2008	311.5	327.75	305	321.5	94880000	321.5
11/06/2008	328	332	303.5	306.5	102746800	306.5
12/06/2008	304.25	316.75	293	314.75	127844800	314.75
13/06/2008	325	326	308	318	93419600	318
16/06/2008	338.5	358	327.5	329	148680800	329
17/06/2008	331.25	356	330	340.5	125057600	340.5
18/06/2008	337	338.25	325.25	326.25	73948900	326.25
19/06/2008	321.5	323.75	313.5	315.75	82679600	315.75
20/06/2008	318.75	324	302	308.25	75293800	308.25
23/06/2008	305	312.25	296.75	299.75	61153600	299.75
24/06/2008	305	314.75	299	310.75	80503500	310.75
25/06/2008	328	338	318.75	331	223125400	331
26/06/2008	320	322	299.25	303.75	115543600	303.75
27/06/2008	301.25	304.75	289.5	298	100666400	298
30/06/2008	298.75	301.5	286.5	291.5	69292200	291.5
01/07/2008	291	292	272.75	281.5	101868500	281.5
02/07/2008	288.75	294.25	277	285.25	74032800	285.25
03/07/2008	280.5	293.75	279.5	292	66037700	292
04/07/2008	293.25	296	277.5	279	45901800	279
07/07/2008	282	286.5	273.25	282	64278800	282
08/07/2008	276.5	281.25	268.25	279	73088200	279
09/07/2008	288	299.5	285	293.25	96581200	293.25
10/07/2008	283.25	289	280.5	284.5	78355700	284.5
11/07/2008	284.5	288.75	267.75	267.75	112245200	267.75
14/07/2008	273	288.25	269.25	269.75	102317200	269.75
15/07/2008	262	266.5	252	260.5	129692700	260.5
16/07/2008	264	272	238.75	266.75	172822300	266.75
17/07/2008	288	301	280	290.5	192877200	290.5
18/07/2008	280	320.25	278.25	320.25	166771100	320.25
21/07/2008	320	334.75	310	324	115274500	324
22/07/2008	314.5	318	303	314.75	90102300	314.75
23/07/2008	325	352.75	324	352	226375200	352
24/07/2008	357	360.75	343.5	348	119780800	348
25/07/2008	335	360.5	327.25	356.5	256242900	356.5
28/07/2008	355	356	336.75	338.75	99702000	338.75
29/07/2008	315	328.5	306.5	324.75	104502200	324.75
30/07/2008	335	344.5	323.5	335	68205800	335
31/07/2008	335	345.75	330.5	338	71859400	338
01/08/2008	332.75	352.75	327	341.5	67155300	341.5
04/08/2008	343	347	334.75	339.25	37466200	339.25
05/08/2008	344.75	373.25	342	369.25	99933100	369.25
06/08/2008	374	384	362.25	369	79529100	369
07/08/2008	360	395.75	359.5	375	156718800	375
08/08/2008	365	377	359	366.5	54987400	366.5
11/08/2008	365	379.5	362.5	379.5	99466000	379.5
12/08/2008	377.75	389.5	371.5	378.5	42942300	378.5
13/08/2008	370.75	372.75	349.5	351.5	92427000	351.5
14/08/2008	349	354.5	337.5	346.5	53864800	346.5
15/08/2008	349.5	352.5	342.75	349.75	32195600	349.75
18/08/2008	347	350.5	337.5	342.75	31997300	342.75
19/08/2008	335	338.75	320.25	324.25	65395800	324.25
20/08/2008	313	319.5	305.5	315	37911500	315
21/08/2008	312.5	317.75	304.5	311	34174300	311
22/08/2008	310.5	331.5	309	326.75	47638600	326.75
26/08/2008	320.25	328.25	315.5	325.75	35572100	325.75
27/08/2008	323.5	333.75	321.75	330.25	28349200	330.25
28/08/2008	332.5	352.25	326.75	349.5	54886700	349.5
29/08/2008	351.75	357.5	345.75	353	74068200	353
01/09/2008	350	356	343.25	353.75	39435500	353.75
02/09/2008	356.25	370.75	354.25	363.75	54905200	363.75
03/09/2008	355	359.5	346.25	350.25	63405900	350.25
04/09/2008	350	353.25	325.5	329.25	33665800	329.25
05/09/2008	322.75	324.25	312	317.25	88970200	317.25
08/09/2008	359	365.25	349.25	355	65190100	355
09/09/2008	356.5	381	351.75	365.75	194203500	365.75
10/09/2008	361	368	341	346.5	127615400	346.5
11/09/2008	344	344.5	325.25	338.5	79339900	338.5
12/09/2008	343.5	353.25	340.25	350.5	72487600	350.5
15/09/2008	330	331.5	280.5	316	198246900	316
16/09/2008	302	321.25	277.75	308	164257300	308
17/09/2008	338	354.75	283	317.75	250118300	317.75
18/09/2008	315	345	285.5	301	201837200	301
19/09/2008	475	475	356	389	173357900	389
22/09/2008	395	405.25	371.5	373	68413200	373
23/09/2008	357.75	371	331.25	357.25	64904000	357.25
24/09/2008	369	373.75	338.25	345.5	47318100	345.5
25/09/2008	347	378.25	338.75	370	63164600	370
26/09/2008	355.5	375.75	330	366.5	50754500	366.5
29/09/2008	359	359	326	334.25	35379300	334.25
30/09/2008	319	345	315	326.5	52707500	326.5
01/10/2008	340	351	334	341	56076300	341
02/10/2008	351	359	335.75	338	29543900	338
03/10/2008	344.75	376.75	342.25	368	50653300	368
06/10/2008	339	354.5	307.75	314	38068100	314
07/10/2008	320	327	260.75	285	69248400	285
08/10/2008	262	297.75	236	278.25	97605400	278.25
09/10/2008	285	288.5	241	241.75	46214700	241.75
10/10/2008	205	230	185	207.5	63934000	207.5
13/10/2008	221.25	242.25	205.75	215.25	76734100	215.25
14/10/2008	237.5	256	224.5	246	48453200	246
15/10/2008	254	255	237	239.5	51931800	239.5
16/10/2008	231	235	204.5	213.5	31858600	213.5
17/10/2008	221.5	227.75	207.25	221	41023000	221
20/10/2008	225	240.75	214	236.75	36905100	236.75
21/10/2008	247.5	250	234.75	242.5	25102600	242.5
22/10/2008	230.5	239.75	221.5	224.5	33422800	224.5
23/10/2008	226	229.5	207	218.25	35485200	218.25
24/10/2008	219	219	179.1	192	62422600	192
27/10/2008	175.5	198.5	175.5	191.4	30747700	191.4
28/10/2008	205	205	168.5	180	47543900	180
29/10/2008	190.2	202.25	183	190.3	66323300	190.3
30/10/2008	197	215.75	189	205.25	55003500	205.25
31/10/2008	217	228	159.6	178.9	197300100	178.9
03/11/2008	160	171.9	156.1	171.5	103420400	171.5
04/11/2008	176.6	188.4	174.3	185.9	89112900	185.9
05/11/2008	189.6	200.5	181	195.9	81537200	195.9
06/11/2008	188.9	202.5	182.3	183.7	89033400	183.7
07/11/2008	190	194	185.1	188.2	66437200	188.2
10/11/2008	198.7	198.9	183.7	185	32036300	185
11/11/2008	181.2	186.8	174.8	179	35154200	179
12/11/2008	177.1	186	158.6	168.2	61069500	168.2
13/11/2008	160	169.5	155.5	157.7	39365500	157.7
14/11/2008	165	168.3	154.6	159.1	44221600	159.1
17/11/2008	162.3	162.8	149.9	154.1	36916500	154.1
18/11/2008	158.4	161.7	138	149.5	52344500	149.5
19/11/2008	147	150	129	129.6	49339600	129.6
20/11/2008	125	132.5	117.2	127.7	82208600	127.7
21/11/2008	132.1	138.3	128	133.2	61770900	133.2
24/11/2008	137.1	150.2	137.1	146.5	70353600	146.5
25/11/2008	143.6	168.1	143.6	167	97945600	167
26/11/2008	165	167.7	159.6	160	47714200	160
27/11/2008	163	169	159	166.9	21838600	166.9
28/11/2008	170	170.5	159.1	169.4	27362700	169.4
01/12/2008	161.3	167.6	152.7	158	32496300	158
02/12/2008	153.2	155.5	143.2	152.5	41361300	152.5
03/12/2008	156	156	141.2	149.8	34154100	149.8
04/12/2008	152	158.7	146.6	147.2	47675900	147.2
05/12/2008	145	149.7	136.4	138.3	41716100	138.3
08/12/2008	153	160.5	146.2	157.9	50410000	157.9
09/12/2008	161.2	167.8	152.8	162	35380800	162
10/12/2008	161.9	164	153.8	156.2	34470400	156.2
11/12/2008	153	163.2	151.7	161.1	38516100	161.1
12/12/2008	150	150.8	138.4	148	48626600	148
15/12/2008	155	155	142.1	143.9	26021700	143.9
16/12/2008	141.1	147.5	139.2	144.5	28822700	144.5
17/12/2008	150	152	139.2	145	28226400	145
18/12/2008	145.6	149.2	139	140	56575900	140
19/12/2008	137.3	148.3	136	148.3	54250200	148.3
22/12/2008	145.4	148.1	140.7	145.1	19669900	145.1
23/12/2008	143.1	149	143.1	147	17510900	147
24/12/2008	145.5	147	140.6	145	3658400	145
29/12/2008	143.1	150.3	143	150.3	19529100	150.3
30/12/2008	151.7	151.7	146.1	149	17057600	149
31/12/2008	149.9	155	149.5	153.4	10205600	153.4
02/01/2009	152.9	159.5	147.6	157	12570800	157
05/01/2009	161.4	164.7	154.5	161	18062400	161
06/01/2009	162.9	165	154	163.3	38311500	163.3
07/01/2009	165	174.8	161.1	169.8	48190200	169.8
08/01/2009	169.5	180	165	177	43683800	177
09/01/2009	179	187	174.5	179	45604500	179
12/01/2009	177	190.6	174.6	184.6	25968700	184.6
13/01/2009	181	183.4	159.3	165.9	58959600	165.9
14/01/2009	165.1	166.4	135.2	142.1	70099800	142.1
15/01/2009	138.3	144.1	128.5	130.4	45151800	130.4
16/01/2009	135.9	138.5	98	98	140188100	98
19/01/2009	116	122.8	78.8	88	248085500	88
20/01/2009	89	97.8	69	72.9	214582600	72.9
21/01/2009	69.3	71	47.3	66.1	358036800	66.1
22/01/2009	72.5	75	56.7	59.2	173982500	59.2
23/01/2009	56.3	60.4	47.6	51.2	172977400	51.2
26/01/2009	63	91.1	60.1	88.7	241980600	88.7
27/01/2009	93.1	102.1	84.8	90	119391500	90
28/01/2009	97	117.5	95.4	107	140019500	107
29/01/2009	105	111	92.3	100.3	75043100	100.3
30/01/2009	101	111	99	106.1	89410000	106.1
02/02/2009	96.8	103.4	91.6	94.9	71381200	94.9
03/02/2009	96.8	98.2	90.1	92.3	48806800	92.3
04/02/2009	95	100.6	90.9	96.9	54982500	96.9
05/02/2009	92.1	101.7	92	100	73273400	100
06/02/2009	101.5	110.3	100.6	104.8	101070600	104.8
09/02/2009	101.9	117.9	101.9	116.2	144321300	116.2
10/02/2009	116	120.9	110	113.4	105786900	113.4
11/02/2009	110	113.5	105.5	108.5	74084900	108.5
12/02/2009	108	108	102.5	105	61150300	105
13/02/2009	108.5	110.3	89.2	100.5	117724800	100.5
16/02/2009	95.7	104	92.5	97.1	70214700	97.1
17/02/2009	95	102.4	93.1	96.6	79392300	96.6
18/02/2009	98	99.7	90.7	93.3	76893200	93.3
19/02/2009	95.8	103.8	94.5	101.1	91166100	101.1
20/02/2009	97.4	99.5	94.5	95.2	65619300	95.2
23/02/2009	98.5	104.8	96.6	98.7	59914000	98.7
24/02/2009	94	101.5	93.4	98.2	62980200	98.2
25/02/2009	103.9	108	101.4	105.6	68201900	105.6
26/02/2009	109.5	120.1	108.1	113	122192900	113
27/02/2009	108	110	90.9	93.4	149129200	93.4
02/03/2009	87.5	92.7	85.2	87.7	75061000	87.7
03/03/2009	88.4	90.7	76.5	81.8	98075900	81.8
04/03/2009	84	89.5	82.4	86.3	40607400	86.3
05/03/2009	84.9	86.2	65.3	65.5	111820700	65.5
06/03/2009	67.7	71	61.7	64.8	76964600	64.8
09/03/2009	58	62.3	55	61.4	113220400	61.4
10/03/2009	61	73.6	59.4	67.5	118572700	67.5
11/03/2009	70	75.7	68.9	70	82103700	70
12/03/2009	69.5	72.4	65.7	71.9	59593100	71.9
13/03/2009	77	83.8	74.1	74.1	101197000	74.1
16/03/2009	81.9	91.3	81	90.9	114084900	90.9
17/03/2009	89.8	95.6	86.7	91.3	73952900	91.3
18/03/2009	93.9	97.7	91.3	96	61720300	96
19/03/2009	100	115.7	98.8	112.5	231068900	112.5
20/03/2009	108	109.8	101.3	105	145657700	105
23/03/2009	110	121.5	109	121.5	128334500	121.5
24/03/2009	130	133	114.2	117.8	82653400	117.8
25/03/2009	118	124	112.7	123.4	71596300	123.4
26/03/2009	125	150.1	123.5	140.1	133328600	140.1
27/03/2009	144	176.6	142.9	173.8	197561700	173.8
30/03/2009	169	169	146.5	149.1	121907800	149.1
31/03/2009	148.7	160.5	142.2	148	108418200	148
01/04/2009	148	158	143.3	157	96572200	157
02/04/2009	162.5	171.4	162.5	168.4	81641600	168.4
03/04/2009	169	178	165.4	170.4	56513800	170.4
06/04/2009	177.4	182.1	165.5	172.6	65677500	172.6
07/04/2009	175.6	175.6	157.7	157.7	64970600	157.7
08/04/2009	150	164.5	150	157.8	60896500	157.8
09/04/2009	165.6	183.5	164.4	177.5	76093100	177.5
14/04/2009	186.3	206.5	186.1	195.5	114030300	195.5
15/04/2009	185.9	199.2	184	196.8	65950900	196.8
16/04/2009	205	215.75	200.75	212	107902700	212
17/04/2009	218	239.75	216.25	227	107261500	227
20/04/2009	225	239	200.75	209	16123500	209
21/04/2009	203	214.5	190.1	199	13659800	199
22/04/2009	208	218.75	201	218	12722000	218
23/04/2009	213.75	223.75	212.5	217.25	7877400	217.25
24/04/2009	223.25	237.75	221	236	17419100	236
27/04/2009	228	246	227	234.25	20094000	234.25
28/04/2009	228.25	234.25	220.75	232.25	9908100	232.25
29/04/2009	234	258	234	256.5	36607900	256.5
30/04/2009	265	291	264	281.5	41357900	281.5
01/05/2009	276	279	269.5	279	27664900	279
05/05/2009	295.5	302.5	292.5	298	16254000	298
06/05/2009	293	298.25	281.25	288	20190700	288
07/05/2009	294.5	307	271	275.75	20640600	275.75
08/05/2009	280	284.5	264	281	8920000	281
11/05/2009	292	293.5	271.5	287	7033100	287
12/05/2009	273	279.75	264.5	268.5	12452900	268.5
13/05/2009	267	273.25	240.5	242.75	29805700	242.75
14/05/2009	243.25	260.5	236.25	253	15805600	253
15/05/2009	270	278.5	263.25	267.75	17117900	267.75
18/05/2009	265	282.75	262.75	280.75	15831300	280.75
19/05/2009	287	294.75	283.5	294.75	28498300	294.75
20/05/2009	290	296	279.25	293.5	13914700	293.5
21/05/2009	285	293.75	280	284.5	5200200	284.5
22/05/2009	282.75	294.5	282.25	286.75	5182200	286.75
26/05/2009	285	292.75	277.5	289.25	13419200	289.25
27/05/2009	292.75	299.75	285.75	290	11829700	290
28/05/2009	281.5	288.75	280	287	7075800	287
29/05/2009	296	298.5	286.25	297.5	11349200	297.5
01/06/2009	300	322.25	297.5	316.25	17357500	316.25
02/06/2009	277.75	279.75	264.75	273.5	82213200	273.5
03/06/2009	277	277	255	259.75	37225500	259.75
04/06/2009	262.75	272.5	259.75	266	12650700	266
05/06/2009	272	285	270	285	72896700	285
08/06/2009	288	288	276	283.75	14606400	283.75
09/06/2009	285.5	293.25	285.5	290	15804800	290
10/06/2009	296.75	300	284.25	288.5	16665000	288.5
11/06/2009	288.25	304.5	284.25	304.5	79422700	304.5
12/06/2009	300.25	303.5	291.5	292	14406800	292
15/06/2009	291	291.75	276.25	278.75	11464100	278.75
16/06/2009	277	288	272.5	277	17486900	277
17/06/2009	274.5	281.5	263	270	11914700	270
18/06/2009	273.5	275	261	270.66	10832300	270.66
19/06/2009	272.75	278.75	268.5	274	50060500	274
22/06/2009	273.5	277	261.25	263.74	13740300	263.74
23/06/2009	260	266	255.35	259.05	9072200	259.05
24/06/2009	264.5	273.75	261	270.8	15751800	270.8
25/06/2009	269.95	274.4	262.25	269.75	28466500	269.75
26/06/2009	270	274.4	264.7	268.1	15460100	268.1
29/06/2009	269.2	280	267.2	279.65	13416800	279.65
30/06/2009	285	289.1	277.35	288	21376900	288
01/07/2009	285	290.9	282.65	290.25	19299900	290.25
02/07/2009	290	295.95	287.8	295	27216100	295
03/07/2009	291.85	299	287.15	296.88	135170600	296.88
06/07/2009	290	295.45	287	292.75	18909800	292.75
07/07/2009	296	298.75	290.5	296	13762800	296
08/07/2009	292.75	295	284	289.76	15762700	289.76
09/07/2009	287	291.8	285.45	290.48	15629100	290.48
10/07/2009	284.2	291.4	284.2	288	11677400	288
13/07/2009	285.4	297.7	282.15	296.4	9899700	296.4
14/07/2009	301	308	296.45	300	15220300	300
15/07/2009	301	314.95	300.95	310.5	12455700	310.5
16/07/2009	315	319	308.7	314.8	7479400	314.8
17/07/2009	318	320.95	313.1	318.55	40391700	318.55
20/07/2009	315	318.5	312	313	27737900	313
21/07/2009	313.5	314.8	307.9	309.3	10390400	309.3
22/07/2009	308.5	308.55	295.85	303.05	10228700	303.05
23/07/2009	300.75	311.75	293.9	294.41	10391800	294.41
24/07/2009	313.25	319	309.5	315	14977100	315
27/07/2009	318.5	320	302.7	304	18373000	304
28/07/2009	303.1	306.2	294.4	298.05	10138800	298.05
29/07/2009	296.65	304.7	294.5	294.85	9185200	294.85
30/07/2009	297	310	297	305	9186600	305
31/07/2009	303.5	313.9	301.05	302.18	11338100	302.18
03/08/2009	298.85	336.3	296.5	322.55	25621100	322.55
04/08/2009	325.05	332	322.4	328.5	10662800	328.5
05/08/2009	329	347.45	328.1	336.5	15862000	336.5
06/08/2009	343.1	362.65	341.9	353.75	14079300	353.75
07/08/2009	345.55	367.95	337.85	359.87	47932500	359.87
10/08/2009	355.6	366.65	353.9	358.55	12281700	358.55
11/08/2009	350	361	343.45	346.25	9839000	346.25
12/08/2009	340.35	357.85	330	353.35	32501000	353.35
13/08/2009	356.5	364	353.3	364	9910900	364
14/08/2009	361.9	367	354.25	359.1	10615300	359.1
17/08/2009	356	356	341	347.05	11707300	347.05
18/08/2009	345	350.6	341	346.55	9314700	346.55
19/08/2009	342.15	347.5	334.9	347.5	11471900	347.5
20/08/2009	350	354.2	344.25	348.9	11895300	348.9
21/08/2009	343.9	352.1	343.3	352	31669400	352
24/08/2009	360	364	356	361	41043200	361
25/08/2009	354	367	353.4	362.5	55298100	362.5
26/08/2009	361.75	366.05	359.65	363	22682700	363
27/08/2009	361.5	372.35	361.5	369	37655200	369
28/08/2009	375	383.7	372	377.67	56360600	377.67
01/09/2009	379	381.75	368.1	377.25	56851000	377.25
02/09/2009	362.5	366.95	354.25	359.05	51775200	359.05
03/09/2009	356.8	362.25	349.9	352.84	66062000	352.84
04/09/2009	355.1	361.9	350.45	351.75	55664300	351.75
07/09/2009	360	361.15	353.3	359.5	28539800	359.5
08/09/2009	362	363.6	354.85	355.5	39979300	355.5
09/09/2009	355	367.8	352.95	366.7	41760600	366.7
10/09/2009	368	372	363.5	368	37952100	368
11/09/2009	370.9	374	368.35	367	41335300	367
14/09/2009	365	371.8	360.9	370	29854200	370
15/09/2009	373	375.9	367.4	373	27952300	373
16/09/2009	372	381.2	369.2	380	76787500	380
17/09/2009	385.95	389.75	374.5	382.58	53117300	382.58
18/09/2009	377	377.5	371	373.65	61493700	373.65
21/09/2009	375.6	379	363.9	370	34170900	370
22/09/2009	372.95	374.6	368.8	372.59	23883800	372.59
23/09/2009	369.55	372.65	365.65	368.9	33014800	368.9
24/09/2009	369.6	376.65	364.4	372.4	70342700	372.4
25/09/2009	363	367	355.35	361.94	66727700	361.94
28/09/2009	357.1	367	350.25	362.61	45297900	362.61
29/09/2009	372	373.7	367.2	371.06	48633400	371.06
30/09/2009	368.6	375.5	365.5	370	37991200	370
01/10/2009	371.8	372.3	360.35	363.3	27882100	363.3
02/10/2009	361.5	364	353.2	358.14	42855000	358.14
05/10/2009	359.95	361.95	352.85	361.8	24781200	361.8
06/10/2009	363.5	372.85	363.5	369.85	39503000	369.85
07/10/2009	367.35	372.35	364.2	371.92	31111700	371.92
08/10/2009	374.55	375.9	364.15	370.36	47148300	370.36
09/10/2009	374	378	371.65	375.1	25331700	375.1
12/10/2009	378	378.75	370	372.65	30027900	372.65
13/10/2009	372	372.45	360	360	56467800	360
14/10/2009	367.25	384.9	364.3	377.71	92129000	377.71
15/10/2009	388.2	390	374	379.9	60610300	379.9
16/10/2009	385	388.95	370.35	372.25	44821400	372.25
19/10/2009	374.15	382.05	372.5	382.05	23393500	382.05
20/10/2009	370	373.2	359.55	363.75	166048000	363.75
21/10/2009	365.05	367	353.2	364.95	77731500	364.95
22/10/2009	358.05	361.25	354.55	359	49402600	359
23/10/2009	366.95	369	359.9	368	43841700	368
26/10/2009	360	365	348.85	352.6	49736800	352.6
27/10/2009	350.25	351.85	333.65	339.8	77987700	339.8
28/10/2009	341.5	341.9	315	324	112527100	324
29/10/2009	316.5	333.75	313.5	329	128902100	329
30/10/2009	337	338.2	320.1	322	70860600	322
02/11/2009	315.6	331	314.8	328.85	46447900	328.85
03/11/2009	323.25	329.7	317.25	323.45	54937100	323.45
04/11/2009	332.05	339	329.65	339	42693500	339
05/11/2009	330	337.4	330	332.35	45538500	332.35
06/11/2009	332.95	343.65	331.35	336.5	50532200	336.5
09/11/2009	342.5	347.9	340.4	342.85	57605300	342.85
10/11/2009	336	339.9	324	325.35	108984000	325.35
11/11/2009	327.75	330.45	319.5	321.89	72473900	321.89
12/11/2009	323.95	330	322.7	324.1	52190000	324.1
13/11/2009	324	326.05	317.5	320	54656100	320
16/11/2009	325	327.5	319	324	44502600	324
17/11/2009	325	325	314.7	315	59626200	315
18/11/2009	319	321.9	314	319.9	67947500	319.9
19/11/2009	315.8	320.5	306.35	308.4	72771500	308.4
20/11/2009	310.15	312.6	296.3	304.25	106598400	304.25
23/11/2009	310	318.05	307.65	311.15	56631000	311.15
24/11/2009	310.05	319.75	309.35	314	61998000	314
25/11/2009	317	318.85	314.05	316.3	57048700	316.3
26/11/2009	314	314.2	284.15	291.1	116834400	291.1
27/11/2009	283	305.5	275	297.85	149555900	297.85
30/11/2009	301	302	291.35	292.35	96299400	292.35
01/12/2009	299.55	305.6	293.5	296.05	108701300	296.05
02/12/2009	303.9	303.9	284.6	297.5	100559200	297.5
03/12/2009	305	313.5	304	313.5	83241000	313.5
04/12/2009	306.05	310.4	297.7	303.5	55134600	303.5
07/12/2009	303.55	303.55	294.75	297.05	45655500	297.05
08/12/2009	295	297.8	282.6	289.6	72510400	289.6
09/12/2009	285	290.5	277.85	277.96	69437600	277.96
11/12/2009	292.6	297.1	287	288	42069600	288
14/12/2009	295	299.8	289.5	291.65	46690900	291.65
15/12/2009	293.9	294.15	281.65	284.55	41446200	284.55
16/12/2009	286	294.3	284.55	292	56723000	292
17/12/2009	287.5	289.85	273.4	273.85	67184500	273.85
18/12/2009	275.25	276.4	263.75	274	125196800	274
21/12/2009	271	275.8	266.1	274.15	39933600	274.15
22/12/2009	274	276.55	271.5	275	28207700	275
23/12/2009	275.4	278.35	273.6	275.5	24441300	275.5
24/12/2009	278	280.5	272.3	276	6071300	276
29/12/2009	277	279.3	273.45	275	15600800	275
30/12/2009	276	276.05	269.55	272.25	16867200	272.25
31/12/2009	276.05	276.05	273.6	276	8431700	276
