Date	Open	High	Low	Close	Volume	Adj Close
03/01/2006	1297	1317	1297	1311	9815700	502.2
04/01/2006	1318	1323	1287	1290	8312400	494.16
05/01/2006	1287	1293	1271	1279	8641000	489.94
06/01/2006	1281	1288	1273	1279	6823900	489.94
09/01/2006	1285	1285	1270	1275	5281700	488.41
10/01/2006	1278	1285	1273	1278	3996800	489.56
11/01/2006	1275	1276	1259	1269	10900300	486.11
12/01/2006	1271	1276	1233	1242	14568600	475.77
13/01/2006	1247	1266	1241	1257	5926000	481.51
16/01/2006	1257	1262	1244	1251	5953700	479.22
17/01/2006	1249	1251	1238	1242	3249300	475.77
18/01/2006	1237	1262	1229	1247	4368000	477.68
19/01/2006	1253	1279	1253	1270	4663000	486.49
20/01/2006	1267	1280	1263	1268	3644300	485.73
23/01/2006	1260	1272	1255	1261	3148100	483.05
24/01/2006	1259	1263	1251	1257	4049600	481.51
25/01/2006	1267	1284	1258	1274	5432300	488.03
26/01/2006	1275	1298	1258	1260	6115800	482.66
27/01/2006	1263	1268	1238	1254	9000600	480.36
30/01/2006	1250	1258	1247	1252	6319900	479.6
31/01/2006	1255	1280	1249	1267	10831800	485.34
01/02/2006	1266	1279	1265	1275	8818700	488.41
02/02/2006	1275	1288	1269	1282	6308000	491.09
03/02/2006	1277	1285	1266	1284	8718500	491.86
06/02/2006	1284	1298	1282	1294	10873400	495.69
07/02/2006	1301	1308	1272	1280	13195600	490.32
08/02/2006	1279	1289	1270	1283	13691100	491.47
09/02/2006	1284	1318	1277	1317	12648200	504.5
10/02/2006	1313	1327	1286	1294	11570700	495.69
13/02/2006	1294	1312	1292	1308	4793200	501.05
14/02/2006	1313	1316	1293	1300	5425000	497.99
15/02/2006	1307	1315	1295	1310	4277800	501.82
16/02/2006	1315	1320	1300	1310	7489300	501.82
17/02/2006	1310	1316	1304	1311	8106000	502.2
20/02/2006	1300	1319	1300	1318	2434200	504.88
21/02/2006	1319	1330	1314	1325	5117200	507.56
22/02/2006	1330	1333	1318	1330	4987200	509.48
23/02/2006	1336	1336	1316	1328	6264900	508.71
24/02/2006	1338	1338	1321	1327	3926600	508.33
27/02/2006	1330	1337	1325	1328	4026800	508.71
28/02/2006	1355	1381	1355	1359	10645200	520.59
01/03/2006	1359	1387	1356	1382	10511400	529.4
02/03/2006	1390	1403	1387	1397	11077400	535.14
03/03/2006	1394	1413	1394	1408	5353600	539.36
06/03/2006	1411	1450	1411	1443	7344400	552.76
07/03/2006	1435	1448	1425	1442	7744700	552.38
08/03/2006	1425	1435	1412	1422	8745900	544.72
09/03/2006	1428	1452	1425	1439	10317800	551.23
10/03/2006	1441	1447	1430	1435	6789700	549.7
13/03/2006	1441	1444	1427	1441	9194200	552
14/03/2006	1444	1444	1415	1426	6977400	546.25
15/03/2006	1434	1440	1415	1435	6765300	549.7
16/03/2006	1443	1471	1439	1464	21429500	560.81
17/03/2006	1460	1465	1446	1450	6899500	555.45
20/03/2006	1451	1470	1438	1448	14881900	554.68
21/03/2006	1453	1458	1440	1440	12951800	551.61
22/03/2006	1439	1448	1429	1438	4993400	550.85
23/03/2006	1445	1450	1422	1429	6046200	547.4
24/03/2006	1431	1431	1418	1424	21299600	545.49
27/03/2006	1416	1423	1401	1408	11175500	539.36
28/03/2006	1414	1414	1393	1395	10461200	534.38
29/03/2006	1386	1410	1382	1394	11106900	533.99
30/03/2006	1394	1414	1394	1407	7918900	538.97
31/03/2006	1408	1413	1390	1394	7931600	533.99
03/04/2006	1394	1405	1377	1385	6857300	530.55
04/04/2006	1390	1402	1377	1391	6381800	532.84
05/04/2006	1397	1400	1376	1384	6367300	530.16
06/04/2006	1383	1402	1383	1401	12240000	536.68
07/04/2006	1398	1410	1384	1384	11230700	530.16
10/04/2006	1388	1388	1366	1378	18411500	527.86
11/04/2006	1373	1380	1362	1371	19308100	525.18
12/04/2006	1374	1392	1362	1385	16199700	530.55
13/04/2006	1385	1390	1371	1383	3473300	529.78
14/04/2006	1383	1383	1383	1383	0	529.78
17/04/2006	1383	1383	1383	1383	0	529.78
18/04/2006	1376	1388	1370	1377	12192700	527.48
19/04/2006	1383	1408	1383	1403	10637600	537.44
20/04/2006	1404	1414	1399	1406	9980200	538.59
21/04/2006	1406	1436	1392	1431	14265600	548.17
24/04/2006	1422	1440	1421	1432	8279600	548.55
25/04/2006	1440	1440	1410	1421	3806300	544.34
26/04/2006	1421	1436	1413	1419	4988100	543.57
27/04/2006	1422	1422	1383	1406	3694700	538.59
28/04/2006	1406	1407	1375	1402	5491300	537.06
01/05/2006	1402	1402	1402	1402	0	537.06
02/05/2006	1406	1413	1381	1401	8722400	536.68
03/05/2006	1407	1411	1359	1369	6608500	524.42
04/05/2006	1373	1398	1367	1393	9619200	533.61
05/05/2006	1393	1406	1391	1406	6233800	538.59
08/05/2006	1403	1407	1386	1391	5269600	532.84
09/05/2006	1391	1399	1380	1397	9135300	535.14
10/05/2006	1388	1394	1376	1381	5123600	529.01
11/05/2006	1378	1388	1358	1360	5656400	520.97
12/05/2006	1357	1366	1338	1350	5215800	517.14
15/05/2006	1349	1350	1315	1340	5680600	513.31
16/05/2006	1335	1372	1330	1366	12009000	523.27
17/05/2006	1364	1372.98	1345	1345	8140300	515.22
18/05/2006	1345	1357.71	1308.2	1327	5696100	508.33
19/05/2006	1323	1339	1310	1331	5419200	509.86
22/05/2006	1338	1337	1295.6	1320	6534600	505.65
23/05/2006	1319	1329	1306.02	1310	13692100	501.82
24/05/2006	1303	1331.2	1297	1324	8978600	507.18
25/05/2006	1321	1330.44	1314.15	1329	4402000	509.09
26/05/2006	1333	1358	1325.2	1358	4678300	520.2
29/05/2006	1358	1358	1358	1358	0	520.2
30/05/2006	1372	1362.98	1326	1326	6639100	507.95
31/05/2006	1331	1352	1321	1338	6874700	512.54
01/06/2006	1334	1355.01	1318.42	1354	6895600	518.67
02/06/2006	1359	1371	1354	1359	5231100	520.59
05/06/2006	1359	1373.75	1356.55	1362	4747100	521.74
06/06/2006	1353	1361.25	1342	1342	6862600	514.07
07/06/2006	1345	1364	1345	1360	4671100	520.97
08/06/2006	1346	1367.05	1345	1355	9703700	519.05
09/06/2006	1376	1378.65	1342	1343	9082600	514.46
12/06/2006	1342	1361.28	1342	1354	5626400	518.67
13/06/2006	1348	1364	1332	1343	8444200	514.46
14/06/2006	1347	1347	1316	1320	6318200	505.65
15/06/2006	1321	1346	1311.2	1341	6674700	513.69
16/06/2006	1354	1354	1326	1331	7968900	509.86
19/06/2006	1334	1356.37	1342.22	1345	3148300	515.22
20/06/2006	1339	1360.25	1342.38	1355	4757400	519.05
21/06/2006	1360	1362.19	1338	1355	4094600	519.05
22/06/2006	1365	1377.11	1351.5	1363	4819700	522.12
23/06/2006	1359	1367.48	1353.5	1358	2689000	520.2
26/06/2006	1361	1374.87	1343.5	1358	8245400	520.2
27/06/2006	1363	1363.51	1332	1332	6960200	510.24
28/06/2006	1325	1341	1324.94	1339	5180600	512.93
29/06/2006	1345	1355	1333	1355	5015000	519.05
30/06/2006	1360	1368	1350	1362	6799100	521.74
03/07/2006	1368	1380	1356	1377	10275000	527.48
04/07/2006	1383	1384	1363	1384	6641800	530.16
05/07/2006	1380	1387	1375	1380	2725500	528.63
06/07/2006	1381	1426	1375	1416	10831800	542.42
07/07/2006	1417	1424	1395	1406	10454300	538.59
10/07/2006	1400	1410	1387	1407	8671300	538.97
11/07/2006	1400	1406	1385	1393	6223200	533.61
12/07/2006	1396	1399	1380	1384	5728000	530.16
13/07/2006	1381	1381	1361	1363	6850500	522.12
14/07/2006	1355	1370	1347	1348	3761800	516.37
17/07/2006	1346	1358	1330	1350	6514000	517.14
18/07/2006	1349	1390	1343	1370	7529300	524.8
19/07/2006	1372	1382	1352	1379	5788800	528.25
20/07/2006	1385	1390	1370	1383	4400300	529.78
21/07/2006	1381	1399	1378	1390	4584100	532.46
24/07/2006	1389	1418	1387	1418	3881100	543.19
25/07/2006	1421	1422	1401	1415	4674300	542.04
26/07/2006	1413	1430	1399	1428	7353400	547.02
27/07/2006	1441	1444	1400	1409	8481100	539.74
28/07/2006	1411	1435	1411	1433	4053200	548.93
31/07/2006	1434	1452	1418	1443	4785200	552.76
01/08/2006	1438	1457	1430	1436	7820700	550.08
02/08/2006	1432	1460	1432	1455	8734600	557.36
03/08/2006	1455	1455	1455	1455	0	557.36
04/08/2006	1438	1440	1413	1427	6705600	546.64
07/08/2006	1416	1420	1406	1415	4733800	542.04
08/08/2006	1420	1429	1410	1417	6240100	542.8
09/08/2006	1414	1429	1409	1429	3762800	547.4
10/08/2006	1415	1424	1405	1417	5464700	542.8
11/08/2006	1414	1432	1410	1412	5774100	540.89
14/08/2006	1416	1434	1416	1434	5640500	549.32
15/08/2006	1435	1443	1424	1439	3351200	551.23
16/08/2006	1442	1454	1430	1453	5209000	556.59
17/08/2006	1455	1457	1437	1446	5135900	553.91
18/08/2006	1454	1467	1445	1451	7667200	555.83
21/08/2006	1444	1454	1436	1449	3444300	555.06
22/08/2006	1449	1450	1441	1450	3993900	555.45
23/08/2006	1448	1453	1434	1445	5946300	553.53
24/08/2006	1451	1451	1435	1442	3884100	552.38
25/08/2006	1439	1445	1435	1442	3535700	552.38
28/08/2006	1442	1442	1442	1442	0	552.38
29/08/2006	1449	1459	1440	1447	4892000	554.3
30/08/2006	1453	1460	1450	1455	6987300	557.36
31/08/2006	1458	1468	1437	1440	6346900	551.61
01/09/2006	1444	1450	1437	1445	6329800	553.53
04/09/2006	1444	1445	1437	1445	3479600	553.53
05/09/2006	1448	1450	1437	1449	4544000	555.06
06/09/2006	1439	1448	1435	1446	3626900	553.91
07/09/2006	1444	1451	1438	1447	5418100	554.3
08/09/2006	1446	1466	1446	1460	5969100	559.28
11/09/2006	1451	1478	1451	1470	5086100	563.11
12/09/2006	1474	1502	1466	1498	14822700	573.83
13/09/2006	1504	1505	1491	1493	6184300	571.92
14/09/2006	1497	1505	1485	1501	8487700	574.98
15/09/2006	1497	1510	1490	1502	9328200	575.37
18/09/2006	1503	1504	1482	1501	7064900	574.98
19/09/2006	1497	1503	1480	1492	6140700	571.53
20/09/2006	1495	1512	1488	1510	9517700	578.43
21/09/2006	1510	1510	1484	1490	8113400	570.77
22/09/2006	1477	1483	1462	1470	6034700	563.11
25/09/2006	1470	1479	1447	1455	13680600	557.36
26/09/2006	1449	1462	1437	1462	13583100	560.04
27/09/2006	1462	1464	1416	1454	7467100	556.98
28/09/2006	1458	1467	1456	1461	4104000	559.66
29/09/2006	1457	1460	1441	1444	6716500	553.15
02/10/2006	1450	1457	1428	1431	5928200	548.17
03/10/2006	1438	1442	1412	1430	16228200	547.78
04/10/2006	1438	1442	1423	1438	5951900	550.85
05/10/2006	1444	1444	1423	1428	10609100	547.02
06/10/2006	1425	1431	1413	1429	5211100	547.4
09/10/2006	1429	1445	1419	1439	6322400	551.23
10/10/2006	1444	1445	1428	1438	9273600	550.85
11/10/2006	1441	1444	1417	1420	9011300	543.95
12/10/2006	1423	1430	1413	1426	5077300	546.25
13/10/2006	1423	1447	1417	1440	4981500	551.61
16/10/2006	1445	1469	1433	1457	6712700	558.13
17/10/2006	1459	1459	1445	1447	2284900	554.3
18/10/2006	1459	1460	1440	1446	4047300	553.91
19/10/2006	1445	1455	1428	1430	4397800	547.78
20/10/2006	1436	1456	1427	1437	6459800	550.47
23/10/2006	1447	1450	1428	1449	4046900	555.06
24/10/2006	1454	1469	1443	1446	6469700	553.91
25/10/2006	1446	1482	1446	1482	7645000	567.7
26/10/2006	1482	1487	1453	1459	9609800	558.89
27/10/2006	1464	1469	1424	1440	7316100	551.61
30/10/2006	1435	1445	1428	1439	4813200	551.23
31/10/2006	1434	1443	1422	1429	5405600	547.4
01/11/2006	1417	1435	1417	1430	7641100	547.78
02/11/2006	1430	1431	1416	1421	4897900	544.34
03/11/2006	1425	1456	1417	1442	10360100	552.38
06/11/2006	1451	1455	1429	1451	4405400	555.83
07/11/2006	1446	1450	1425	1433	9994200	548.93
08/11/2006	1429	1436	1410	1431	8790200	548.17
09/11/2006	1431	1440	1421	1433	7190300	548.93
10/11/2006	1429	1430	1407	1412	10116900	540.89
13/11/2006	1411	1417	1393	1412	6482100	540.89
14/11/2006	1410	1420	1393	1414	8032800	541.66
15/11/2006	1416	1447	1412	1446	10353100	553.91
16/11/2006	1449	1454	1439	1444	5712600	553.15
17/11/2006	1447	1453	1434	1439	3228400	551.23
20/11/2006	1429	1470	1427	1461	7036400	559.66
21/11/2006	1463	1464	1450	1461	3664900	559.66
22/11/2006	1458	1464	1445	1457	9540200	558.13
23/11/2006	1461	1469	1437	1445	8086900	553.53
24/11/2006	1441	1457	1434	1455	4901400	557.36
27/11/2006	1451	1452	1432	1433	5507400	548.93
28/11/2006	1433	1449	1426	1445	10005500	553.53
29/11/2006	1446	1469	1439	1462	6992100	560.04
30/11/2006	1459	1477	1439	1439	10983300	551.23
01/12/2006	1435	1454	1427	1432	8771000	548.55
04/12/2006	1430	1435	1420	1426	5726000	546.25
05/12/2006	1425	1436	1419	1432	8338100	548.55
06/12/2006	1432	1432	1408	1423	5543000	545.1
07/12/2006	1455	1485	1446	1455	15417300	557.36
08/12/2006	1449	1466	1445	1463	5713900	560.43
11/12/2006	1470	1470	1442	1444	8011300	553.15
12/12/2006	1444	1455	1441	1441	7167300	552
13/12/2006	1441	1451	1436	1441	5368500	552
14/12/2006	1445	1450	1423	1430	8286500	547.78
15/12/2006	1428	1451	1424	1440	13068800	551.61
18/12/2006	1438	1450	1434	1442	4900400	552.38
19/12/2006	1441	1465	1441	1460	9459900	559.28
20/12/2006	1469	1471	1450	1455	7393900	557.36
21/12/2006	1453	1456	1426	1433	4486800	548.93
22/12/2006	1433	1436	1415	1424	2991700	545.49
25/12/2006	1424	1424	1424	1424	0	545.49
26/12/2006	1424	1424	1424	1424	0	545.49
27/12/2006	1433	1455	1428	1445	2303100	553.53
28/12/2006	1434	1442	1428	1434	3762200	549.32
29/12/2006	1429	1439	1424	1429	4308900	547.4
01/01/2007	1429	1429	1429	1429	0	547.4
02/01/2007	1437	1463	1434	1459	3372300	558.89
03/01/2007	1462	1481	1462	1476	4622300	565.41
04/01/2007	1472	1473	1460	1464	5520100	560.81
05/01/2007	1458	1464	1440	1440	7319600	551.61
08/01/2007	1447	1450	1429	1434	4518300	549.32
09/01/2007	1440	1467	1438	1459	12540700	558.89
10/01/2007	1458	1506	1449	1491	19459900	571.15
11/01/2007	1492	1522	1486	1516	12972700	580.73
12/01/2007	1524	1541	1514	1517	28015000	581.11
15/01/2007	1517	1524	1508	1513	10592800	579.58
16/01/2007	1507	1533	1506	1512	9438100	579.2
17/01/2007	1515	1554	1515	1538	7633400	589.16
18/01/2007	1538	1539	1523	1528	6882100	585.32
19/01/2007	1531	1531	1498	1503	12210500	575.75
22/01/2007	1504	1509	1484	1500	10383000	574.6
23/01/2007	1505	1505	1483	1500	8589200	574.6
24/01/2007	1502	1504	1484	1501	9812900	574.98
25/01/2007	1506	1513	1496	1499	9129600	574.22
26/01/2007	1492	1532	1486	1517	24847400	581.11
29/01/2007	1513	1568	1500	1560	23438300	597.58
30/01/2007	1559	1565	1545	1550	14568300	593.75
31/01/2007	1546	1550	1536	1544	10384200	591.45
01/02/2007	1547	1558	1545	1553	6291800	594.9
02/02/2007	1556	1558	1540	1554	10697400	595.28
05/02/2007	1548	1564	1548	1552	3754500	594.52
06/02/2007	1552	1572	1545	1562	16273900	598.35
07/02/2007	1561	1597	1559	1591	9671600	609.46
08/02/2007	1587	1593	1578	1585	8506200	607.16
09/02/2007	1593	1602	1578	1587	8608300	607.93
12/02/2007	1586	1591	1570	1585	16387500	607.16
13/02/2007	1589	1589	1572	1585	4807700	607.16
14/02/2007	1595	1598	1578	1598	6449200	612.14
15/02/2007	1596	1599	1582	1590	3666100	609.07
16/02/2007	1593	1597	1581	1586	3928100	607.54
19/02/2007	1586	1594	1579	1584	1664000	606.78
20/02/2007	1596	1596	1568	1574	5831500	602.95
21/02/2007	1582	1583	1558	1566	7638000	599.88
22/02/2007	1569	1590	1556	1574	5889800	602.95
23/02/2007	1583	1590	1565	1584	5551700	606.78
26/02/2007	1581	1598	1581	1590	15742400	609.07
27/02/2007	1581	1590	1567	1571	13127800	601.8
28/02/2007	1555	1576	1547	1549	9725700	593.37
01/03/2007	1586	1625	1552	1573	24065700	602.56
02/03/2007	1591	1617	1575	1577	11691400	604.09
05/03/2007	1558	1580	1551	1570	6134800	601.41
06/03/2007	1573	1585	1544	1563	7722500	598.73
07/03/2007	1537	1537	1524	1535	5785000	588.01
08/03/2007	1535	1542	1510	1529	8096000	585.71
09/03/2007	1530	1545	1523	1542	6507400	590.69
12/03/2007	1551	1568	1546	1551	5018000	594.14
13/03/2007	1556	1561	1544	1546	14743100	592.22
14/03/2007	1536	1544	1520	1520	17587300	582.26
15/03/2007	1535	1582	1525	1562	12193300	598.35
16/03/2007	1561	1605	1554	1596	12026700	611.37
19/03/2007	1606	1607	1583	1589	16302500	608.69
20/03/2007	1595	1604	1580	1603	6420100	614.05
21/03/2007	1596	1618	1591	1604	4635100	614.44
22/03/2007	1623	1626	1581	1591	22340600	609.46
23/03/2007	1586	1599	1578	1582	6848000	606.01
26/03/2007	1583	1586	1562	1572	14719500	602.18
27/03/2007	1575	1586	1559	1571	26747700	601.8
28/03/2007	1572	1573	1557	1570	10496000	601.41
29/03/2007	1585	1602	1581	1592	16498700	609.84
30/03/2007	1588	1596	1576	1589	4533700	608.69
02/04/2007	1592	1599	1566	1576	13481800	603.71
03/04/2007	1586	1596	1580	1594	19816300	610.61
04/04/2007	1592	1598	1567	1589	11224100	608.69
05/04/2007	1591	1598	1582	1596	9211700	611.37
06/04/2007	1596	1596	1596	1596	0	611.37
09/04/2007	1596	1596	1596	1596	0	611.37
10/04/2007	1596	1606	1582	1600	10138000	612.91
11/04/2007	1598	1610	1595	1601	22411600	613.29
12/04/2007	1606	1606	1584	1594	3417300	610.61
13/04/2007	1591	1593	1578	1592	3695800	609.84
16/04/2007	1595	1595	1580	1588	4139200	608.31
17/04/2007	1598	1598	1577	1590	5594800	609.07
18/04/2007	1584	1587	1575	1582	4844600	606.01
19/04/2007	1578	1582	1552	1566	6323400	599.88
20/04/2007	1575	1579	1560	1566	6691200	599.88
23/04/2007	1564	1568	1545	1554	11228400	595.28
24/04/2007	1549	1555	1539	1548	10507500	592.99
25/04/2007	1553	1564	1549	1554	16191900	595.28
26/04/2007	1559	1568	1532	1549	10791100	593.37
27/04/2007	1551	1555	1532	1539	6711100	589.54
30/04/2007	1543	1557	1538	1551	6367600	594.14
01/05/2007	1557	1557	1537	1539	2800600	589.54
02/05/2007	1550	1571	1545	1570	6962900	601.41
03/05/2007	1582	1620	1570	1572	11979600	602.18
04/05/2007	1566	1603	1563	1590	7889100	609.07
07/05/2007	1590	1590	1590	1590	0	609.07
08/05/2007	1578	1592	1566	1579	5631800	604.86
09/05/2007	1594	1594	1562	1565	5261300	599.5
10/05/2007	1565	1574	1553	1556	6272000	596.05
11/05/2007	1553	1575	1540	1574	8092800	602.95
14/05/2007	1580	1585	1567	1577	4581800	604.09
15/05/2007	1579	1593	1575	1590	8829500	609.07
16/05/2007	1594	1619	1586	1615	9621800	618.65
17/05/2007	1624	1627	1610	1614	5442400	618.27
18/05/2007	1619	1632	1612	1629	6382000	624.01
21/05/2007	1625	1637	1617	1626	6178300	622.87
22/05/2007	1625	1636	1616	1631	11793800	624.78
23/05/2007	1625	1654	1625	1636	19731000	626.7
24/05/2007	1631	1652	1626	1642	8547000	628.99
25/05/2007	1634	1651	1629	1650	7110500	632.06
28/05/2007	1650	1650	1650	1650	0	632.06
29/05/2007	1655	1710	1648	1697	5175400	650.06
30/05/2007	1694	1703	1683	1696	3567400	649.68
31/05/2007	1698	1722	1696	1711	4432700	655.43
01/06/2007	1711	1711	1711	1711	0	655.43
04/06/2007	1718	1720	1695	1718	4310700	658.11
05/06/2007	1712	1712	1687	1687	5515700	646.23
06/06/2007	1686	1687	1663	1670	7742200	639.72
07/06/2007	1675	1677	1631	1645	6586000	630.14
08/06/2007	1640	1647	1626	1641	5214200	628.61
11/06/2007	1634	1656	1631	1653	4934100	633.21
12/06/2007	1659	1665	1639	1641	4241900	628.61
13/06/2007	1641	1646	1629	1646	5277600	630.53
14/06/2007	1653	1664	1644	1662	4826100	636.66
15/06/2007	1661	1676	1653	1669	21516700	639.34
18/06/2007	1681	1683	1659	1667	3497900	638.57
19/06/2007	1662	1675	1643	1643	6796900	629.38
20/06/2007	1647	1660	1641	1646	7694500	630.53
21/06/2007	1638	1655	1631	1637	5625300	627.08
22/06/2007	1648	1648	1628	1630	5788600	624.4
25/06/2007	1629	1653	1629	1652	4901200	632.82
26/06/2007	1651	1712	1647	1699	17873600	650.83
27/06/2007	1699	1713	1689	1703	8624000	652.36
28/06/2007	1715	1715	1686	1692	8103900	648.15
29/06/2007	1697	1704	1673	1698	7382000	650.45
02/07/2007	1697	1704	1663	1665	6516200	637.8
03/07/2007	1665	1677	1657	1667	11715800	638.57
04/07/2007	1661	1710	1661	1699	6113400	650.83
05/07/2007	1708	1718	1695	1699	13427600	650.83
06/07/2007	1696	1700	1681	1691	3045600	647.76
09/07/2007	1690	1696	1680	1690	4444200	647.38
10/07/2007	1696	1696	1655	1658	6890600	635.12
11/07/2007	1649	1678	1649	1673	5990900	640.87
12/07/2007	1668	1684	1666	1670	8061500	639.72
13/07/2007	1682	1682	1662	1664	10771700	637.42
16/07/2007	1671	1677	1642	1658	12503100	635.12
17/07/2007	1649	1668	1649	1655	6464100	633.97
18/07/2007	1650	1659	1628	1629	7522000	624.01
19/07/2007	1632	1642	1622	1632	7328300	625.16
20/07/2007	1636	1640	1618	1621	5620600	620.95
23/07/2007	1618	1630	1616	1623	4351500	621.72
24/07/2007	1617	1643	1617	1621	7651800	620.95
25/07/2007	1616	1649	1611	1643	8992400	629.38
26/07/2007	1643	1646	1590	1597	17793100	611.76
27/07/2007	1581	1597	1563	1580	8250000	605.24
30/07/2007	1576	1577	1553	1557	8651400	596.43
31/07/2007	1563	1602	1552	1600	12830900	612.91
01/08/2007	1570	1588	1559	1577	8534700	604.09
02/08/2007	1592	1607	1582	1606	10569600	615.2
03/08/2007	1610	1610	1584	1586	5344600	607.54
06/08/2007	1582	1615	1576	1612	10286200	617.5
07/08/2007	1620	1646	1612	1631	13061800	624.78
08/08/2007	1643	1676	1633	1672	10499700	640.49
09/08/2007	1668	1687	1660	1662	14211300	636.66
10/08/2007	1653	1665	1593	1593	13894100	610.22
13/08/2007	1604	1644	1599	1635	7345000	626.31
14/08/2007	1624	1660	1624	1630	8301600	624.4
15/08/2007	1621	1638	1610	1626	4156900	622.87
16/08/2007	1611	1618	1590	1592	6952800	609.84
17/08/2007	1584	1624	1571	1615	22382900	618.65
20/08/2007	1614	1633	1603	1606	6824900	615.2
21/08/2007	1604	1619	1595	1613	6138500	617.89
22/08/2007	1617	1627	1609	1621	3806300	620.95
23/08/2007	1636	1651	1624	1640	6528900	628.23
24/08/2007	1640	1644	1631	1638	9400200	627.46
27/08/2007	1638	1638	1638	1638	0	627.46
28/08/2007	1645	1648	1604	1610	5629200	616.74
29/08/2007	1613	1613	1593	1601	6663000	613.29
30/08/2007	1611	1623	1603	1610	12626800	616.74
31/08/2007	1613	1648	1598	1645	6389300	630.14
03/09/2007	1649	1651	1634	1638	2479600	627.46
04/09/2007	1642	1642	1620	1635	3969600	626.31
05/09/2007	1626	1638	1608	1615	4506100	618.65
06/09/2007	1618	1630	1607	1620	15209700	620.57
07/09/2007	1624	1638	1595	1598	5895500	612.14
10/09/2007	1605	1617	1589	1593	3523800	610.22
11/09/2007	1608	1641	1605	1637	4841900	627.08
12/09/2007	1630	1681	1629	1674	6265600	641.25
13/09/2007	1674	1710	1663	1702	6754500	651.98
14/09/2007	1689	1705	1655	1680	5958800	643.55
17/09/2007	1667	1691	1661	1667	4612500	638.57
18/09/2007	1660	1701	1652	1690	6800300	647.38
19/09/2007	1716	1718	1663	1685	7157600	645.47
20/09/2007	1685	1715	1677	1709	5423300	654.66
21/09/2007	1702	1737	1702	1735	16347800	664.62
24/09/2007	1730	1739	1718	1723	20492900	660.02
25/09/2007	1720	1737	1714	1726	5613300	661.17
26/09/2007	1735	1777	1725	1777	7510100	680.71
27/09/2007	1772	1780	1753	1762	14981600	674.96
28/09/2007	1768	1768	1724	1752	7721100	671.13
01/10/2007	1750	1758	1716	1723	6542400	660.02
02/10/2007	1727	1732	1699	1707	5620800	653.89
03/10/2007	1713	1716	1695	1710	15159900	655.04
04/10/2007	1710	1730	1704	1718	5688300	658.11
05/10/2007	1726	1728	1700	1707	5782500	653.89
08/10/2007	1704	1717	1679	1681	13929900	643.93
09/10/2007	1681	1699	1677	1689	9946100	647
10/10/2007	1700	1706	1685	1703	8199700	652.36
11/10/2007	1709	1724	1703	1723	14063400	660.02
12/10/2007	1721	1748	1714	1748	5450300	669.6
15/10/2007	1743	1749	1730	1737	23459300	665.39
16/10/2007	1737	1763	1731	1755	17876600	672.28
17/10/2007	1762	1789	1735	1784	7429300	683.39
18/10/2007	1788	1797	1752	1781	5999200	682.24
19/10/2007	1781	1795	1773	1780	25829600	681.86
22/10/2007	1746	1794	1746	1785	5360900	683.77
23/10/2007	1792	1811	1773	1780	4799800	681.86
24/10/2007	1781	1802	1754	1763	6593100	675.35
25/10/2007	1763	1797	1761	1785	11259300	683.77
26/10/2007	1780	1837	1780	1834	9948000	702.54
29/10/2007	1844	1844	1812	1816	7921300	695.65
30/10/2007	1790	1808	1786	1801	6281100	689.9
31/10/2007	1810	1830	1801	1830	6815000	701.01
01/11/2007	1831	1860	1819	1827	4989900	699.86
02/11/2007	1807	1830	1788	1793	5560300	686.84
05/11/2007	1786	1808	1781	1784	4166400	683.39
06/11/2007	1796	1796	1777	1786	5189400	684.16
07/11/2007	1790	1795	1755	1765	3324800	676.11
08/11/2007	1763	1764	1728	1746	6812000	668.83
09/11/2007	1748	1752	1717	1725	5305000	660.79
12/11/2007	1717	1745	1714	1741	4847400	666.92
13/11/2007	1733	1748	1721	1743	3765300	667.68
14/11/2007	1753	1761	1736	1758	6305200	673.43
15/11/2007	1752	1809	1746	1801	5942800	689.9
16/11/2007	1801	1833	1800	1818	6410700	696.41
19/11/2007	1805	1805	1772	1772	5946300	678.79
20/11/2007	1790	1809	1769	1802	5357000	690.28
21/11/2007	1793	1805	1777	1796	5325200	687.99
22/11/2007	1804	1866	1793	1861	5556300	712.89
23/11/2007	1858	1869	1835	1855	5509400	710.59
26/11/2007	1873	1873	1833	1840	3950500	704.84
27/11/2007	1830	1840	1790	1808	5221600	692.58
28/11/2007	1818	1854	1800	1854	5190900	710.2
29/11/2007	1862	1867	1828	1843	4253900	705.99
30/11/2007	1850	1897	1835	1887	5948000	722.85
03/12/2007	1887	1914	1872	1880	3975600	720.16
04/12/2007	1885	1899	1861	1880	4278300	720.16
05/12/2007	1893	1912	1884	1901	7445300	728.21
06/12/2007	1907	1940	1898	1937	4346800	742
07/12/2007	1950	1961	1901	1911	5604900	732.04
10/12/2007	1912	1935	1902	1925	3683200	737.4
11/12/2007	1928	1928	1899	1911	3366400	732.04
12/12/2007	1900	1939	1893	1923	4131400	736.64
13/12/2007	1916	1932	1888	1890	5294100	723.99
14/12/2007	1900	1917	1882	1902	3721500	728.59
17/12/2007	1884	1946	1859	1927	5948200	738.17
18/12/2007	1920	1946	1911	1929	4988500	738.93
19/12/2007	1923	1934	1906	1912	3470600	732.42
20/12/2007	1914	1980	1914	1980	5768500	758.47
21/12/2007	1997	2008	1967	1988	8468000	761.54
24/12/2007	1973	2004	1973	1991	1008400	762.68
25/12/2007	1991	1991	1991	1991	0	762.68
26/12/2007	1991	1991	1991	1991	0	762.68
27/12/2007	1984	2012	1984	1996	3201600	764.6
28/12/2007	1975	1995	1968	1980	1439500	758.47
31/12/2007	1987	1991	1959	1965	728300	752.72
01/01/2008	1965	1965	1965	1965	0	752.72
02/01/2008	1958	1987	1947	1950	2403900	746.98
03/01/2008	1948	1979	1936	1974	3305700	756.17
04/01/2008	1979	1998	1955	1959	3730900	750.43
07/01/2008	1960	1990	1944	1969	5940400	754.26
08/01/2008	1976	1987	1961	1968	3996000	753.87
09/01/2008	1955	2016	1954	2007	5577500	768.81
10/01/2008	2003	2058	2001	2049	6039300	784.9
11/01/2008	2053	2060	1943	1985	8276600	760.39
14/01/2008	1982	1990	1933	1945	4159900	745.06
15/01/2008	1943	1966	1867	1871	7292800	716.72
16/01/2008	1885	1917	1856	1895	9681600	725.91
17/01/2008	1908	1938	1861	1882	5583200	720.93
18/01/2008	1899	1920	1879	1891	7283200	724.38
21/01/2008	1868	1884	1791	1832	6708200	701.78
22/01/2008	1798	1849	1751	1802	9303500	690.28
23/01/2008	1830	1830	1700	1708	12746700	654.28
24/01/2008	1749	1793	1715	1738	11349900	665.77
25/01/2008	1769	1802	1738	1759	8846100	673.81
28/01/2008	1756	1779	1721	1742	5492900	667.3
29/01/2008	1763	1781	1737	1773	6968400	679.18
30/01/2008	1774	1783	1755	1770	4547000	678.03
31/01/2008	1775	1801	1750	1795	8117900	687.6
01/02/2008	1812	1819	1782	1814	5031800	694.88
04/02/2008	1828	1828	1797	1802	3086000	690.28
05/02/2008	1811	1821	1786	1794	5472500	687.22
06/02/2008	1786	1841	1774	1823	4943500	698.33
07/02/2008	1826	1840	1796	1808	6261300	692.58
08/02/2008	1830	1863	1815	1857	5958500	711.35
11/02/2008	1850	1881	1831	1854	3174200	710.2
12/02/2008	1871	1875	1839	1853	4964300	709.82
13/02/2008	1848	1863	1833	1850	4243800	708.67
14/02/2008	1874	1874	1826	1834	4438800	702.54
15/02/2008	1840	1855	1793	1811	4763000	693.73
18/02/2008	1812	1846	1812	1844	2618100	706.37
19/02/2008	1843	1848	1816	1825	9765500	699.1
20/02/2008	1817	1870	1810	1860	5506800	712.5
21/02/2008	1866	1871	1849	1858	3770000	711.74
22/02/2008	1850	1888	1838	1874	4038800	717.87
25/02/2008	1883	1896	1856	1874	3279200	717.87
26/02/2008	1905	1916	1881	1913	4260000	732.81
27/02/2008	1920	1942	1893	1939	6580600	742.76
28/02/2008	1968	2015	1908	1916	6633300	733.95
29/02/2008	1935	1935	1885	1895	4716100	725.91
03/03/2008	1870	1903	1868	1895	4774500	725.91
04/03/2008	1894	1923	1878	1906	6801500	730.12
05/03/2008	1880	1883	1843	1848	5527100	707.91
06/03/2008	1855	1859	1830	1840	5294800	704.84
07/03/2008	1832	1850	1820	1823	6059100	698.33
10/03/2008	1825	1887	1811	1875	5986800	718.25
11/03/2008	1871	1910	1865	1902	6481900	728.59
12/03/2008	1931	1958	1904	1933	7512500	740.47
13/03/2008	1924	1965	1910	1958	8254100	750.04
14/03/2008	1965	1985	1896	1916	8551000	733.95
17/03/2008	1877	1891	1857	1858	6605000	711.74
18/03/2008	1880	1905	1876	1900	6802000	727.83
19/03/2008	1911	1928	1862	1879	13457000	719.78
20/03/2008	1860	1889	1860	1880	12504400	720.16
21/03/2008	1880	1880	1880	1880	0	720.16
24/03/2008	1880	1880	1880	1880	0	720.16
25/03/2008	1929	1929	1813	1822	15739800	697.95
26/03/2008	1805	1821	1774	1775	7413900	679.94
27/03/2008	1771	1842	1770	1842	11942000	705.61
28/03/2008	1845	1860	1819	1858	4744800	711.74
31/03/2008	1860	1894	1847	1891	6944900	724.38
01/04/2008	1905	1930	1894	1922	7195100	736.25
02/04/2008	1928	1928	1882	1891	5803300	724.38
03/04/2008	1895	1895	1865	1885	4159000	722.08
04/04/2008	1893	1899	1864	1892	3303300	724.76
07/04/2008	1906	1906	1874	1891	5575100	724.38
08/04/2008	1891	1905	1887	1898	3277500	727.06
09/04/2008	1892	1903	1883	1892	3674100	724.76
10/04/2008	1883	1921	1883	1913	3784000	732.81
11/04/2008	1934	1939	1903	1909	4262900	731.27
14/04/2008	1902	1921	1880	1887	3563600	722.85
15/04/2008	1889	1924	1866	1909	4122200	731.27
16/04/2008	1922	1964	1900	1964	4752600	752.34
17/04/2008	1960	1982	1950	1973	4244700	755.79
18/04/2008	1980	2007	1973	2007	5164700	768.81
21/04/2008	2007	2008	1973	1993	2447000	763.45
22/04/2008	1991	2005	1969	1972	2743100	755.41
23/04/2008	1990	2000	1973	1998	5201600	765.37
24/04/2008	1995	2030	1975	2023	3986200	774.94
25/04/2008	2020	2020	1957	1971	6444000	755.02
28/04/2008	1984	1988	1949	1960	4451900	750.81
29/04/2008	1948	1963	1912	1932	4001000	740.08
30/04/2008	1933	1953	1894	1897	7165500	726.68
01/05/2008	1911	1934	1893	1926	1891200	737.78
02/05/2008	1946	1948	1902	1920	3964500	735.49
06/05/2008	1911	1949	1901	1938	4927300	742.38
07/05/2008	1975	1997	1956	1994	7253100	763.83
08/05/2008	2000	2034	1989	2016	5638700	772.26
09/05/2008	2007	2043	1983	2027	5576000	776.47
12/05/2008	2020	2038	1980	2000	3837500	766.13
13/05/2008	2018	2028	1989	2009	3324600	769.58
14/05/2008	2020	2023	1984	1993	3577400	763.45
15/05/2008	1991	2001	1958	1966	4291500	753.11
16/05/2008	1987	1993	1966	1980	4753600	758.47
19/05/2008	1978	1981	1954	1967	3408200	753.49
20/05/2008	1965	1973	1925	1925	4812500	737.4
21/05/2008	1942	1959	1919	1935	4917200	741.23
22/05/2008	1927	1975	1894	1902	4833700	728.59
23/05/2008	1900	1929	1900	1913	5521900	732.81
27/05/2008	1923	1929	1896	1898	3329700	727.06
28/05/2008	1902	1929	1882	1899	3851700	727.44
29/05/2008	1903	1939	1900	1916	3859200	733.95
30/05/2008	1921	1928	1888	1888	5974400	723.23
02/06/2008	1880	1891	1847	1868	3889400	715.57
03/06/2008	1868	1895	1847	1892	3866800	724.76
04/06/2008	1902	1919	1882	1899	4641700	727.44
05/06/2008	1897	1920	1882	1896	3115300	726.29
06/06/2008	1890	1909	1852	1852	4677900	709.44
10/06/2008	1825	1875	1823	1861	4176100	712.89
11/06/2008	1863	1876	1850	1867	4862700	715.18
12/06/2008	1868	1878	1854	1866	4962000	714.8
13/06/2008	1866	1866	1826	1860	4380800	712.5
16/06/2008	1861	1865	1836	1859	4118200	712.12
17/06/2008	1859	1888	1856	1860	3893200	712.5
18/06/2008	1842	1854	1824	1831	5301100	701.39
19/06/2008	1825	1835	1774	1783	6749200	683.01
20/06/2008	1780	1795	1717	1725	9249700	660.79
23/06/2008	1714	1768	1703	1765	6002900	676.11
24/06/2008	1758	1770	1719	1754	5309500	671.9
25/06/2008	1764	1777	1741	1773	7660000	679.18
26/06/2008	1765	1772	1705	1705	8113700	653.13
27/06/2008	1682	1717	1658	1680	5179700	643.55
30/06/2008	1689	1739	1677	1739	4741200	666.15
01/07/2008	1733	1744	1678	1696	4621800	649.68
02/07/2008	1704	1723	1681	1692	5876300	648.15
03/07/2008	1680	1722	1671	1715	4693400	656.96
04/07/2008	1716	1758	1691	1721	4807800	659.26
07/07/2008	1740	1761	1718	1754	2933300	671.9
08/07/2008	1729	1769	1713	1761	4487500	674.58
09/07/2008	1760	1801	1751	1800	3951500	689.52
10/07/2008	1772	1798	1744	1763	4671200	675.35
11/07/2008	1760	1780	1693	1703	6158200	652.36
14/07/2008	1719	1742	1696	1706	4254400	653.51
15/07/2008	1710	1713	1673	1700	4764300	651.21
16/07/2008	1700	1727	1680	1708	4586700	654.28
17/07/2008	1732	1757	1714	1755	5202800	672.28
18/07/2008	1751	1817	1733	1793	4932600	686.84
21/07/2008	1801	1801	1742	1772	4524800	678.79
22/07/2008	1763	1830	1756	1826	3924600	699.48
23/07/2008	1830	1861	1817	1846	3872700	707.14
24/07/2008	1871	1871	1816	1840	5592600	704.84
25/07/2008	1844	1856	1814	1845	3494600	706.76
28/07/2008	1845	1845	1800	1800	3835800	689.52
29/07/2008	1779	1821	1773	1810	1725600	693.35
30/07/2008	1817	1877	1805	1866	2453700	714.8
31/07/2008	1880	1895	1820	1828	6940100	700.24
01/08/2008	1833	1834	1798	1812	3806200	694.12
04/08/2008	1825	1865	1812	1854	4438800	710.2
05/08/2008	1864	1928	1847	1928	5051200	738.55
06/08/2008	1901	1941	1890	1940	5567100	743.15
07/08/2008	1921	1925	1876	1876	5284700	718.63
08/08/2008	1803	1853	1779	1838	7167600	704.08
11/08/2008	1838	1883	1838	1868	3964600	715.57
12/08/2008	1866	1868	1820	1840	3683100	704.84
13/08/2008	1846	1857	1811	1816	5165800	695.65
14/08/2008	1838	1859	1815	1851	4073400	709.06
15/08/2008	1851	1864	1819	1848	3317000	707.91
18/08/2008	1840	1865	1823	1856	2762700	710.97
19/08/2008	1855	1860	1832	1835	2968500	702.93
20/08/2008	1828	1847	1817	1845	2682600	706.76
21/08/2008	1841	1843	1794	1804	3622200	691.05
22/08/2008	1802	1837	1790	1830	3376300	701.01
26/08/2008	1815	1836	1783	1828	3635300	700.24
27/08/2008	1836	1836	1797	1820	3238100	697.18
28/08/2008	1825	1861	1802	1844	3563200	706.37
29/08/2008	1854	1881	1811	1861	4420800	712.89
01/09/2008	1853	1911	1848	1902	2784800	728.59
02/09/2008	1910	1935	1886	1916	8596600	733.95
03/09/2008	1897	1913	1860	1893	4349400	725.14
04/09/2008	1906	1906	1831	1837	2365500	703.69
05/09/2008	1822	1843	1802	1820	5013700	697.18
08/09/2008	1846	1874	1828	1864	2088800	714.03
09/09/2008	1890	1895	1866	1891	5436000	724.38
10/09/2008	1907	1916	1867	1895	5985500	725.91
11/09/2008	1888	1893	1847	1873	4804500	717.48
12/09/2008	1896	1896	1822	1865	4776700	714.42
15/09/2008	1855	1870	1820	1840	7473900	704.84
16/09/2008	1821	1858	1755	1791	8392500	686.07
17/09/2008	1775	1823	1701	1712	6632400	655.81
18/09/2008	1712	1840	1688	1830	12616900	701.01
19/09/2008	1830	1906	1790	1805	7888800	691.43
22/09/2008	1819	1819	1761	1768	5554800	677.26
23/09/2008	1785	1808	1740	1795	6063800	687.6
24/09/2008	1790	1829	1780	1797	5214000	688.37
25/09/2008	1789	1859	1767	1851	6932200	709.06
26/09/2008	1851	1875	1818	1866	3335200	714.8
29/09/2008	1865	1865	1803	1803	2357500	690.67
30/09/2008	1766	1850	1750	1835	7826700	702.93
01/10/2008	1849	1892	1801	1890	6943700	723.99
02/10/2008	1895	1937	1883	1901	5255100	728.21
03/10/2008	1902	1941	1888	1932	4389600	740.08
06/10/2008	1924	1924	1771	1810	3826500	693.35
07/10/2008	1851	1860	1783	1803	4184100	690.67
08/10/2008	1751	1810	1676	1693	6610700	648.53
09/10/2008	1738	1743	1604	1610	6234200	616.74
10/10/2008	1503	1560	1441	1450	10995900	555.45
13/10/2008	1522	1580	1350	1571	16422800	601.8
14/10/2008	1637	1717	1616	1717	7346200	657.72
15/10/2008	1750	1753	1681	1686	11720500	645.85
16/10/2008	1610	1677	1567	1587	6629700	607.93
17/10/2008	1599	1671	1587	1660	10920200	635.89
20/10/2008	1627	1714	1626	1714	7345600	656.58
21/10/2008	1731	1731	1559	1568	21555600	600.65
22/10/2008	1540	1613	1410	1563	32178200	598.73
23/10/2008	1580	1606	1474	1489	17711100	570.39
24/10/2008	1470	1493	1416	1489	22366500	570.39
27/10/2008	1485	1623	1423	1596	23520500	611.37
28/10/2008	1618	1800	1591	1800	52646900	689.52
29/10/2008	1830	1840	1749	1819	30103000	696.8
30/10/2008	1825	1841	1682	1690	18351000	647.38
31/10/2008	1682	1735	1646	1700	12667200	651.21
03/11/2008	1750	1750	1697	1732	6261800	663.47
04/11/2008	1711	1790	1703	1769	11682000	677.64
05/11/2008	1743	1754	1704	1739	9389400	666.15
06/11/2008	1688	1728	1659	1666	10136400	638.19
07/11/2008	1687	1721	1655	1703	8668600	652.36
10/11/2008	1725	1735	1689	1714	5515600	656.58
11/11/2008	1700	1700	1635	1660	7131500	635.89
12/11/2008	1689	1729	1651	1681	10865800	643.93
13/11/2008	1665	1710	1647	1695	7929600	649.3
14/11/2008	1740	1740	1665	1689	8859600	647
17/11/2008	1688	1723	1667	1703	7516900	652.36
18/11/2008	1695	1714	1658	1700	8086000	651.21
19/11/2008	1710	1716	1642	1689	10173900	647
20/11/2008	1659	1695	1610	1672	12952100	640.49
21/11/2008	1652	1675	1580	1590	10315000	609.07
24/11/2008	1625	1770	1587	1770	13365600	678.03
25/11/2008	1730	1764	1718	1764	20705800	675.73
26/11/2008	1745	1746	1670	1731	9175400	663.09
27/11/2008	1726	1741	1666	1692	8360200	648.15
28/11/2008	1705	1706	1629	1698	8825400	650.45
01/12/2008	1670	1693	1590	1600	7664300	612.91
02/12/2008	1582	1656	1581	1651	7567300	632.44
03/12/2008	1633	1722	1629	1710	7809500	655.04
04/12/2008	1698	1732	1651	1697	8413000	650.06
05/12/2008	1692	1699	1647	1688	8275200	646.62
08/12/2008	1725	1744	1672	1696	10537100	649.68
09/12/2008	1670	1726	1662	1710	7334100	655.04
10/12/2008	1730	1730	1668	1700	6187900	651.21
11/12/2008	1686	1716	1670	1675	7089800	641.64
12/12/2008	1636	1662	1629	1635	7149500	626.31
15/12/2008	1637	1662	1618	1635	4083000	626.31
16/12/2008	1604	1699	1604	1674	5210300	641.25
17/12/2008	1686	1686	1619	1628	7234300	623.63
18/12/2008	1637	1730	1636	1730	6924500	662.7
19/12/2008	1721	1780	1673	1740	11680900	666.53
22/12/2008	1741	1781	1705	1745	5461600	668.45
23/12/2008	1728	1772	1728	1739	3823900	666.15
24/12/2008	1766	1766	1708	1729	1067700	662.32
29/12/2008	1737	1790	1737	1778	2424800	681.09
30/12/2008	1792	1805	1762	1790	2151500	685.69
31/12/2008	1814	1819	1785	1800	927900	689.52
02/01/2009	1800	1865	1795	1865	1209700	714.42
05/01/2009	1873	1873	1822	1845	3272200	706.76
06/01/2009	1856	1865	1781	1810	5691500	693.35
07/01/2009	1805	1818	1738	1754	5633200	671.9
08/01/2009	1740	1802	1731	1786	4949600	684.16
09/01/2009	1797	1864	1788	1852	8592900	709.44
12/01/2009	1839	1869	1825	1844	5715500	706.37
13/01/2009	1870	1870	1780	1801	5242300	689.9
14/01/2009	1825	1825	1704	1739	7002700	666.15
15/01/2009	1726	1756	1715	1742	7921600	667.3
16/01/2009	1755	1800	1747	1778	7107400	681.09
19/01/2009	1797	1830	1774	1805	5154200	691.43
20/01/2009	1794	1868	1788	1844	10507800	706.37
21/01/2009	1831	1849	1800	1810	8994200	693.35
22/01/2009	1818	1840	1795	1819	4714600	696.8
23/01/2009	1821	1855	1797	1843	6039400	705.99
26/01/2009	1830	1888	1817	1878	6021400	719.4
27/01/2009	1873	1894	1845	1887	4824500	722.85
28/01/2009	1902	1928	1889	1902	5947100	728.59
29/01/2009	1893	1914	1889	1894	6529400	725.53
30/01/2009	1894	1918	1891	1900	6894400	727.83
02/02/2009	1900	1920	1883	1891	6289800	724.38
03/02/2009	1889	1920	1884	1914	5297900	733.19
04/02/2009	1911	1919	1840	1854	9154400	710.2
05/02/2009	1833	1874	1821	1850	5961700	708.67
06/02/2009	1856	1862	1814	1839	6809500	704.46
09/02/2009	1838	1911	1815	1890	6138900	723.99
10/02/2009	1880	1894	1839	1840	4719500	704.84
11/02/2009	1850	1853	1833	1844	5793400	706.37
12/02/2009	1835	1850	1807	1840.08	5014800	704.87
13/02/2009	1842	1871	1819	1826	3870200	699.48
16/02/2009	1816	1835	1797	1802	2755600	690.28
17/02/2009	1804	1818	1786	1800	4611500	689.52
18/02/2009	1808	1815	1751	1770	6073100	678.03
19/02/2009	1786	1798	1749	1781	4765000	682.24
20/02/2009	1779	1782	1725	1731	6612800	663.09
23/02/2009	1748	1764	1713	1719	4063700	658.49
24/02/2009	1715	1739	1682	1699	4605800	650.83
25/02/2009	1705	1725	1661	1716	5234600	657.34
26/02/2009	1735	1775	1725	1765	7661100	676.11
27/02/2009	1737	1805	1722	1797	13564500	688.37
02/03/2009	1765	1795	1734	1735	7909700	664.62
03/03/2009	1748	1755	1651	1660	6868500	635.89
04/03/2009	1695	1695	1619	1663	7742300	637.04
05/03/2009	1657	1703	1638	1684	7374800	645.08
06/03/2009	1679	1683	1648	1674	5762300	641.25
09/03/2009	1679	1724	1648	1716	6877800	1389.91
10/03/2009	1725	1817	1701	1814	9234000	1469.29
11/03/2009	1783	1784	1683	1706	9293200	1381.81
12/03/2009	1711	1716	1678	1690	5331500	1368.85
13/03/2009	1702	1702	1644	1658	4434500	1342.93
16/03/2009	1676	1708	1673	1704	3951100	1380.19
17/03/2009	1695	1696	1638	1653	5242100	1338.88
18/03/2009	1664	1670	1613	1625	6167700	1316.2
19/03/2009	1634	1634	1544	1561	20460000	1264.37
20/03/2009	1564	1602	1553	1585	21982100	1283.81
23/03/2009	1606	1608	1541	1589	7473700	1287.05
24/03/2009	1600	1613	1578	1597	11876100	1293.53
25/03/2009	1601	1625	1566	1578	5237400	1278.14
26/03/2009	1579	1586	1544	1562	4246500	1265.18
27/03/2009	1555	1574	1526	1534	7532700	1242.5
30/03/2009	1528	1577	1501	1559	6674700	1262.75
31/03/2009	1563	1628	1563	1613	8754000	1306.48
01/04/2009	1616	1628	1586	1607	5860300	1301.62
02/04/2009	1623	1650	1605	1627	6355800	1317.82
03/04/2009	1618	1631	1553	1565	6665300	1267.61
06/04/2009	1573	1586	1532	1555	4183500	1259.51
07/04/2009	1569	1605	1542	1581	4925100	1280.57
08/04/2009	1576	1612	1575	1605	4641100	1300.01
09/04/2009	1595	1603	1561	1570	4735600	1271.66
14/04/2009	1582	1582	1487	1495	7824300	1210.91
15/04/2009	1481	1571	1481	1566	7354800	1268.42
16/04/2009	1591	1596	1541	1585	3966200	1283.81
17/04/2009	1581	1585	1544	1573	9341300	1274.09
20/04/2009	1573	1598	1560	1572	1171800	1273.28
21/04/2009	1575	1594	1546	1573	968800	1274.09
22/04/2009	1581	1585	1555	1584	1361900	1283
23/04/2009	1592	1633	1578	1601	647000	1296.77
24/04/2009	1617	1617	1581	1604	1160600	1299.2
27/04/2009	1601	1601	1552	1585	782000	1283.81
28/04/2009	1576	1604	1557	1597	1024400	1293.53
29/04/2009	1597	1622	1580	1618	769000	1310.53
30/04/2009	1630	1663	1619	1639	1338300	1327.54
01/05/2009	1648	1648	1589	1607	1053800	1301.62
05/05/2009	1631	1649	1561	1583	1932100	1282.19
06/05/2009	1576	1659	1566	1640	2242800	1328.35
07/05/2009	1640	1691	1637	1651	1371600	1337.26
08/05/2009	1667	1697	1655	1683	1176600	1363.18
11/05/2009	1690	1694	1655	1683	470800	1363.18
12/05/2009	1667	1716	1643	1696	970800	1373.71
13/05/2009	1700	1741	1700	1722	1260200	1394.77
14/05/2009	1728	1741	1696	1714	1011800	1388.29
15/05/2009	1712	1728	1680	1708	685000	1383.43
18/05/2009	1701	1725	1692	1721	988500	1393.96
19/05/2009	1730	1730	1677	1688	1804700	1367.23
20/05/2009	1674	1694	1653	1671	1285500	1353.46
21/05/2009	1669	1683	1647	1667	1160500	1350.22
22/05/2009	1670	1682	1657	1661	1240100	1345.36
26/05/2009	1656	1730	1652	1725	1898900	1397.2
27/05/2009	1723	1724	1687	1707	1604200	1382.62
28/05/2009	1692	1716	1657	1709	1558300	1384.24
29/05/2009	1728	1749	1685	1688	5815400	1367.23
01/06/2009	1703	1709	1665	1699	849200	1376.14
02/06/2009	1691	1698	1673	1686	598500	1365.61
03/06/2009	1692	1717	1675	1687	1678200	1366.42
04/06/2009	1687	1709	1682	1688	1954200	1367.23
05/06/2009	1686	1705	1678	1686	1287400	1365.61
08/06/2009	1676	1693	1661	1687	737500	1366.42
09/06/2009	1674	1691	1648	1655	1357100	1340.5
10/06/2009	1670	1675	1653	1659	907800	1343.74
11/06/2009	1656	1683	1637	1668	1007400	1351.03
12/06/2009	1660	1679	1656	1667	980800	1350.22
15/06/2009	1661	1670	1638	1644	1440400	1331.59
16/06/2009	1644	1667	1644	1656	1085900	1341.31
17/06/2009	1647	1675	1647	1660	643100	1344.55
18/06/2009	1677	1697	1655	1689	1620300	1368.04
19/06/2009	1697	1710	1669	1710	7243700	1385.05
22/06/2009	1702	1712	1674	1698.3	1555200	1375.58
23/06/2009	1695	1715	1694	1701	1330300	1377.76
24/06/2009	1700	1715	1671	1711.21	1331500	1386.03
25/06/2009	1702	1704	1682	1698	1090100	1375.33
26/06/2009	1700	1718	1673	1685	1467100	1364.8
29/06/2009	1678	1699	1666	1688	1129800	1367.23
30/06/2009	1689	1698	1664	1673	2581100	1355.08
01/07/2009	1677	1699	1676	1690.34	1527300	1369.13
02/07/2009	1695	1705	1671	1685	969200	1364.8
03/07/2009	1691	1724	1679	1718.48	984100	1391.92
06/07/2009	1702	1749	1694	1737.59	1777400	1407.4
07/07/2009	1749	1750	1709	1714.51	1051900	1388.7
08/07/2009	1710	1728	1693	1698	944000	1375.33
09/07/2009	1700	1729	1676	1712	764100	1386.67
10/07/2009	1704	1712	1688	1692.75	1145000	1371.08
13/07/2009	1695	1729	1686	1727.19	625100	1398.97
14/07/2009	1720	1729	1695	1727	700100	1398.82
15/07/2009	1737	1740	1719	1735.75	977500	1405.91
16/07/2009	1735	1773	1735	1766	964200	1430.41
17/07/2009	1773	1778	1756	1773	1055900	1436.08
20/07/2009	1774	1774	1749	1766	1024600	1430.41
21/07/2009	1765	1804	1765	1798.67	1455700	1456.87
22/07/2009	1787	1811	1781	1808.51	775300	1464.84
23/07/2009	1809	1811	1774	1805	616300	1462
24/07/2009	1799	1823	1785	1823	802800	1476.58
27/07/2009	1832	1833	1808	1821	892900	1474.96
28/07/2009	1820	1843	1814	1820	1369800	1474.15
29/07/2009	1813	1851	1813	1846.87	1045400	1495.91
30/07/2009	1855	1878	1842	1863	1018000	1508.98
31/07/2009	1855	1892	1855	1858	2097500	1504.93
03/08/2009	1855	1865	1818	1823	1571400	1476.58
04/08/2009	1815	1856	1807	1852	1217500	1500.07
05/08/2009	1857	1858	1825	1834	1632600	1485.49
06/08/2009	1833	1858	1829	1836	590200	1487.11
07/08/2009	1839	1878	1837	1869	1638100	1513.84
10/08/2009	1874	1874	1847	1856	615500	1503.31
11/08/2009	1866	1883	1852	1875	704600	1518.7
12/08/2009	1870	1894	1863	1885	959600	1526.8
13/08/2009	1884	1923	1869	1894	1030800	1534.09
14/08/2009	1889	1921	1885	1902	872800	1540.57
17/08/2009	1899	1901	1864	1874	725300	1874
18/08/2009	1884	1900	1879	1900	973900	1900
19/08/2009	1866	1877	1854	1867	1042900	1867
20/08/2009	1880	1886	1845	1859	2254900	1859
21/08/2009	1861	1890	1853	1890	829000	1890
24/08/2009	1898	1903	1867	1897	2939200	1897
25/08/2009	1887	1902	1874	1880	2721200	1880
26/08/2009	1875	1896	1870	1889	2290700	1889
27/08/2009	1883	1893	1872	1882	2054700	1882
28/08/2009	1890	1903	1870	1874	3143500	1874
01/09/2009	1930	1978	1883	1888	4134300	1888
02/09/2009	1885	1916	1880	1916	3896900	1916
03/09/2009	1925	1926	1876	1876	4484900	1876
04/09/2009	1877	1912	1876	1899	3089300	1899
07/09/2009	1913	1954	1910	1934	2879200	1934
08/09/2009	1934	1947	1902	1910	3784300	1910
09/09/2009	1909	1944	1902	1942	3098700	1942
10/09/2009	1942	1956	1926	1956	3208200	1956
11/09/2009	1968	1974	1930	1964	3258600	1964
14/09/2009	1953	1966	1938	1966	2329700	1966
15/09/2009	1967	1985	1941	1960	4740700	1960
16/09/2009	1956	1967	1945	1960	3219400	1960
17/09/2009	1962	1990	1954	1981	1940900	1981
18/09/2009	1981	2000	1980	1997	6980700	1997
21/09/2009	1999	1999	1959	1970	3660200	1970
22/09/2009	1971	1988	1963	1963	2505100	1963
23/09/2009	1960	1993	1960	1984	3789300	1984
24/09/2009	1975	1984	1956	1958	4100300	1958
25/09/2009	1964	1980	1950	1961	3496500	1961
28/09/2009	1965	1996	1956	1985	2402800	1985
29/09/2009	1980	1991	1973	1985	2244800	1985
30/09/2009	1984	1993	1941	1963	5320900	1963
01/10/2009	1970	1981	1943	1951	3682700	1951
02/10/2009	1947	1959	1932	1940	2349400	1940
05/10/2009	1946	1949	1924	1937	2850800	1937
06/10/2009	1933	1969	1932	1949	3299900	1949
07/10/2009	1943	1969	1939	1951	2644300	1951
08/10/2009	1951	1976	1946	1970	3385800	1970
09/10/2009	1963	1984	1948	1960	2721700	1960
12/10/2009	1959	1987	1953	1955	3083700	1955
13/10/2009	1945	1989	1945	1979	4844300	1979
14/10/2009	1997	2006	1975	1975	4235600	1975
15/10/2009	1968	2005	1968	1980	3383200	1980
16/10/2009	1980	1992	1956	1989	4423400	1989
19/10/2009	1989.5	2011	1985	2007.5	2405500	2007.5
20/10/2009	2012	2012	1987	1991.5	3022900	1991.5
21/10/2009	1991.5	1999	1964.5	1987	3615800	1987
22/10/2009	1986.5	1994	1965.5	1969.5	2963500	1969.5
23/10/2009	1974	1995	1972.5	1975	3065300	1975
26/10/2009	1984.5	1998	1974	1979.5	3588900	1979.5
27/10/2009	1984	1998	1971.5	1990.5	3556900	1990.5
28/10/2009	1975	1975	1946.5	1957	4377200	1957
29/10/2009	1964	1972.5	1930	1939	4409000	1939
30/10/2009	1943	1984.5	1934.5	1943	5291700	1943
02/11/2009	1933	1941	1920.5	1936.5	3593800	1936.5
03/11/2009	1921	1925.5	1898	1913.5	3569600	1913.5
04/11/2009	1914.5	1926.5	1903.5	1917	3279300	1917
05/11/2009	1909	1968	1909	1951	3767600	1951
06/11/2009	1951	1968.5	1942	1958.48	2700700	1958.48
09/11/2009	1966	1969	1943	1963	2266200	1963
10/11/2009	1973	1990	1961	1970.5	3407400	1970.5
11/11/2009	1979	1998.5	1974.5	1985.5	2229900	1985.5
12/11/2009	1982	2011	1981	1999.5	2508600	1999.5
13/11/2009	1995.5	2002	1978.5	1990.5	2414100	1990.5
16/11/2009	1988.5	2000	1980.5	1987	3180700	1987
17/11/2009	1987.5	1993.5	1966.5	1975	4215400	1975
18/11/2009	1989	1989	1944	1949	3522000	1949
19/11/2009	1957.5	1967	1920	1929	4844700	1929
20/11/2009	1934	1948.5	1905.5	1915	6807500	1915
23/11/2009	1922.5	1948.5	1922	1932	3235900	1932
24/11/2009	1931.5	1945	1911	1916	3028300	1916
25/11/2009	1928	1930	1903	1915	4063900	1915
26/11/2009	1913	1919	1850.5	1854	5267900	1854
27/11/2009	1850.5	1870	1843	1850	6545800	1850
30/11/2009	1859	1876	1832	1847	11326500	1847
01/12/2009	1860.5	1907.5	1859	1900	4964200	1900
02/12/2009	1906	1919	1899	1905.5	3753600	1905.5
03/12/2009	1920	1930	1897	1907.5	4093800	1907.5
04/12/2009	1902.5	1953	1895	1938	4584800	1938
07/12/2009	1936	1942.5	1909	1928	4445200	1928
08/12/2009	1919	1946	1902	1917	3631600	1917
09/12/2009	1918.5	1931.5	1907.5	1922	4728900	1922
11/12/2009	1944.5	1975	1942	1958.5	3750600	1958.5
14/12/2009	1972.5	1973	1955.5	1961	3063400	1961
15/12/2009	1970	1973.5	1946	1949	3061600	1949
16/12/2009	1959.5	1961	1935	1940	4945200	1940
17/12/2009	1922.5	1942.5	1920.5	1926	3893000	1926
18/12/2009	1932.5	1953	1923	1937.5	8706200	1937.5
21/12/2009	1933.5	1960.5	1923.5	1949.5	2697800	1949.5
22/12/2009	1957	1982	1950	1967	2376200	1967
23/12/2009	1983	2027.5	1976	2027.5	5338600	2027.5
24/12/2009	2019.5	2032.5	2005	2032.5	1013700	2032.5
29/12/2009	2033.5	2055.5	2010	2017.5	2636100	2017.5
30/12/2009	2021.5	2034.5	2019.5	2021.5	1349500	2021.5
31/12/2009	2030	2048	2004.5	2016.5	609400	2016.5
