Date	Open	High	Low	Close	Volume	Adj Close
03/01/2006	578	597.5	576	594.5	19514800	594.5
04/01/2006	602	604.5	591.5	603.5	16434100	603.5
05/01/2006	606	606	595	596.5	16016800	596.5
06/01/2006	599.5	602.5	597	600	12941000	600
09/01/2006	599	612	598.5	599.5	15304800	599.5
10/01/2006	598	603	592	597	13622300	597
11/01/2006	597	604.5	589	598.5	15058400	598.5
12/01/2006	600	606.5	596	605	13278400	605
13/01/2006	604.5	612.5	598.5	611.5	9510300	611.5
16/01/2006	613	618	607	617	6294900	617
17/01/2006	610	614	605.5	609.5	14024200	609.5
18/01/2006	607.5	611.5	595.5	597.5	18720100	597.5
19/01/2006	599	605.5	592	603.5	7884300	603.5
20/01/2006	603	617	603	608.5	9178700	608.5
23/01/2006	605	614	604.5	612	7503800	612
24/01/2006	613	631	612.5	622	16073100	622
25/01/2006	627.5	650	623.5	633.5	31147900	633.5
26/01/2006	626	645	624.5	636	13578400	636
27/01/2006	642.5	649.5	635.5	640.5	12434900	640.5
30/01/2006	643	650	640	641.5	12307700	641.5
31/01/2006	643	644.5	632	635	16105500	635
01/02/2006	632.5	642	623.5	636.5	11016400	636.5
02/02/2006	636	659	626	647	24372000	647
03/02/2006	650	660	642	645	16223700	645
06/02/2006	648.5	648.5	635.5	637	17837000	637
07/02/2006	639.5	639.5	622	625.5	23224900	625.5
08/02/2006	619	625	613.5	617.5	19324900	617.5
09/02/2006	652.5	695	652	675	88454200	675
10/02/2006	680	680	663	667.5	20101300	667.5
13/02/2006	674.5	679.5	671	677	21353300	677
14/02/2006	681	688	654	658.5	22251700	658.5
15/02/2006	663	673	655	665	12658800	665
16/02/2006	664.5	673	658.5	667	12362400	667
17/02/2006	668	678	668	676	9068800	676
20/02/2006	682.5	690	676.5	686.5	6095600	686.5
21/02/2006	691.5	699	689.5	691.5	8468100	691.5
22/02/2006	690	695.5	684	691.5	10459200	691.5
23/02/2006	696	696	682	686	7848600	686
24/02/2006	696	696	676	678.5	9113900	678.5
27/02/2006	658	709	658	678	5974900	678
28/02/2006	673.5	679.5	666.5	667.5	9442400	667.5
01/03/2006	667.5	683	667.5	678	8033800	678
02/03/2006	678.5	691.5	678.5	686	13743100	686
03/03/2006	686	707.5	680.5	686	15230100	686
06/03/2006	691	703	687.5	692.5	10574200	692.5
07/03/2006	686	688.5	673.5	679	9900200	679
08/03/2006	678.5	678.5	668	675	18818800	675
09/03/2006	691.5	693	674.5	678	12444900	678
10/03/2006	680.5	689.5	677	679	13343500	679
13/03/2006	685.5	692	676.5	690	12021000	690
14/03/2006	690.5	700	690.5	695.5	7672600	695.5
15/03/2006	695	704.5	693	698.5	12760000	698.5
16/03/2006	694.5	696	685.5	691	14640400	691
17/03/2006	691.5	704	691.5	700.5	20267000	700.5
20/03/2006	704.5	726.5	694	709	26776000	709
21/03/2006	704.5	722.5	698	716.5	17269800	716.5
22/03/2006	716	729.5	708	712.5	14363400	712.5
23/03/2006	718	724.5	705	707.5	15725800	707.5
24/03/2006	706	722	698	721	14321200	721
27/03/2006	725	736.5	709	709	10310500	709
28/03/2006	700	715.5	700	703.5	20060700	703.5
29/03/2006	701	744.5	701	734	29457700	734
30/03/2006	738	743	717.5	724.5	25896500	724.5
31/03/2006	726.5	733.5	717	719.5	12216700	719.5
03/04/2006	737	739	724	728.5	18730000	728.5
04/04/2006	727.5	727.5	712.5	725.5	13003500	725.5
05/04/2006	727.5	735	726.5	731	9555600	731
06/04/2006	731.5	743	731	736.5	9870500	736.5
07/04/2006	736.5	749.5	736.5	740	12814100	740
10/04/2006	736.5	751	734	751	12067500	751
11/04/2006	746	750.5	736	737.5	10716200	737.5
12/04/2006	738	746.5	731.5	742.5	8335100	742.5
13/04/2006	745.5	745.5	731.5	742	6506800	742
14/04/2006	742	742	742	742	0	742
17/04/2006	742	742	742	742	0	742
18/04/2006	750	764	744.5	764	8728200	764
19/04/2006	767.5	773	762	767	10711700	767
20/04/2006	768	785	766	772	17995700	772
21/04/2006	779	781.5	768	780	10158300	780
24/04/2006	783.5	805	781.5	782.5	16672000	782.5
25/04/2006	782	788.5	770	772	11763100	772
26/04/2006	773.5	784	766	768	12439800	768
27/04/2006	765	772	749	761	12440500	761
28/04/2006	759	763	736.5	737	16208400	737
01/05/2006	737	737	737	737	0	737
02/05/2006	735	764	729	763.5	16249500	763.5
03/05/2006	775	780	743	745.5	16598200	745.5
04/05/2006	747	765	741.5	756	10643200	756
05/05/2006	757.5	770	743.5	770	8775100	770
08/05/2006	770	776.5	741.5	753.5	14800100	753.5
09/05/2006	755	762	750.5	756.5	10073200	756.5
10/05/2006	757.5	757.5	740	742	12340600	742
11/05/2006	740	750	730	731	13930700	731
12/05/2006	730	730.5	704	704.5	18338900	704.5
15/05/2006	700.5	706	672	691	18993400	691
16/05/2006	697	698.5	684.5	694	19840100	694
17/05/2006	696	703	671.5	675.5	18178700	675.5
18/05/2006	677	683.59	661.81	672	15567400	672
19/05/2006	674	687	660.68	665	18660800	665
22/05/2006	666	666	642.5	645.5	17334200	645.5
23/05/2006	646.5	675.5	646	673	23851000	673
24/05/2006	663	675.5	661.4	667	21441000	667
25/05/2006	673.5	699.5	673.5	699.5	13804700	699.5
26/05/2006	702	724.5	702	724.5	15420500	724.5
29/05/2006	724.5	724.5	724.5	724.5	0	724.5
30/05/2006	723	723	698.23	701	14436400	701
31/05/2006	697	713	672	710	15700400	710
01/06/2006	711	724.45	698.5	718	19549200	718
02/06/2006	725.5	729.78	715.4	718.5	15763900	718.5
05/06/2006	720	724.38	715	715	10603200	715
06/06/2006	711	711	678	688.5	17426900	688.5
07/06/2006	691	695.96	686.3	690	9531000	690
08/06/2006	670	681.5	658	676	19871200	676
09/06/2006	681	687.44	673.96	679.5	28651900	679.5
12/06/2006	677	682.18	671.27	678.5	12809200	678.5
13/06/2006	667.5	672	645	657	22895400	657
14/06/2006	657	677.87	633.9	635	37546200	635
15/06/2006	639	665.19	620	658	22701900	658
16/06/2006	665	700	657.5	657.5	22080400	657.5
19/06/2006	664.5	676.5	654.5	654.5	13696400	654.5
20/06/2006	646	665	640.5	663	17892500	663
21/06/2006	662.5	666.6	656.66	662.5	20891800	662.5
22/06/2006	670	678.19	667.5	676.5	20485600	676.5
23/06/2006	675	697.39	675	695	17543200	695
26/06/2006	700.5	703.6	669.82	697	17788800	697
27/06/2006	704.5	706.47	698.5	698.5	12535900	698.5
28/06/2006	698.5	713.34	696.56	707	12524400	707
29/06/2006	711.5	724.5	708	717.5	10695600	717.5
30/06/2006	728	730.5	716.5	722.5	11341900	722.5
03/07/2006	728.5	740	726.5	737.5	11820100	737.5
04/07/2006	735	739.5	732.5	738	4612800	738
05/07/2006	739	742	729.5	732	6252500	732
06/07/2006	732	745.5	727.5	738.5	11430000	738.5
07/07/2006	733.5	743	731	736	11525200	736
10/07/2006	735	743	725	741.5	5353400	741.5
11/07/2006	740	744.5	727	729.5	7941900	729.5
12/07/2006	733	742.5	729	733.5	10893200	733.5
13/07/2006	727.5	739.5	721.5	724	9379300	724
14/07/2006	720	728.5	714	714	7722600	714
17/07/2006	714	722	705.5	713	9893000	713
18/07/2006	711.5	722.5	703	713	12321400	713
19/07/2006	713	719	702.5	715.5	13503500	715.5
20/07/2006	720	727.5	712.5	716.5	10674300	716.5
21/07/2006	715.5	720.5	707.5	710.5	10029900	710.5
24/07/2006	699	700	691	696.5	18344400	696.5
25/07/2006	696.5	704.5	692	702.5	21836400	702.5
26/07/2006	702.5	707.5	697	700	17004700	700
27/07/2006	701.5	715.5	701.5	712.5	20391200	712.5
28/07/2006	711.5	720	709	717	18575600	717
31/07/2006	715	724	708.5	720	12556000	720
01/08/2006	720	738	720	728.5	22397600	728.5
02/08/2006	730.5	734	725	730	12846700	730
03/08/2006	730	730	730	730	0	730
04/08/2006	723	731	718	730	13935400	730
07/08/2006	725.5	731	719.5	729.5	15685000	729.5
08/08/2006	733	735	721	722	15289500	722
09/08/2006	722	728	711	726	10320100	726
10/08/2006	719	723.5	710.5	715	10062400	715
11/08/2006	715	723	712.5	718.5	4857400	718.5
14/08/2006	725	727	720	726.5	6256800	726.5
15/08/2006	726	726	714	718.5	12147200	718.5
16/08/2006	716.5	721	704.5	715	11779900	715
17/08/2006	713.5	716	706.5	708	19432100	708
18/08/2006	708	719.5	703	705	18692800	705
21/08/2006	705	713.5	703.5	704.5	10572500	704.5
22/08/2006	705	708	691	695	10071800	695
23/08/2006	698.5	701.5	691.5	694	12896500	694
24/08/2006	691.5	697.5	685.5	694	8704900	694
25/08/2006	694	698	688.5	694	5961300	694
28/08/2006	694	694	694	694	0	694
29/08/2006	696.5	704	683.5	685.5	13104700	685.5
30/08/2006	685	691.5	675	689	14977700	689
31/08/2006	688	694.5	681	686.5	15004500	686.5
01/09/2006	686	699.5	686	694	15783100	694
04/09/2006	694	695.5	680.5	684	8857200	684
05/09/2006	682.5	696	682.5	690.5	17620200	690.5
06/09/2006	691.5	691.5	679.5	680.5	10298700	680.5
07/09/2006	675	681	663	664	13822600	664
08/09/2006	666	682	665.5	677	19419300	677
11/09/2006	671	673.5	656.5	659.5	10840500	659.5
12/09/2006	659	663.5	648	653	19266800	653
13/09/2006	656	656.5	643.5	645.5	20047100	645.5
14/09/2006	653	672	653	658	24332500	658
15/09/2006	655.5	661	639	640	30624500	640
18/09/2006	650	657.5	645.5	650	18226400	650
19/09/2006	653	663	649	660	26997300	660
20/09/2006	659	659	645.5	645.5	15679300	645.5
21/09/2006	643	644.5	634.5	639.5	19973700	639.5
22/09/2006	640	647.5	630.5	631.5	17852400	631.5
25/09/2006	631.5	635	619	622.5	23804000	622.5
26/09/2006	625.5	639.5	625	638.5	17578900	638.5
27/09/2006	642	651	639.5	643.5	13559200	643.5
28/09/2006	647	662	646.5	660	16821400	660
29/09/2006	660	664	645	649	19078000	649
02/10/2006	655.5	660	649.5	651	14968500	651
03/10/2006	650.5	651	629.5	631	22092200	631
04/10/2006	630	634.5	620	625	31304200	625
05/10/2006	632	647.5	630	646.5	30441600	646.5
06/10/2006	645	649.5	638.5	646.5	16583900	646.5
09/10/2006	647.5	659.5	644	655	18016300	655
10/10/2006	658.5	661	649	658	19795600	658
11/10/2006	661.5	668	656	664.5	22556000	664.5
12/10/2006	666	674.5	661	674	16858300	674
13/10/2006	679	687	674.5	683.5	24295800	683.5
16/10/2006	683	690	678	685	15048900	685
17/10/2006	687.5	697.5	684.5	686	11968100	686
18/10/2006	693	693	673	687.5	16697100	687.5
19/10/2006	686.5	706	681	699.5	29185800	699.5
20/10/2006	706	709	700.5	702.5	21058300	702.5
23/10/2006	703.5	706.5	689	694.5	10978700	694.5
24/10/2006	696.5	701	693.5	698	11982700	698
25/10/2006	696.5	706	691	702	13991100	702
26/10/2006	711	712.5	699	702.5	11954600	702.5
27/10/2006	705	708.5	701.5	705.5	9166200	705.5
30/10/2006	702	707	698	704	13795600	704
31/10/2006	706	706	692	695.5	16208900	695.5
01/11/2006	689	696	673	673	30291000	673
02/11/2006	680.5	686	673.5	676.5	22495100	676.5
03/11/2006	675	688.5	675	684.5	15309500	684.5
06/11/2006	686	697.5	681	697	10825700	697
07/11/2006	695	702	694.5	698.5	6355900	698.5
08/11/2006	696.5	707.5	693.5	705.5	8830300	705.5
09/11/2006	704.5	710.5	700.5	705.5	13418900	705.5
10/11/2006	705.5	713	702.5	709.5	10794600	709.5
13/11/2006	705	710	701	707.5	12837400	707.5
14/11/2006	706	711	702.5	709.5	11384000	709.5
15/11/2006	714	714.5	708	714.5	8149400	714.5
16/11/2006	711.5	720	708.5	719.5	6189200	719.5
17/11/2006	712	715	699	703	13379100	703
20/11/2006	698	708	692.5	704	9416500	704
21/11/2006	706	716	703.5	706	18889100	706
22/11/2006	705.5	710.5	689.5	691	12654200	691
23/11/2006	695	702	685	691.5	6696000	691.5
24/11/2006	686	692.5	678	689	9427100	689
27/11/2006	691	692	672.5	673.5	12739700	673.5
28/11/2006	675	679	661	667	22617100	667
29/11/2006	673	677	665	673	22457100	673
30/11/2006	677.5	691.5	675.5	684.5	37217900	684.5
01/12/2006	688.5	692	673	674.5	17732900	674.5
04/12/2006	680.5	684.5	672	674	10530400	674
05/12/2006	674	685	672	680.5	10936300	680.5
06/12/2006	678	684	671	677	10822400	677
07/12/2006	672.5	681	671	679.5	14187100	679.5
08/12/2006	680.5	692.5	676.5	686.5	10692900	686.5
11/12/2006	690	692	677	680	10250200	680
12/12/2006	681	685	673	680.5	23811800	680.5
13/12/2006	675.5	690	675.5	689.5	16591500	689.5
14/12/2006	687	695.5	681.5	695.5	15998500	695.5
15/12/2006	701	707.5	696	706	24872800	706
18/12/2006	711	729	701	702.5	20994100	702.5
19/12/2006	699.5	705	691.5	692.5	22698300	692.5
20/12/2006	694	700	684.5	684.5	11382600	684.5
21/12/2006	678.5	689	678.5	689	12589900	689
22/12/2006	682	695	682	688.5	4085600	688.5
25/12/2006	688.5	688.5	688.5	688.5	0	688.5
26/12/2006	688.5	688.5	688.5	688.5	0	688.5
27/12/2006	688	697.5	682.5	696.5	4769500	696.5
28/12/2006	692	698.5	687	697.5	6228400	697.5
29/12/2006	695.5	702	689.5	693	5436800	693
01/01/2007	693	693	693	693	0	693
02/01/2007	699	708.5	696.5	708.5	7748000	708.5
03/01/2007	708	712	691	694.5	12066200	694.5
04/01/2007	693	693	671.5	674	24768600	674
05/01/2007	670	675	650	650	39478800	650
08/01/2007	656	661	646.5	647.5	22766900	647.5
09/01/2007	649	656	637	639.5	30531900	639.5
10/01/2007	638	640.5	631.5	632.5	13304900	632.5
11/01/2007	632.5	651.5	632	649.5	24842600	649.5
12/01/2007	647	658	642	657	28646100	657
15/01/2007	659	666	658	661.5	10707600	661.5
16/01/2007	665.5	665.5	641	644	18702500	644
17/01/2007	642.5	648	635.5	644.5	30332900	644.5
18/01/2007	650.5	657	643.5	645.5	15563300	645.5
19/01/2007	647.5	657.5	641	655	17136900	655
22/01/2007	655.5	664.5	650	651.5	12453700	651.5
23/01/2007	653	665	649	662.5	14182600	662.5
24/01/2007	667	679.5	666	676	22963100	676
25/01/2007	676	683	670	672	16301100	672
26/01/2007	670	674	665	669.5	12456700	669.5
29/01/2007	674	675	663.5	665.5	7678600	665.5
30/01/2007	665.5	673	661.5	672	7689600	672
31/01/2007	679	684.5	665	668.5	19481500	668.5
01/02/2007	673.5	685	673	683	19574000	683
02/02/2007	684.5	690.5	678.5	687.5	30795000	687.5
05/02/2007	687	693	683	691	13130300	691
06/02/2007	691.5	693	687.5	690.5	26745500	690.5
07/02/2007	691	701.5	689.5	696	20292600	696
08/02/2007	710	731.5	706.5	725	27905600	725
09/02/2007	742.5	749	735.5	739	27937000	739
12/02/2007	737.5	741.5	723.5	723.5	15335100	723.5
13/02/2007	721.5	725.5	714	717	22990000	717
14/02/2007	720.5	722.5	713	719	23205600	719
15/02/2007	720	721.5	715	721	11518000	721
16/02/2007	720	723	710	710.5	11209400	710.5
19/02/2007	715	715	706.5	708.5	11501500	708.5
20/02/2007	708	713	693	695	24394100	695
21/02/2007	698	702	695	696	23221500	696
22/02/2007	698	715	697	710.5	26604600	710.5
23/02/2007	715.5	718.5	711	718	13248400	718
26/02/2007	717.5	737	717.5	730	15349700	730
27/02/2007	729	733.5	713	717	33984600	717
28/02/2007	708.5	714.5	692	692	23152200	692
01/03/2007	692	707	674.5	687	28370500	687
02/03/2007	687	692	673.5	686.5	18957000	686.5
05/03/2007	673.5	684	660.5	678.5	22484100	678.5
06/03/2007	680.5	686.5	675.5	684	16428600	684
07/03/2007	682.5	696	678	692	21112500	692
08/03/2007	699	704.5	693	700.5	9129200	700.5
09/03/2007	698	702	693	696.5	22002500	696.5
12/03/2007	695.5	701	692.5	699	12724000	699
13/03/2007	700	701.5	689.5	689.5	13779900	689.5
14/03/2007	679	684.5	670	670	13357600	670
15/03/2007	675.5	689.5	673	689	14646400	689
16/03/2007	687	692.5	684	689	15195200	689
19/03/2007	690.5	698.5	686	697	9652500	697
20/03/2007	694	698.5	686.5	693	16684200	693
21/03/2007	687.5	702.5	687	695.5	14210600	695.5
22/03/2007	701	720	700	719	14555900	719
23/03/2007	718	730.5	715	726.5	18176800	726.5
26/03/2007	726	734	721	723	14757300	723
27/03/2007	729	730.5	723	723.5	18929100	723.5
28/03/2007	720	737.5	719	731	20714000	731
29/03/2007	732	740.5	728.5	737	15544300	737
30/03/2007	734.5	743	731	733	16342700	733
02/04/2007	731.5	737	729	733	7523000	733
03/04/2007	735.5	738.5	728.5	732.5	13794200	732.5
04/04/2007	733.5	733.5	722.5	728	13772000	728
05/04/2007	729.5	735	725	732	6909600	732
06/04/2007	732	732	732	732	0	732
09/04/2007	732	732	732	732	0	732
10/04/2007	730	732.5	726	730	9603100	730
11/04/2007	727	733.5	725	728	25612500	728
12/04/2007	729	730	724.5	726.5	9558600	726.5
13/04/2007	728	738	728	737.5	15272500	737.5
16/04/2007	740.5	742	731	739	12736500	739
17/04/2007	736.5	739	731	735	14057000	735
18/04/2007	731.5	735.5	724.5	725.5	8771600	725.5
19/04/2007	722	727	716	725	10221600	725
20/04/2007	725.5	729	721.5	724	10691100	724
23/04/2007	723	736.5	721.5	731.5	12141100	731.5
24/04/2007	733	739.5	725	727	11936200	727
25/04/2007	729	738	727	732.5	11897400	732.5
26/04/2007	737	740.5	732	735.5	10173700	735.5
27/04/2007	732.5	734	722.5	724.5	9044700	724.5
30/04/2007	724.5	735.5	720	725.5	7659500	725.5
01/05/2007	725.5	733.5	719	727	10345700	727
02/05/2007	728	739.5	722.5	734.5	16821300	734.5
03/05/2007	735	759.5	735	755	19997300	755
04/05/2007	755	758	744	753.5	14706100	753.5
07/05/2007	753.5	753.5	753.5	753.5	0	753.5
08/05/2007	750	751	741.5	743	6336400	743
09/05/2007	743.5	750	736.5	739	8818000	739
10/05/2007	741.5	756	739	754.5	18031100	754.5
11/05/2007	750	761	739	757	23756900	757
14/05/2007	760	766.5	753	762.5	14035600	762.5
15/05/2007	759	767	757	763	25100400	763
16/05/2007	758	769	753	753.5	17453900	753.5
17/05/2007	754	772	754	770	17729700	770
18/05/2007	773	792	773	780	23823700	780
21/05/2007	785	813.5	775	791.5	29217200	791.5
22/05/2007	791.5	803.5	785.5	798	27945900	798
23/05/2007	801.5	801.5	787	789	11308400	789
24/05/2007	781	796	781	784.5	15912900	784.5
25/05/2007	778.5	786	770.5	774.5	12195500	774.5
28/05/2007	774.5	774.5	774.5	774.5	0	774.5
29/05/2007	774	778.5	764	764.5	8322800	764.5
30/05/2007	756	769.5	754	767.5	8334900	767.5
31/05/2007	781	781.5	769.5	772	13219000	772
01/06/2007	772	772	772	772	0	772
04/06/2007	788.5	794.5	781.5	788	9139000	788
05/06/2007	787	797.5	784.5	788.5	17042200	788.5
06/06/2007	787	793	773	774	12009800	774
07/06/2007	775.5	780.5	767.5	772	18456700	772
08/06/2007	764.5	776	761	765	24656600	765
11/06/2007	765	775	764	771.5	11780600	771.5
12/06/2007	770	781	766	767	14732100	767
13/06/2007	763	786	762	784	25018900	784
14/06/2007	788	808	787.5	808	28993500	808
15/06/2007	810	818.5	804.5	817	22284300	817
18/06/2007	820	820	804.5	807	15055000	807
19/06/2007	807	812	803	803	16096400	803
20/06/2007	805	812	798	799	16389000	799
21/06/2007	796.5	809.5	790	805	20547800	805
22/06/2007	803	806	792	799	11916300	799
25/06/2007	797	807	792.5	807	12372200	807
26/06/2007	801.5	804	791.5	791.5	19884400	791.5
27/06/2007	791	796	785	792	10862700	792
28/06/2007	797	813	795.5	813	15248800	813
29/06/2007	817.5	823	804.5	821.5	17675900	821.5
02/07/2007	820	836.5	812	831.5	14924200	831.5
03/07/2007	830	830.5	809.5	824	23518000	824
04/07/2007	822	828.5	820	825	8752700	825
05/07/2007	830	831	809.5	813	15809200	813
06/07/2007	816.5	829.5	814.5	829	8048600	829
09/07/2007	830	836	824	833.5	10544600	833.5
10/07/2007	830	839.5	818.5	821	14092200	821
11/07/2007	829.5	843	822.5	842	20320000	842
12/07/2007	842.5	862.5	833	858.5	20772900	858.5
13/07/2007	867	879.5	858	877.5	17336200	877.5
16/07/2007	882	882	856	857	11062500	857
17/07/2007	856.5	856.5	838	845	10538500	845
18/07/2007	832	842	827.5	827.5	11305500	827.5
19/07/2007	833	839.5	825.5	836	19400000	836
20/07/2007	837.5	840.5	820	820	12288200	820
23/07/2007	815.5	834.5	815.5	826	8697000	826
24/07/2007	817	824.5	800.5	800.5	12975600	800.5
25/07/2007	800	806	784.5	788	14264700	788
26/07/2007	788.5	812.5	768	769	28270500	769
27/07/2007	765	790	761.5	769.5	22027600	769.5
30/07/2007	772.5	785.5	760	776	16793200	776
31/07/2007	783.5	811.5	770.5	808	34182700	808
01/08/2007	796.5	805.5	788.5	801.5	17296800	801.5
02/08/2007	806	806	786.5	794	14041200	794
03/08/2007	793	801	771.5	774	25271000	774
06/08/2007	762.5	779.5	762.5	770	10377600	770
07/08/2007	772.5	785	767.5	783	13947500	783
08/08/2007	788	794	778	790.5	18297500	790.5
09/08/2007	790	803	782.5	793.5	25229600	793.5
10/08/2007	782	800	769.5	769.5	29301000	769.5
13/08/2007	771.5	781	768	780	16596000	780
14/08/2007	773.5	782	758.5	761	15079400	761
15/08/2007	758.5	763	738	750	28839100	750
16/08/2007	739	739.5	712	712	24803500	712
17/08/2007	711.5	736.5	699	729	25139300	729
20/08/2007	729.5	752	725.5	736	18995200	736
21/08/2007	740.5	747	730.5	743	11171200	743
22/08/2007	745	757	744	754	16193000	754
23/08/2007	762	765	749	749	14824600	749
24/08/2007	750	771	745.5	769.5	11071500	769.5
27/08/2007	769.5	769.5	769.5	769.5	0	769.5
28/08/2007	775	775	737	739.5	11827700	739.5
29/08/2007	734	751	733.5	750	11839600	750
30/08/2007	761	782	761	782	20060500	782
31/08/2007	787	797.5	786	794	15499700	794
03/09/2007	801.5	802	780	781.5	11572900	781.5
04/09/2007	783.5	800.5	774.5	800.5	11248300	800.5
05/09/2007	803	815	785	786.5	17740100	786.5
06/09/2007	796	824.5	791.5	824.5	21075300	824.5
07/09/2007	821	833.5	811	815	20402600	815
10/09/2007	818	819	790	791	14312600	791
11/09/2007	798	818	798	818	12030400	818
12/09/2007	817	830	812.5	826.65	8369400	826.65
13/09/2007	828.5	831	816	823	16584500	823
14/09/2007	814.5	820	797	805	21504500	805
17/09/2007	804.5	805	794.5	799	14866200	799
18/09/2007	810	833	803	832.5	26538900	832.5
19/09/2007	846.5	859.5	837.5	846	19788900	846
20/09/2007	846	853.5	840.5	848	10941400	848
21/09/2007	850	862	845	855	38980900	855
24/09/2007	852	865	848.5	854.5	8899300	854.5
25/09/2007	847.5	852.5	833	839	18891600	839
26/09/2007	839.5	850.5	838.5	841	16023100	841
27/09/2007	845	850	837	844.5	19866000	844.5
28/09/2007	849.5	856.5	839	846	17478200	846
01/10/2007	839.5	857.5	839.5	853.5	14675200	853.5
02/10/2007	853.5	863	819	820.5	21134800	820.5
03/10/2007	823	826	811.5	820	17609500	820
04/10/2007	821	836.5	815	815	15197300	815
05/10/2007	820.5	829.5	813	822	12669200	822
08/10/2007	820.5	832	816.5	826.5	13218400	826.5
09/10/2007	831	857	826	851	18316400	851
10/10/2007	857.5	857.5	832	843	15595800	843
11/10/2007	846	886	843	883	21369300	883
12/10/2007	881.5	900	875	896	30738800	896
15/10/2007	898	912.5	894	895	21876800	895
16/10/2007	898	928	893.5	914	20125800	914
17/10/2007	917	917.5	897.5	911	23896800	911
18/10/2007	908.5	912	890	896.5	23546800	896.5
19/10/2007	890	904.5	878.5	879.5	14274800	879.5
22/10/2007	862	869.5	858	863	13687500	863
23/10/2007	870	872.5	853	863	14501700	863
24/10/2007	863	881.5	857	870.5	13130300	870.5
25/10/2007	876.5	882.5	866.5	877.5	14363600	877.5
26/10/2007	873.5	902	872.5	900	10355300	900
29/10/2007	912.5	912.5	898.5	907	13307700	907
30/10/2007	904.5	908	880	880	13138300	880
31/10/2007	879	889.5	864	889.5	15439200	889.5
01/11/2007	899	904.5	873	881	13659800	881
02/11/2007	875	899	870	897.5	12875600	897.5
05/11/2007	894	900	886	890	8216700	890
06/11/2007	899.5	902.5	886.5	896.5	8114100	896.5
07/11/2007	903.5	911.5	895.5	901	8581600	901
08/11/2007	899	1018	885.5	989	34143900	989
09/11/2007	1020	1070	991.5	1005	31557200	1005
12/11/2007	995	1015	967	977.5	15744600	977.5
13/11/2007	967	973.5	952	958.5	11921500	958.5
14/11/2007	975	997.5	971.5	982	14411900	982
15/11/2007	987.5	997	968	970.5	8404400	970.5
16/11/2007	975.5	983.5	963	973	12053600	973
19/11/2007	971.5	984.5	950	950.5	10367400	950.5
20/11/2007	961	972	950.5	972	14644400	972
21/11/2007	970	1008	969	996.5	14506700	996.5
22/11/2007	1002	1012	982.5	990	9654400	990
23/11/2007	994	998	972	986	8783700	986
26/11/2007	990	992	965.5	965.5	8930100	965.5
27/11/2007	960	973	941	959	12167200	959
28/11/2007	963	972	946.5	965.5	12210700	965.5
29/11/2007	981	986	963	984	8601500	984
30/11/2007	989.5	1029	981	1018	13970600	1018
03/12/2007	1016	1036	1003	1006	8140000	1006
04/12/2007	1010	1023	996	1000	7721500	1000
05/12/2007	1001	1046	1001	1039	8428700	1039
06/12/2007	1044	1062	1018	1040	11946700	1040
07/12/2007	1046	1062	1026	1030	8620000	1030
10/12/2007	1031	1043	1029	1040	8517300	1040
11/12/2007	1046	1095	1035	1079	11489600	1079
12/12/2007	1090	1128	1069	1083	24234300	1083
13/12/2007	1084	1154	1084	1091	22694300	1091
14/12/2007	1110	1110	1088	1091	11590700	1091
17/12/2007	1085	1097	1078	1078	10474900	1078
18/12/2007	1081	1090	1067	1082	9196700	1082
19/12/2007	1089	1090	1053	1087	10945900	1087
20/12/2007	1088	1102	1074	1094	12696100	1094
21/12/2007	1102	1106	1097	1102	12617000	1102
24/12/2007	1100	1115	1100	1113	942700	1113
25/12/2007	1113	1113	1113	1113	0	1113
26/12/2007	1113	1113	1113	1113	0	1113
27/12/2007	1109	1146	1109	1142	3873400	1142
28/12/2007	1139	1156	1133	1152	4061600	1152
31/12/2007	1160	1172	1132	1150	1481900	1150
01/01/2008	1150	1150	1150	1150	0	1150
02/01/2008	1142	1165	1134	1135	5466600	1135
03/01/2008	1137	1155	1122	1155	9576700	1155
04/01/2008	1166	1170	1121	1130	10811700	1130
07/01/2008	1134	1151	1128	1145	9378700	1145
08/01/2008	1146	1166	1098	1106	17077300	1106
09/01/2008	1104	1112	1077	1087	10002600	1087
10/01/2008	1092	1097	1055	1055	11671300	1055
11/01/2008	1067	1090	1027	1036	11170000	1036
14/01/2008	1026	1060	1026	1034	12563900	1034
15/01/2008	1035	1048	1007	1010	17613300	1010
16/01/2008	1007	1015	980	990.5	20853600	990.5
17/01/2008	993.5	1025	976	1016	23619300	1016
18/01/2008	1020	1034	1012	1026	16860000	1026
21/01/2008	1008	1031	946.5	973.5	15284700	973.5
22/01/2008	940	1010	930	995	21740300	995
23/01/2008	1012	1014	931.5	950	21791800	950
24/01/2008	974.5	1010	960.5	1003	17283100	1003
25/01/2008	1021	1038	1015	1030	13165300	1030
28/01/2008	1023	1036	998	1022	8870000	1022
29/01/2008	1037	1059	1026	1059	8912900	1059
30/01/2008	1050	1073	1041	1045	7833100	1045
31/01/2008	1050	1100	1043	1100	15214000	1100
01/02/2008	1121	1154	1106	1140	16503800	1140
04/02/2008	1138	1150	1115	1122	9359000	1122
05/02/2008	1127	1150	1072	1085	12347700	1085
06/02/2008	1093	1098	1064	1077	12876800	1077
07/02/2008	1105	1139	1105	1118	21968800	1118
08/02/2008	1140	1185	1134	1170	18736400	1170
11/02/2008	1166	1198	1142	1155	11540900	1155
12/02/2008	1157	1190	1144	1187	11791200	1187
13/02/2008	1173	1173	1135	1137	13906200	1137
14/02/2008	1149	1160	1139	1155	14380500	1155
15/02/2008	1152	1170	1116	1122	9924100	1122
18/02/2008	1137	1160	1133	1159	6948300	1159
19/02/2008	1166	1167	1138	1151	8210800	1151
20/02/2008	1160	1170	1133	1167	10070600	1167
21/02/2008	1171	1183	1153	1160	8132100	1160
22/02/2008	1153	1180	1146	1160	10854300	1160
25/02/2008	1174	1195	1168	1188	9224200	1188
26/02/2008	1203	1219	1187	1213	11067800	1213
27/02/2008	1222	1249	1188	1200	10942600	1200
28/02/2008	1190	1200	1183	1194	12342100	1194
29/02/2008	1192	1222	1174	1192	13666000	1192
03/03/2008	1169	1193	1167	1181	11887300	1181
04/03/2008	1190	1191	1156	1172	8509600	1172
05/03/2008	1177	1215	1163	1213	10603300	1213
06/03/2008	1215	1230	1189	1194	9216200	1194
07/03/2008	1188	1209	1178	1194	10709600	1194
10/03/2008	1189	1207	1177	1183	8718500	1183
11/03/2008	1189	1210	1174	1179	11139200	1179
12/03/2008	1205	1205	1169	1175	9207000	1175
13/03/2008	1162	1171	1154	1160	9570100	1160
14/03/2008	1169	1179	1114	1131	18367800	1131
17/03/2008	1111	1133	1063	1063	16847900	1063
18/03/2008	1079	1108	1075	1088	14206100	1088
19/03/2008	1093	1103	1055	1064	34037800	1064
20/03/2008	1050	1064	1026	1037	41050600	1037
21/03/2008	1037	1037	1037	1037	0	1037
24/03/2008	1037	1037	1037	1037	0	1037
25/03/2008	1070	1095	1051	1089	12445200	1089
26/03/2008	1073	1120	1069	1114	10466100	1114
27/03/2008	1100	1127	1098	1123	22252600	1123
28/03/2008	1124	1150	1118	1141	11168300	1141
31/03/2008	1136	1168	1115	1167	11889400	1167
01/04/2008	1159	1168	1139	1144	10339300	1144
02/04/2008	1144	1147	1123	1125	11671300	1125
03/04/2008	1125	1175	1125	1164	11284200	1164
04/04/2008	1171	1185	1154	1180	8592000	1180
07/04/2008	1181	1214	1181	1213	8296400	1213
08/04/2008	1206	1222	1189	1196	8440900	1196
09/04/2008	1186	1239	1186	1236	10604200	1236
10/04/2008	1236	1253	1210	1249	14539000	1249
11/04/2008	1261	1276	1218	1222	9580000	1222
14/04/2008	1204	1229	1204	1222	5091000	1222
15/04/2008	1310	1325	1275	1288	23857000	1288
16/04/2008	1299	1310	1268	1297	10208100	1297
17/04/2008	1295	1309	1245	1259	9808200	1259
18/04/2008	1267	1294	1252	1265	11714600	1265
21/04/2008	1261	1289	1255	1280	6738300	1280
22/04/2008	1281	1310	1274	1281	7467300	1281
23/04/2008	1289	1305	1281	1300	12396700	1300
24/04/2008	1291	1321	1257	1277	9317900	1277
25/04/2008	1275	1312	1256	1306	9991400	1306
28/04/2008	1310	1317	1291	1298	4892900	1298
29/04/2008	1310	1352	1266	1308	13688400	1308
30/04/2008	1310	1316	1221	1231	30999800	1231
01/05/2008	1249	1289	1241	1260	7661100	1260
02/05/2008	1282	1282	1219	1261	11179000	1261
06/05/2008	1260	1351	1223	1350	15035900	1350
07/05/2008	1367	1378	1329	1370	11759800	1370
08/05/2008	1373	1405	1364	1383	8607900	1383
09/05/2008	1374	1389	1335	1341	9562100	1341
12/05/2008	1340	1370	1334	1348	4837200	1348
13/05/2008	1353	1361	1292	1298	13544500	1298
14/05/2008	1301	1318	1280	1303	9193600	1303
15/05/2008	1297	1328	1281	1308	7512000	1308
16/05/2008	1331	1337	1303	1317	15925500	1317
19/05/2008	1326	1368	1316	1368	8344200	1368
20/05/2008	1368	1371	1322	1322	9459600	1322
21/05/2008	1334	1397	1334	1394	10312800	1394
22/05/2008	1393	1415	1341	1347	11249900	1347
23/05/2008	1339	1360	1310	1310	6915400	1310
27/05/2008	1331	1335	1290	1290	7660300	1290
28/05/2008	1290	1301	1248	1290	9344600	1290
29/05/2008	1286	1315	1286	1294	10758500	1294
30/05/2008	1260	1283	1227	1266	18406400	1266
02/06/2008	1255	1269	1225	1241	8103600	1241
03/06/2008	1233	1279	1233	1265	9818100	1265
04/06/2008	1269	1269	1221	1230	11649200	1230
05/06/2008	1232	1241	1214	1227	7701200	1227
06/06/2008	1257	1280	1245	1256	10457500	1256
10/06/2008	1288	1288	1253	1253	9425200	1253
11/06/2008	1261	1292	1237	1258	11584800	1258
12/06/2008	1252	1273	1228	1243	10583000	1243
13/06/2008	1283	1290	1238	1259	12419400	1259
16/06/2008	1258	1263	1235	1256	11054800	1256
17/06/2008	1251	1289	1251	1268	9224200	1268
18/06/2008	1256	1262	1224	1234	8897400	1234
19/06/2008	1244	1283	1239	1243	17232000	1243
20/06/2008	1232	1266	1229	1231	13362000	1231
23/06/2008	1255	1269	1240	1260	11647100	1260
24/06/2008	1260	1269	1227	1236	10511000	1236
25/06/2008	1237	1264	1212	1218	9787300	1218
26/06/2008	1208	1225	1186	1198	13476000	1198
27/06/2008	1200	1251	1200	1251	17054300	1251
30/06/2008	1244	1311	1244	1307	14382800	1307
01/07/2008	1294	1307	1261	1261	11241300	1261
02/07/2008	1259	1289	1253	1257	9501200	1257
03/07/2008	1249	1263	1207	1218	13547200	1218
04/07/2008	1218	1227	1190	1191	8880900	1191
07/07/2008	1206	1251	1200	1250	8690300	1250
08/07/2008	1221	1233	1185	1195	10380800	1195
09/07/2008	1223	1225	1161	1179	14797700	1179
10/07/2008	1158	1168	1125	1136	15854500	1136
11/07/2008	1144	1178	1137	1137	15452700	1137
14/07/2008	1137	1144	1123	1134	8048600	1134
15/07/2008	1130	1141	1084	1089	10653300	1089
16/07/2008	1084	1102	1043	1050	13607400	1050
17/07/2008	1056	1087	1050	1075	17525500	1075
18/07/2008	1062	1124	1055	1123	18493500	1123
21/07/2008	1114	1150	1102	1119	11142900	1119
22/07/2008	1119	1159	1109	1118	11484300	1118
23/07/2008	1121	1155	1096	1140	15608100	1140
24/07/2008	1123	1138	1059	1068	22959900	1068
25/07/2008	1072	1117	1064	1108	16735900	1108
28/07/2008	1116	1131	1096	1127	10109400	1127
29/07/2008	1120	1151	1091	1092	6998400	1092
30/07/2008	1088	1126	1088	1120	5935700	1120
31/07/2008	1139	1160	1130	1146	11681400	1146
01/08/2008	1158	1158	1106	1110	8182700	1110
04/08/2008	1119	1139	1076	1086	7746600	1086
05/08/2008	1073	1075	1035	1050	17948500	1050
06/08/2008	1055	1078	1043	1070	10419200	1070
07/08/2008	1071	1111	1071	1106	12974600	1106
08/08/2008	1139	1144	1084	1090	8533400	1090
11/08/2008	1109	1109	1086	1090	6336800	1090
12/08/2008	1089	1102	1077	1086	9874300	1086
13/08/2008	1086	1101	1059	1071	11046300	1071
14/08/2008	1087	1120	1075	1117	9347300	1117
15/08/2008	1120	1132	1096	1103	9939700	1103
18/08/2008	1100	1122	1090	1099	6100000	1099
19/08/2008	1095	1120	1086	1094	7477900	1094
20/08/2008	1101	1148	1099	1142	8015200	1142
21/08/2008	1137	1183	1123	1176	8765400	1176
22/08/2008	1185	1194	1159	1191	6040400	1191
26/08/2008	1168	1170	1140	1164	8020900	1164
27/08/2008	1160	1196	1158	1194	7269700	1194
28/08/2008	1185	1202	1166	1187	6406700	1187
29/08/2008	1194	1221	1172	1219	7394700	1219
01/09/2008	1216	1218	1148	1165	6781000	1165
02/09/2008	1165	1165	1093	1119	16762200	1119
03/09/2008	1098	1117	1047	1047	20158000	1047
04/09/2008	1068	1109	1048	1055	14688500	1055
05/09/2008	1056	1077	1027	1033	17011100	1033
08/09/2008	1058	1096	1058	1093	7331300	1093
09/09/2008	1100	1114	1027	1046	21185800	1046
10/09/2008	1056	1069	1038	1055	13046100	1055
11/09/2008	1095	1103	1076	1100	15948600	1100
12/09/2008	1120	1167	1108	1167	15792200	1167
15/09/2008	1131	1139	1073	1096	16106700	1096
16/09/2008	1063	1083	1014	1029	13430400	1029
17/09/2008	1040	1064	1025	1028	16196800	1028
18/09/2008	1048	1093	1033	1036	19015200	1036
19/09/2008	1035	1129	1035	1125	11908600	1125
22/09/2008	1135	1195	1130	1175	14008100	1175
23/09/2008	1210	1218	1137	1152	13565400	1152
24/09/2008	1187	1190	1130	1145	13300300	1145
25/09/2008	1136	1146	1109	1128	14433300	1128
26/09/2008	1103	1130	1086	1090	8541200	1090
29/09/2008	1068	1088	1006	1011	13008700	1011
30/09/2008	996	1035	963	1013	19860500	1013
01/10/2008	1040	1047	990.5	1009	11060400	1009
02/10/2008	1008	1019	920	930	12271500	930
03/10/2008	940	942	888	928	16217400	928
06/10/2008	887	889.5	816	827	11989400	827
07/10/2008	848	900	838.5	865	12921100	865
08/10/2008	820	888	770	813	16790600	813
09/10/2008	835	870	798.5	823	11684100	823
10/10/2008	750	795	730	773	15517800	773
13/10/2008	815	862	764.5	848	19861100	848
14/10/2008	920	949.5	820	836.5	11225200	836.5
15/10/2008	830	830	735	740	20633500	740
16/10/2008	682	751.5	659	703	13476400	703
17/10/2008	728	754	665.5	723.5	16236800	723.5
20/10/2008	735	786	728	772.5	11572000	772.5
21/10/2008	800	860.5	790	814	15547400	814
22/10/2008	790	841.5	758.5	764.5	17161300	764.5
23/10/2008	774	777.5	700	774	17809900	774
24/10/2008	735.5	741.5	674	717	18842000	717
27/10/2008	682	692.5	637.5	664	20539200	664
28/10/2008	689	727	656	710.5	16360500	710.5
29/10/2008	783	805.5	746	803	21153200	803
30/10/2008	819	870	819	866	17522000	866
31/10/2008	866	913	822	913	13518300	913
03/11/2008	954	975	889.5	904	13022700	904
04/11/2008	920	987	852	979.5	18856900	979.5
05/11/2008	970.5	976	939	951.5	9960800	951.5
06/11/2008	929.5	1015	913.5	938	17475900	938
07/11/2008	948.5	998.5	941	979.5	14018900	979.5
10/11/2008	1006	1029	986	998	8880900	998
11/11/2008	973	973	903.5	904	11716300	904
12/11/2008	920	924.5	844.5	855	17082800	855
13/11/2008	831	875.5	828.5	848.5	9671400	848.5
14/11/2008	914	934	837.5	845.5	13545900	845.5
17/11/2008	839.5	857	800	806.5	7794200	806.5
18/11/2008	804.5	841.5	776	838	10621500	838
19/11/2008	858	870	802	807	12487900	807
20/11/2008	790	816	751.5	764.5	12627500	764.5
21/11/2008	785	830	747.5	787.5	29487400	787.5
24/11/2008	820	854.5	797	845.5	18232100	845.5
25/11/2008	846.5	917	835	879	14735600	879
26/11/2008	868.5	909.5	837	888	11870000	888
27/11/2008	891	923	872	913	8092200	913
28/11/2008	929.5	930	891.5	920	10619800	920
01/12/2008	917	923	847.5	851.5	9688200	851.5
02/12/2008	826	869.5	812	828	10560300	828
03/12/2008	831.5	843	788	799.5	15331900	799.5
04/12/2008	806	863	779.5	850	14137200	850
05/12/2008	832	832.5	780	787.5	13221300	787.5
08/12/2008	852.5	911	839.5	859.5	11152300	859.5
09/12/2008	848.5	922.5	825.5	918	10552100	918
10/12/2008	933	950	910	939	11685600	939
11/12/2008	950	1001	925	989.5	11040300	989.5
12/12/2008	942.5	961.5	928	950	10878700	950
15/12/2008	955	994	939	983.5	9774600	983.5
16/12/2008	972	995	958.5	966.5	11519600	966.5
17/12/2008	992	1001	964	982	12523600	982
18/12/2008	979.5	990	939.5	957.5	10704700	957.5
19/12/2008	939	948.5	896.5	917.5	12899700	917.5
22/12/2008	905	922.5	888	902.5	4706100	902.5
23/12/2008	909.5	918	895.5	898.5	3511100	898.5
24/12/2008	917	935	882	900	2128500	900
29/12/2008	904.5	945	890	934.5	3959600	934.5
30/12/2008	960	975	922.5	969	4073100	969
31/12/2008	993	999	949	957	1644900	957
02/01/2009	970	1001	944	1000	1849100	1000
05/01/2009	1029	1049	1015	1041	5621000	1041
06/01/2009	1050	1077	1024	1051	9453700	1051
07/01/2009	1054	1071	994.5	1002	9575000	1002
08/01/2009	996	1026	978	1001	7238500	1001
09/01/2009	1012	1025	975	986	5673900	986
12/01/2009	991	1006	941.5	950	7547400	950
13/01/2009	935	948.5	901	946	10642800	946
14/01/2009	950	965.5	854	878.5	15337500	878.5
15/01/2009	880	888	853.5	864	9591000	864
16/01/2009	885	915	861	905	11410600	905
19/01/2009	931.5	943.5	866.5	884	10685200	884
20/01/2009	866.5	908.5	858	885.5	12852500	885.5
21/01/2009	868	892.5	836.5	870	14716200	870
22/01/2009	900	923.5	886	893	12265300	893
23/01/2009	896.5	923	874	918	13507100	918
26/01/2009	913	969	910.5	958	10378800	958
27/01/2009	953	961	924	947.5	8299400	947.5
28/01/2009	963	977.5	939	975	7950200	975
29/01/2009	962	982.5	929	935.5	7162100	935.5
30/01/2009	942.5	969.5	937.5	950.5	8532800	950.5
02/02/2009	950.5	951	902	904	9755200	904
03/02/2009	900	950	886.5	945.5	9771400	945.5
04/02/2009	948	961	930	951	9639600	951
05/02/2009	988.5	1050	982	1048	20959400	1048
06/02/2009	1067	1090	1027	1085	12029700	1085
09/02/2009	1055	1094	1043	1076	8506300	1076
10/02/2009	1052	1066	1027	1032	9955800	1032
11/02/2009	1030	1051	1020	1045	6238500	1045
12/02/2009	1045	1059	1007	1050	10621200	1050
13/02/2009	1073	1078	1047	1068	7603600	1068
16/02/2009	1061	1079	1053	1062	4826600	1062
17/02/2009	1048	1065	1030	1043	9932400	1043
18/02/2009	1048	1063	1003	1027	8955600	1027
19/02/2009	1027	1030	1003	1023	7311600	1023
20/02/2009	995	1012	976	982.5	7200100	982.5
23/02/2009	1006	1019	993.5	1005	8042300	1005
24/02/2009	990.5	1004	966.5	991	10365700	991
25/02/2009	1005	1016	978	1010	9638500	1010
26/02/2009	1013	1032	989	1011	10053200	1011
27/02/2009	980	1025	975	1005	11306200	1005
02/03/2009	969.5	996	949	950	10593000	950
03/03/2009	959	969	874	893.5	15527900	893.5
04/03/2009	900	968.5	900	965	11033900	965
05/03/2009	951	963	931.5	933	11681700	933
06/03/2009	930	960	916.5	952	9862400	952
09/03/2009	952	1003	932.5	983.5	12786900	983.5
10/03/2009	976	1008	951	998.5	10634500	998.5
11/03/2009	984	1014	973.5	1000	11000600	1000
12/03/2009	1000	1000	968	981.5	7899800	981.5
13/03/2009	1005	1030	985.5	1022	7908100	1022
16/03/2009	1047	1047	1011	1044	6996000	1044
17/03/2009	1035	1062	1028	1056	8290700	1056
18/03/2009	1087	1090	1014	1027	8839000	1027
19/03/2009	1020	1073	1011	1045	11246200	1045
20/03/2009	1036	1091	1036	1087	15142400	1087
23/03/2009	1124	1124	1074	1102	9810400	1102
24/03/2009	1111	1133	1074	1095	7755000	1095
25/03/2009	1092	1111	1069	1081	10449100	1081
26/03/2009	1090	1099	1046	1060	6678300	1060
27/03/2009	1056	1069	1034	1051	6164500	1051
30/03/2009	1028	1032	996.5	1003	6230600	1003
31/03/2009	1014	1063	999	1055	10568400	1055
01/04/2009	1045	1098	1030	1084	7417400	1084
02/04/2009	1124	1139	1087	1130	9202000	1130
03/04/2009	1136	1146	1098	1104	7719000	1104
06/04/2009	1123	1136	1090	1098	6719500	1098
07/04/2009	1112	1138	1064	1066	11458900	1066
08/04/2009	1045	1059	1009	1031	10336900	1031
09/04/2009	1050	1079	1040	1055	8736500	1055
14/04/2009	1064	1066	1015	1044	7460200	1044
15/04/2009	1069	1078	1033	1043	8047600	1043
16/04/2009	1056	1067	1041	1063	5336500	1063
17/04/2009	1063	1083	1050	1072	6881500	1072
20/04/2009	1063	1070	1017	1029	1206200	1029
21/04/2009	1021	1042	1003	1030	1191300	1030
22/04/2009	1005	1047	1002	1033	2534100	1033
23/04/2009	1024	1060	1022	1026	1090100	1026
24/04/2009	1047	1089	1032	1085	1613100	1085
27/04/2009	1063	1082	1048	1067	839200	1067
28/04/2009	1045	1070	1037	1058	1066800	1058
29/04/2009	1058	1084	1052	1077	1777700	1077
30/04/2009	1090	1124	1070	1093	2423900	1093
01/05/2009	1077	1107	1074	1091	287900	1091
05/05/2009	1121	1122	1071	1103	1110900	1103
06/05/2009	1093	1119	1073	1109	2110800	1109
07/05/2009	1114	1143	1101	1114	1531300	1114
08/05/2009	1104	1143	1086	1128	1908700	1128
11/05/2009	1127	1136	1092	1104	1294300	1104
12/05/2009	1098	1115	1071	1097	1412700	1097
13/05/2009	1101	1120	1081	1100	2000800	1100
14/05/2009	1105	1115	1083	1096	1983700	1096
15/05/2009	1098	1116	1084	1092	1736800	1092
18/05/2009	1119	1120	1076	1107	1275500	1107
19/05/2009	1108	1118	1081	1090	2214800	1090
20/05/2009	1085	1115	1082	1102	1078500	1102
21/05/2009	1095	1098	1073	1080	1209100	1080
22/05/2009	1088	1112	1078	1105	1849400	1105
26/05/2009	1104	1117	1080	1106	998100	1106
27/05/2009	1107	1110	1083	1087	1096800	1087
28/05/2009	1080	1090	1066	1079	1358300	1079
29/05/2009	1093	1149	1090	1128	3178700	1128
01/06/2009	1156	1166	1133	1156	1530100	1156
02/06/2009	1149	1164	1132	1156	972900	1156
03/06/2009	1150	1150	1111	1123	2315100	1123
04/06/2009	1115	1131	1107	1123	1774400	1123
05/06/2009	1135	1180	1133	1162	941200	1162
08/06/2009	1154	1159	1127	1142	1372500	1142
09/06/2009	1175	1175	1129	1140	1534900	1140
10/06/2009	1136	1166	1125	1132	986600	1132
11/06/2009	1134	1150	1121	1145	1095200	1145
12/06/2009	1140	1148	1124	1134	1328400	1134
15/06/2009	1122	1128	1095	1100	1549100	1100
16/06/2009	1099	1105	1071	1076	2864700	1076
17/06/2009	1076	1080	1033	1037	1793600	1037
18/06/2009	1047	1052	1008	1027	2440500	1027
19/06/2009	1030	1076	1030	1066	13248000	1066
22/06/2009	1067	1067	1001	1000	3527800	1000
23/06/2009	1001	1020	996.5	1000	1328600	1000
24/06/2009	1007	1014	990.5	1003	3345900	1003
25/06/2009	996	1014	983	994	3885600	994
26/06/2009	1010	1027	988.5	996.4	1609800	996.4
29/06/2009	990.5	1043	990.5	1037	2822700	1037
30/06/2009	1050	1050	1011	1018	4425700	1018
01/07/2009	1022	1072	1018	1062.35	3376900	1062.35
02/07/2009	1056	1059	1025	1055	4154700	1055
03/07/2009	1036	1042	1019	1023.59	1696500	1023.59
06/07/2009	1010	1021	990	999.91	2148800	999.91
07/07/2009	1000	1025	994	1007.9	1951800	1007.9
08/07/2009	991	1009	990.5	995	2312200	995
09/07/2009	1000	1007	985	993.37	1905800	993.37
10/07/2009	1000	1000	977.5	984.96	2466900	984.96
13/07/2009	972.5	1000	969	997.11	3297900	997.11
14/07/2009	997	1008	986	1003	2493800	1003
15/07/2009	1008	1038	1005	1027.36	2143900	1027.36
16/07/2009	1040	1040	1021	1028	2222000	1028
17/07/2009	1058	1069	1041	1045	1576300	1045
20/07/2009	1052	1067	1043	1058.41	783400	1058.41
21/07/2009	1051	1063	1044	1055.89	2498900	1055.89
22/07/2009	1053	1081	1051	1066.35	2071100	1066.35
23/07/2009	1068	1075	1044	1066.85	1615500	1066.85
24/07/2009	1075	1102	1071	1097	1591800	1097
27/07/2009	1116	1116	1088	1106	1881500	1106
28/07/2009	1119	1137	1068	1082	2447600	1082
29/07/2009	1050	1081	1035	1053	2164300	1053
30/07/2009	1054	1067	1041	1047.57	2165800	1047.57
31/07/2009	1038	1044	992	999.4	6099100	999.4
03/08/2009	1006	1046	1006	1034	1981000	1034
04/08/2009	1030	1037	1016	1037	1493200	1037
05/08/2009	1016	1028	995.5	999.5	3641300	999.5
06/08/2009	1003	1018	996.5	998.5	2102800	998.5
07/08/2009	999.5	1015	990	1008.6	3657200	1008.6
10/08/2009	999	1011	991.5	1008	1376000	1008
11/08/2009	1008	1019	981.5	984.5	1550800	984.5
12/08/2009	991.5	1035	990.5	1033	1651000	1033
13/08/2009	1035	1046	1022	1022	2837700	1022
14/08/2009	1023	1046	1011	1014	3246500	1014
17/08/2009	1010	1013	987	1003	1582900	1003
18/08/2009	1005	1021	1001	1021	1784700	1021
19/08/2009	1015	1032	1004	1026	2177500	1026
20/08/2009	1039	1053	1035	1045	2397600	1045
21/08/2009	1046	1083	1038	1071	1563000	1071
24/08/2009	1087	1090	1047	1050	8985300	1050
25/08/2009	1050	1071	1036	1067	8337000	1067
26/08/2009	1050	1062	1040	1043	5110700	1043
27/08/2009	1039	1055	1035	1041	4885800	1041
28/08/2009	1051	1052	1015	1017	12095700	1017
01/09/2009	1029	1034	992	993.5	12323300	993.5
02/09/2009	991	1015	989.5	1011	8945300	1011
03/09/2009	1022	1023	998.5	1002	6353600	1002
04/09/2009	1013	1018	1001	1008	6413300	1008
07/09/2009	1026	1035	1009	1018.57	9267900	1018.57
08/09/2009	1019	1059	1014	1055	12074000	1055
09/09/2009	1080	1098	1068	1095	12796800	1095
10/09/2009	1099	1117	1096	1104	10101500	1104
11/09/2009	1105	1151	1105	1135	14604200	1135
14/09/2009	1128	1135	1103	1109	6806900	1109
15/09/2009	1125	1140	1112	1125	7487200	1125
16/09/2009	1127	1167	1127	1160	8668300	1160
17/09/2009	1162	1179	1135	1146	7711200	1146
18/09/2009	1144	1149	1127	1139	12132800	1139
21/09/2009	1141	1150	1106	1111	7469300	1111
22/09/2009	1110	1147	1107	1107	9953100	1107
23/09/2009	1112	1118	1095	1105	7696800	1105
24/09/2009	1089	1099	1065	1067	10764900	1067
25/09/2009	1079	1101	1067	1085	8535900	1085
28/09/2009	1080	1101	1071	1090	5259800	1090
29/09/2009	1090	1099	1071	1095	5256200	1095
30/09/2009	1103	1103	1068	1087	8607600	1087
01/10/2009	1090	1107	1067	1070	4637700	1070
02/10/2009	1066	1073	1050	1056	5484900	1056
05/10/2009	1058	1066	1046	1060	5811500	1060
06/10/2009	1072	1105	1060	1103	6391500	1103
07/10/2009	1098	1112	1084	1088	3689400	1088
08/10/2009	1097	1100	1083	1091	6029800	1091
09/10/2009	1088	1105	1081	1101	6214000	1101
12/10/2009	1121	1124	1106	1112	5048000	1112
13/10/2009	1115	1131	1105	1109	6590400	1109
14/10/2009	1131	1148	1120	1144	8812200	1144
15/10/2009	1143	1149	1123	1136	7081200	1136
16/10/2009	1153	1172	1137	1140	11736600	1140
19/10/2009	1150	1157.5	1134.5	1146.5	6487200	1146.5
20/10/2009	1163.5	1177	1149	1155	8479200	1155
21/10/2009	1151.5	1164	1115.5	1150	8242300	1150
22/10/2009	1137	1142.5	1120	1133	5095800	1133
23/10/2009	1139.5	1161.5	1136	1139	6550600	1139
26/10/2009	1147.5	1152.5	1113	1123.5	4441000	1123.5
27/10/2009	1128.5	1151.5	1126	1132.5	8797700	1132.5
28/10/2009	1112	1119	1083	1095	13736800	1095
29/10/2009	1075	1098.5	1052	1092	12442700	1092
30/10/2009	1089.5	1101.5	1050	1055	8992600	1055
02/11/2009	1043.5	1082	1041	1074.5	7024500	1074.5
03/11/2009	1068	1072	1051	1066	5799200	1066
04/11/2009	1062	1099.5	1061	1092.5	8189400	1092.5
05/11/2009	1082	1106	1080	1095.5	6401000	1095.5
06/11/2009	1103	1103	1069.5	1078.5	8305600	1078.5
09/11/2009	1091.5	1102	1083.5	1087	5456300	1087
10/11/2009	1086	1093	1072.5	1077	5869600	1077
11/11/2009	1089	1095.5	1074	1093.5	8394600	1093.5
12/11/2009	1094.5	1098	1076	1083	7363600	1083
13/11/2009	1078	1107	1078	1105.5	6618300	1105.5
16/11/2009	1117.5	1136.5	1102.5	1116.06	6997200	1116.06
17/11/2009	1123	1143.5	1118.5	1136	6973600	1136
18/11/2009	1138.5	1148.5	1126.5	1137.5	6326200	1137.5
19/11/2009	1127.5	1164.5	1126	1149.99	14795000	1149.99
20/11/2009	1144	1152	1121	1125.5	10089200	1125.5
23/11/2009	1140	1145	1127	1138.5	4726700	1138.5
24/11/2009	1125	1144.5	1125	1134	6618400	1134
25/11/2009	1146	1150	1131	1148.5	5026300	1148.5
26/11/2009	1142.5	1145	1101.5	1107.5	5142000	1107.5
27/11/2009	1087	1134	1085.5	1126	4781300	1126
30/11/2009	1125	1136	1100	1103	7050800	1103
01/12/2009	1117.5	1132	1111	1129	5971700	1129
02/12/2009	1122	1131	1112.5	1120.5	5044800	1120.5
03/12/2009	1133.5	1134	1108	1108	5990700	1108
04/12/2009	1099	1118.5	1090	1099.5	8956000	1099.5
07/12/2009	1090.5	1108	1075.5	1105.5	6706900	1105.5
08/12/2009	1093.5	1109	1077	1083.5	6737400	1083.5
09/12/2009	1080	1084	1058	1074	8367300	1074
11/12/2009	1070.5	1082	1062	1067.5	8835200	1067.5
14/12/2009	1079.5	1100.5	1068.5	1085	15010200	1085
15/12/2009	1088.5	1099	1083	1091.5	6454100	1091.5
16/12/2009	1095.5	1110.5	1088.5	1101	8980700	1101
17/12/2009	1102	1103	1085	1085.5	6351000	1085.5
18/12/2009	1087	1114	1087	1087	16150500	1087
21/12/2009	1095.5	1114	1086	1105	3666400	1105
22/12/2009	1104.5	1119.5	1102.5	1103	4468900	1103
23/12/2009	1107.5	1122	1105.5	1118	3423000	1118
24/12/2009	1110.5	1135	1110.5	1135	971400	1135
29/12/2009	1147	1147	1130	1138.5	3532800	1138.5
30/12/2009	1134	1134	1113.5	1122.5	2371300	1122.5
31/12/2009	1129	1136.5	1121	1122	1232900	1122
