Date	Open	High	Low	Close	Volume	Adj Close
03/01/2006	34.2	35.04	34.2	35	1698100	31.97
04/01/2006	35.11	35.99	35.02	35.79	1681800	32.69
05/01/2006	35.35	35.35	34.93	35.06	1085400	32.02
06/01/2006	35.44	36.06	35.43	35.75	1318100	32.65
09/01/2006	36.3	36.47	36.07	36.33	1212300	33.18
10/01/2006	35	36.13	34.94	35.81	4434300	32.71
11/01/2006	36.04	36.4	35.81	36.26	1493700	33.12
12/01/2006	36.19	36.2	35.5	35.59	2173800	32.5
13/01/2006	35.69	35.95	35.45	35.84	1155700	32.73
17/01/2006	35.98	36.9	35.9	36.58	3433900	33.41
18/01/2006	36.4	36.42	35.75	35.9	2755000	32.79
19/01/2006	37.13	37.46	37.02	37.22	2557900	33.99
20/01/2006	37.34	37.51	36.56	36.58	2219400	33.41
23/01/2006	37.4	37.45	36.93	37.2	2135300	33.97
24/01/2006	37.03	37.39	36.76	37.35	2149900	34.11
25/01/2006	38.05	38.87	38.05	38.78	3074000	35.42
26/01/2006	38.37	39.29	38.37	38.8	3246400	35.44
27/01/2006	39.2	39.5	38.91	39.47	1916800	36.05
30/01/2006	39.46	39.73	39.2	39.62	1577700	36.19
31/01/2006	39	39.7	38.66	39.45	2588000	36.03
01/02/2006	39.75	39.75	39.11	39.2	1689900	35.8
02/02/2006	38.7	39.11	37.52	38.4	2938900	35.07
03/02/2006	37.7	38.27	37.61	38.15	2298000	34.84
06/02/2006	38.15	38.8	38.01	38.78	2123100	35.42
07/02/2006	38.08	38.08	36.9	37	3190900	33.79
08/02/2006	36.23	36.55	35.74	36.39	3611900	33.24
09/02/2006	36.88	37.41	36.75	36.86	4434000	33.66
10/02/2006	36.7	36.74	35.31	35.86	2986000	32.75
13/02/2006	35.24	35.24	34.75	35.06	2283900	32.02
14/02/2006	35.06	36.62	35.03	36.16	2720000	33.03
15/02/2006	36.18	36.59	35.7	35.89	2621100	32.78
16/02/2006	35.6	36.54	35.37	36.17	3986000	33.03
17/02/2006	36.54	36.78	36.25	36.3	2832200	33.15
21/02/2006	37.35	37.5	37	37.1	2103000	33.88
22/02/2006	37.2	37.47	37.16	37.21	3005600	33.98
23/02/2006	37.2	37.24	36.58	36.6	2664700	33.43
24/02/2006	36.6	36.87	36.41	36.65	2613900	33.47
27/02/2006	36.78	36.8	36.35	36.36	2168400	33.21
28/02/2006	36.31	36.31	35.91	36.09	3231300	32.96
01/03/2006	36.15	36.39	36.03	36.3	2074200	33.48
02/03/2006	35.94	37	35.94	36.66	1920500	33.81
03/03/2006	36.28	36.77	36.2	36.41	1515000	33.58
06/03/2006	36.46	36.49	35.51	35.65	2294600	32.88
07/03/2006	34.8	34.9	34.3	34.62	2429900	31.93
08/03/2006	33.5	34.52	33.45	34.22	3290100	31.56
09/03/2006	34.47	34.93	34.21	34.35	3139700	31.68
10/03/2006	34.27	34.9	34	34.84	1443100	32.13
13/03/2006	34.8	35.08	34.54	34.91	1846800	32.2
14/03/2006	34.9	35.59	34.8	35.46	2455400	32.7
15/03/2006	36.42	36.59	36.28	36.37	3282900	33.54
16/03/2006	36.55	36.71	36.25	36.48	2218600	33.64
17/03/2006	36.54	36.79	36.03	36.39	2072400	33.56
20/03/2006	36.64	36.8	36.29	36.32	1442900	33.5
21/03/2006	36.2	36.4	35.55	35.63	1741900	32.86
22/03/2006	36.15	36.6	36.1	36.42	1300600	33.59
23/03/2006	36.9	37.2	36.71	36.98	1944500	34.1
24/03/2006	37.35	37.75	37.12	37.42	2251200	34.51
27/03/2006	37.77	37.99	37.62	37.89	1662500	34.94
28/03/2006	37.67	38.04	37.31	37.45	1676600	34.54
29/03/2006	37.75	38.75	37.7	38.58	1824500	35.58
30/03/2006	39.35	40.35	39.35	40.22	3476100	37.09
31/03/2006	39.62	40.19	39.22	39.85	3045900	36.75
03/04/2006	41.52	42.22	41.31	41.73	3558200	38.49
04/04/2006	42.17	42.47	41.9	42.02	2565200	38.75
05/04/2006	43	43.7	42.73	43.5	2799000	40.12
06/04/2006	43.48	44	42.9	43.5	2602800	40.12
07/04/2006	42.91	43.07	42.03	42.45	2594600	39.15
10/04/2006	43	43.44	42.71	42.97	2167500	39.63
11/04/2006	44.12	44.3	43.22	43.55	3082500	40.16
12/04/2006	42.77	43.82	42.77	43.65	3082600	40.26
13/04/2006	42.6	43.34	42.45	43.16	2552300	39.8
17/04/2006	43.97	44.66	43.84	44.53	1834700	41.07
18/04/2006	45.03	46.35	45.02	46.35	3904600	42.75
19/04/2006	46.23	47.19	45.92	47.11	2263800	43.45
20/04/2006	46.25	46.37	44.26	44.66	3616400	41.19
21/04/2006	45.31	46.2	45.13	45.9	2666900	42.33
24/04/2006	46.14	46.19	45.42	45.77	1744700	42.21
25/04/2006	46.05	46.28	45.25	45.7	1961400	42.15
26/04/2006	45.78	46.19	45.59	45.92	3787400	42.35
27/04/2006	44.29	45.13	43.75	44.36	4087300	40.91
28/04/2006	44.45	45.67	44.45	45.56	2401900	42.02
01/05/2006	46.7	47.1	46.45	46.55	1780700	42.93
02/05/2006	46.84	47.2	46.39	47.18	2327900	43.51
03/05/2006	47.04	47.07	46.3	46.96	2304500	43.31
04/05/2006	46.97	47.37	46.55	46.76	3377900	43.12
05/05/2006	47.6	48.27	47.48	47.87	2958700	44.15
08/05/2006	48.68	48.68	47.4	47.61	2757000	43.91
09/05/2006	47.6	49.24	47.6	49.21	2894100	45.38
10/05/2006	48.96	49.41	48.67	49.18	2766300	45.36
11/05/2006	50.25	50.74	48.52	48.57	3921200	44.79
12/05/2006	48.81	49.1	47.26	47.79	3572200	44.07
15/05/2006	44.8	45.85	44.3	44.8	6824600	41.32
16/05/2006	45.7	46.1	44.45	45.51	3946300	41.97
17/05/2006	44.75	45.38	43.65	43.95	6743300	40.53
18/05/2006	43.65	44.05	43	43.17	4547700	39.81
19/05/2006	43	43.52	41.4	43.24	6777900	39.88
22/05/2006	41.07	41.58	39.77	41.35	6449300	38.13
23/05/2006	43	43.69	42.75	42.92	5229300	39.58
24/05/2006	41.6	42.7	40.96	41.69	5099000	38.45
25/05/2006	42.25	43.24	41.94	43.09	2553100	39.74
26/05/2006	44.2	44.25	43.54	44.07	2193100	40.64
30/05/2006	44.23	44.25	43.04	43.38	2763300	40.01
31/05/2006	43.15	43.72	42.8	43.28	2533400	39.91
01/06/2006	41.85	42.6	41.43	42.57	3946900	39.26
02/06/2006	43	43.06	42.23	42.85	3004500	39.52
05/06/2006	43.05	43.1	41.57	41.68	3101000	38.44
06/06/2006	40.75	41.15	40.21	41.03	3394700	37.84
07/06/2006	40.49	41.49	40.21	40.39	4447700	37.25
08/06/2006	39.58	39.59	37.5	39.43	8389700	36.36
09/06/2006	39.25	39.93	38.91	39.4	4289700	36.34
12/06/2006	39.8	39.98	38.43	38.48	3057900	35.49
13/06/2006	36.75	37.72	35.8	36.38	6027100	33.55
14/06/2006	37.36	38.43	36.86	37.83	4477600	34.89
15/06/2006	38.87	40.83	38.87	40.42	5106500	37.28
16/06/2006	40	40.2	39.21	39.91	2989700	36.81
19/06/2006	39.95	40	38.29	38.61	2534300	35.61
20/06/2006	39.47	40.19	39.24	39.34	2652600	36.28
21/06/2006	40	41.25	39.86	40.89	1897200	37.71
22/06/2006	41.1	41.11	40.1	40.82	2080700	37.65
23/06/2006	39.58	41.07	39.5	40.51	2447000	37.36
26/06/2006	41.14	41.21	40.45	40.53	2497600	37.38
27/06/2006	40.95	41.07	39.87	40.01	3171900	36.9
28/06/2006	40.16	40.35	39.94	40.06	2511800	36.95
29/06/2006	40.92	42.53	40.77	42.34	3751400	39.05
30/06/2006	43.49	43.79	42.77	43.07	3676500	39.72
03/07/2006	43.43	44	43.37	43.91	1718200	40.5
05/07/2006	42.55	42.69	41.66	42.36	3414300	39.07
06/07/2006	42.37	43.08	42.29	42.77	2524600	39.44
07/07/2006	43.41	43.71	42.79	42.96	2728200	39.62
10/07/2006	43.2	43.5	42.82	43.07	2062600	39.72
11/07/2006	43.71	44.15	43.33	44.09	2614600	40.66
12/07/2006	44.3	44.67	43.83	44.15	2240300	40.72
13/07/2006	43.45	43.57	42.76	43	2799900	39.66
14/07/2006	42.55	42.85	41.56	42.2	2713800	38.92
17/07/2006	41.55	41.89	41.05	41.19	3121400	37.99
18/07/2006	41.3	41.66	40.23	41.02	3018300	37.83
19/07/2006	41.07	42.76	41.07	42.44	4228500	39.14
20/07/2006	42.7	42.83	41.75	41.91	3854500	38.65
21/07/2006	42.15	42.16	41.19	41.56	3712900	38.33
24/07/2006	41.45	42.45	41.17	42.32	3019900	39.03
25/07/2006	42.26	42.83	41.59	42.63	2167900	39.32
26/07/2006	42	42.49	41.6	42.36	2362000	39.07
27/07/2006	43.04	43.43	42.22	42.48	2140600	39.18
28/07/2006	42.58	42.98	42.24	42.91	2420500	39.57
31/07/2006	42.07	42.45	41.97	42.2	2349800	38.92
01/08/2006	41.82	41.88	41.04	41.65	2954600	38.41
02/08/2006	42	42.75	42	42.35	2140400	39.06
03/08/2006	42.05	42.71	42	42.34	2091200	39.05
04/08/2006	43.31	43.45	42.48	42.63	2943500	39.32
07/08/2006	42.2	42.71	42.14	42.43	2033100	39.13
08/08/2006	42	42.39	41.51	41.66	1668800	38.42
09/08/2006	41.5	41.98	41.34	41.48	2723800	38.25
10/08/2006	41.06	41.41	40.9	41.28	2395700	38.07
11/08/2006	41.14	41.52	40.92	41.07	2655900	37.88
14/08/2006	41.55	41.69	41.21	41.24	1215800	38.03
15/08/2006	41.5	42.04	41.3	41.82	1935000	38.57
16/08/2006	42.64	43.35	42.59	42.96	3460000	39.62
17/08/2006	43.77	43.8	42.36	42.56	3502500	39.25
18/08/2006	42.81	43.04	42.37	42.81	1902500	39.48
21/08/2006	43.43	43.95	43.34	43.72	1708400	40.32
22/08/2006	43.4	43.8	43.25	43.46	2272700	40.08
23/08/2006	43.01	43.35	42.18	42.52	2758500	39.21
24/08/2006	42.21	42.29	40.86	41.34	3051600	38.13
25/08/2006	41.48	41.77	41.2	41.65	1632200	38.41
28/08/2006	41.6	42.09	41.5	41.76	1311000	38.51
29/08/2006	42.19	42.3	41.49	42.2	2106400	38.92
30/08/2006	42.4	42.48	41.51	42.01	2314600	38.74
31/08/2006	42.2	42.2	41.6	42.1	2132300	38.83
01/09/2006	42.13	42.7	41.85	42.67	2315500	39.35
05/09/2006	43.35	43.82	43.18	43.62	2120800	40.23
06/09/2006	42.3	42.32	41.82	41.92	2188500	38.99
07/09/2006	41.26	41.4	40.71	41.19	2836900	38.31
08/09/2006	40.37	40.4	39.95	40.27	3249600	37.46
11/09/2006	38.55	38.63	37.68	37.83	5267800	35.19
12/09/2006	38.26	38.41	37.16	37.34	5190300	34.73
13/09/2006	37.97	38.4	37.83	38.26	2467300	35.59
14/09/2006	38.7	38.8	37.71	37.89	2812200	35.24
15/09/2006	37.79	37.83	37.26	37.54	2168600	34.92
18/09/2006	37.88	38.85	37.78	38.4	2383000	35.72
19/09/2006	37.8	37.92	36.65	37.08	2885600	34.49
20/09/2006	37.4	37.48	36.52	36.79	4620400	34.22
21/09/2006	37.57	37.7	36.92	37.39	4077000	34.78
22/09/2006	37.62	37.62	36.5	36.72	2491900	34.15
25/09/2006	35.74	36.19	34.74	36.19	6166900	33.66
26/09/2006	36.29	37.39	36.17	37.36	3552200	34.75
27/09/2006	37.99	38.5	37.85	38.44	5106200	35.75
28/09/2006	38.3	38.6	38.19	38.3	2603900	35.62
29/09/2006	39.12	39.12	37.75	37.88	1690000	35.23
02/10/2006	38.35	38.76	38.15	38.37	2080500	35.69
03/10/2006	38	38.04	37.12	37.28	5120000	34.68
04/10/2006	36.78	37.11	35.79	36.57	6862200	34.02
05/10/2006	37.35	37.82	37.23	37.72	3338700	35.08
06/10/2006	37.4	37.61	37.02	37.51	2229900	34.89
09/10/2006	38.13	38.62	37.94	38	2082500	35.35
10/10/2006	38.35	38.83	38.07	38.69	1795900	35.99
11/10/2006	38.5	39.07	38.29	38.52	2867700	35.83
12/10/2006	39.22	39.95	38.97	39.79	2559200	37.01
13/10/2006	40.1	40.85	39.96	40.45	2231200	37.62
16/10/2006	41.3	42.08	41.12	42	2820100	39.07
17/10/2006	41.51	41.51	40.58	41.09	1842400	38.22
18/10/2006	41.65	41.75	40.75	41.19	1940800	38.31
19/10/2006	41.4	42.3	41.39	42.11	2299000	39.17
20/10/2006	42.31	42.38	41.76	41.85	1672300	38.93
23/10/2006	41.34	42.53	41.27	42.47	1671600	39.5
24/10/2006	41.27	42.2	41.25	41.96	2122500	39.03
25/10/2006	42.2	42.86	42.05	42.7	1792900	39.72
26/10/2006	42.73	43	42.23	42.92	1493200	39.92
27/10/2006	42.5	43.01	42.22	42.36	1676000	39.4
30/10/2006	42.4	42.47	42.03	42.25	2169000	39.3
31/10/2006	42.4	42.82	42.14	42.57	1786100	39.6
01/11/2006	43.53	43.79	42.3	42.67	3938400	39.69
02/11/2006	42.39	43.09	42.39	42.8	2710500	39.81
03/11/2006	42.84	43.1	42.51	42.63	2287300	39.65
06/11/2006	43.1	43.86	43.09	43.67	2513800	40.62
07/11/2006	44.15	44.35	43.54	43.67	1819300	40.62
08/11/2006	42.85	43.31	42.75	42.99	2047200	39.99
09/11/2006	42.85	43.72	42.54	42.97	3347800	39.97
10/11/2006	43.07	43.21	41.89	42.31	3225600	39.35
13/11/2006	40.91	40.91	40.33	40.88	4303600	38.02
14/11/2006	41	41.28	40.62	41.27	2978400	38.39
15/11/2006	40.2	41.24	40.16	40.68	2836200	37.84
16/11/2006	41.05	41.13	40	40.09	2837600	37.29
17/11/2006	39.58	40.24	39.23	40.21	3201700	37.4
20/11/2006	40.46	40.73	39.9	40.11	3768000	37.31
21/11/2006	40.5	40.5	39.87	40.2	3852100	37.39
22/11/2006	41.05	41.18	40.38	41.06	1997200	38.19
24/11/2006	40.45	40.95	40.45	40.74	961800	37.89
27/11/2006	40.94	41.18	40.16	40.28	1959500	37.47
28/11/2006	39.98	40.17	39.5	40.1	3101200	37.3
29/11/2006	40.45	41.2	40.43	41.04	2997900	38.17
30/11/2006	41.45	41.79	41.04	41.43	2253100	38.54
01/12/2006	41.47	41.6	40.57	40.89	2422600	38.03
04/12/2006	41.29	42.02	41.25	41.84	2257400	38.92
05/12/2006	41.98	42.29	41.83	42	3276300	39.07
06/12/2006	41.4	41.93	41.06	41.62	3066100	38.71
07/12/2006	41.45	42.15	41.09	41.24	3317300	38.36
08/12/2006	40.5	40.94	40.24	40.63	3089500	37.79
11/12/2006	40.39	40.75	40.31	40.4	2008400	37.58
12/12/2006	40.25	40.28	39.5	39.78	3016400	37
13/12/2006	40.22	40.33	39.84	40.27	2347700	37.46
14/12/2006	40.57	40.72	40.33	40.7	3720800	37.86
15/12/2006	40.98	41	40.05	40.38	2355000	37.56
18/12/2006	40.21	40.21	39.4	39.48	3104700	36.72
19/12/2006	39.72	39.97	39.45	39.82	2282400	37.04
20/12/2006	39.8	40.2	39.77	39.91	2812500	37.12
21/12/2006	40.34	40.34	38.76	38.99	4064900	36.27
22/12/2006	39.46	39.47	38.35	38.77	2204300	36.06
26/12/2006	38.81	39.19	38.52	38.72	1838800	36.01
27/12/2006	39.15	39.63	39.05	39.6	1716800	36.83
28/12/2006	39.78	40.03	39.43	39.8	1881300	37.02
29/12/2006	39.8	39.9	39.5	39.75	816900	36.97
03/01/2007	39.67	39.69	38.62	38.87	6285400	36.15
04/01/2007	37.9	38.19	37.48	37.74	5121000	35.1
05/01/2007	37.64	37.69	36.88	37.16	4412500	34.56
08/01/2007	37.55	37.66	36.93	37.33	4674400	34.72
09/01/2007	37.77	37.77	36.37	37.65	8331600	35.02
10/01/2007	37.3	38.05	37.02	37.84	4646300	35.2
11/01/2007	38.4	39.62	38.19	38.96	6291500	36.24
12/01/2007	38.56	39.72	38.56	39.52	3778600	36.76
16/01/2007	38.87	39.05	38.35	38.56	3456300	35.87
17/01/2007	37.98	38.8	37.89	38.57	2940500	35.88
18/01/2007	39.19	39.36	38.57	38.7	3254600	36
19/01/2007	39.27	40.08	39.11	40.01	3605500	37.21
22/01/2007	40.05	40.15	39.49	39.66	2125400	36.89
23/01/2007	40.11	41.09	40.1	40.96	3445500	38.1
24/01/2007	41.3	41.49	40.91	41.32	4462600	38.43
25/01/2007	40.8	41.19	40.22	40.34	3958600	37.52
26/01/2007	40.48	40.48	39.92	40.22	1445900	37.41
29/01/2007	39.91	40.53	39.86	40.11	2305900	37.31
30/01/2007	40.7	40.85	40.3	40.71	2326400	37.87
31/01/2007	40.29	41.06	40.14	40.99	3409000	38.13
01/02/2007	41.8	41.96	41.4	41.42	3727900	38.53
02/02/2007	41.47	41.69	40.96	41.18	4451700	38.3
05/02/2007	41.35	41.6	41.11	41.18	2732000	38.3
06/02/2007	41.67	42.05	41.61	41.71	3048200	38.8
07/02/2007	43.65	44.3	43.61	44.03	5443500	40.95
08/02/2007	43.19	43.66	43.05	43.56	3840900	40.52
09/02/2007	43.63	43.89	43.28	43.41	2055800	40.38
12/02/2007	43.91	44.3	43.84	44.01	2746000	40.94
13/02/2007	44.6	45.06	44.56	45.02	2585000	41.87
14/02/2007	45.41	45.95	45.23	45.6	4074600	42.41
15/02/2007	45.68	45.95	45.62	45.66	2603900	42.47
16/02/2007	45.1	45.77	45.03	45.76	1584800	42.56
20/02/2007	45.58	45.87	45.33	45.75	2219900	42.55
21/02/2007	45.06	45.65	44.75	45.48	3688100	42.3
22/02/2007	46	46.2	45.62	45.9	2825500	42.69
23/02/2007	46.3	46.42	46.07	46.3	2779700	43.07
26/02/2007	46.53	47.09	46.45	46.75	2510900	43.48
27/02/2007	44.69	44.85	43.15	43.46	6500300	40.42
28/02/2007	43.15	43.48	42.63	42.93	4140300	40.3
01/03/2007	41.77	42.73	41.6	42.3	4233800	39.71
02/03/2007	42.03	42.43	41.38	41.59	4070600	39.04
05/03/2007	40.37	41.37	40.34	40.68	4497200	38.19
06/03/2007	41.91	42.81	41.84	42.48	3813500	39.88
07/03/2007	42.21	42.98	42.11	42.57	2345900	39.96
08/03/2007	42.97	43.3	42.72	42.76	2478800	40.14
09/03/2007	43.23	43.38	42.77	42.89	2215700	40.26
12/03/2007	43	43.61	42.87	43.59	2163200	40.92
13/03/2007	43.05	43.57	42.18	42.29	3220000	39.7
14/03/2007	42.19	42.6	41.45	42.58	3082200	39.97
15/03/2007	43.26	44.35	43.12	44.06	3636500	41.36
16/03/2007	44.1	44.64	43.84	44.14	2044800	41.44
19/03/2007	45.09	45.61	44.95	45.49	2204300	42.7
20/03/2007	45.58	46.34	45.29	46.26	3031200	43.43
21/03/2007	46.53	47.39	46.29	47.21	3178000	44.32
22/03/2007	47.49	47.59	46.92	47.13	2285000	44.24
23/03/2007	47.52	47.85	47.15	47.25	3215300	44.36
26/03/2007	48.23	48.8	47.52	48.73	5197500	45.75
27/03/2007	48.4	48.56	47.98	48.37	3867800	45.41
28/03/2007	47.99	48.05	47.3	47.38	2717200	44.48
29/03/2007	48.39	48.78	47.96	48.32	3505500	45.36
30/03/2007	48.45	48.75	48.33	48.45	2720600	45.48
02/04/2007	48.46	48.77	48.08	48.63	2397300	45.65
03/04/2007	49.28	49.89	49.25	49.72	2449400	46.68
04/04/2007	49.13	49.98	49.03	49.88	2507500	46.83
05/04/2007	49.63	49.88	49.34	49.48	1409600	46.45
09/04/2007	49.4	50	49.37	49.63	1884900	46.59
10/04/2007	50.4	50.98	50.33	50.87	2674800	47.76
11/04/2007	50.8	50.83	49.81	49.97	2614800	46.91
12/04/2007	49.85	50.35	49.45	50.3	2457400	47.22
13/04/2007	49.89	50.42	49.6	50.41	1673000	47.32
16/04/2007	50.77	51.2	50.62	51.1	2835700	47.97
17/04/2007	50.58	51.14	50.48	51.05	3537500	47.92
18/04/2007	50.11	50.19	49.75	50.02	2978000	46.96
19/04/2007	49.2	49.38	48.76	49.25	2438200	46.23
20/04/2007	49.9	50.47	49.89	50.44	1945600	47.35
23/04/2007	50	50.25	49.7	49.71	2203900	46.67
24/04/2007	49.73	49.87	48.88	49.04	2005500	46.04
25/04/2007	49.92	50.28	49.7	50.25	2304000	47.17
26/04/2007	49.93	49.93	49.03	49.23	2554200	46.22
27/04/2007	48.48	49.06	48.35	48.92	1523100	45.92
30/04/2007	48.94	49.59	48.77	48.84	2255100	45.85
01/05/2007	48.7	48.9	48.13	48.51	2729600	45.54
02/05/2007	48.85	49.84	48.75	49.64	1736800	46.6
03/05/2007	49.97	50.23	49.59	50.03	2845000	46.97
04/05/2007	50.78	51.97	50.78	51.63	5477200	48.47
07/05/2007	52.4	52.62	51.8	52	3559100	48.82
08/05/2007	51	51.11	50.23	50.9	3092800	47.78
09/05/2007	52.1	53.75	51.8	53.41	6073100	50.14
10/05/2007	51.98	52.2	51.21	51.46	3901600	48.31
11/05/2007	52	52.59	51.47	52.34	2065400	49.14
14/05/2007	51.53	52.02	51.1	51.26	3194000	48.12
15/05/2007	51.26	52.15	51.24	51.45	2976900	48.3
16/05/2007	51.96	51.99	50.8	51.56	3777400	48.4
17/05/2007	50.92	50.98	49.86	50.63	4219000	47.53
18/05/2007	51.56	51.56	50.48	51.1	2879100	47.97
21/05/2007	51.78	52.1	51.5	51.59	3321700	48.43
22/05/2007	51.8	51.87	50.68	50.75	2489600	47.64
23/05/2007	51.61	52.32	51.61	51.76	2738200	48.59
24/05/2007	51.12	51.67	49.39	49.6	4610500	46.56
25/05/2007	50.74	51.1	50.46	50.95	2571300	47.83
29/05/2007	51.58	51.74	51.05	51.65	2369500	48.49
30/05/2007	50.91	51.94	50.75	51.94	1900700	48.76
31/05/2007	52.11	52.91	52.11	52.64	2195700	49.42
01/06/2007	53.3	54.1	53.26	53.94	2170300	50.64
04/06/2007	54.2	54.64	54.05	54.59	1776400	51.25
05/06/2007	54.96	55.58	54.65	55.04	2989800	51.67
06/06/2007	54.95	55.33	54	54.5	3010100	51.16
07/06/2007	55.05	55.88	54.57	54.76	5779300	51.41
08/06/2007	54.85	55.94	54.22	55.78	3625600	52.36
11/06/2007	55.3	56.57	55.1	56.09	2446400	52.66
12/06/2007	55.72	56.33	55.1	55.13	2468900	51.75
13/06/2007	56.09	57.25	55.9	57	4773300	53.51
14/06/2007	57.13	58.29	57.07	57.7	2543100	54.17
15/06/2007	58	58.42	57.77	57.87	2095500	54.33
18/06/2007	58.88	59.06	58.05	58.6	2494100	55.01
19/06/2007	58.66	59.2	58.23	58.99	2106500	55.38
20/06/2007	59.67	59.8	58.18	58.25	4602800	54.68
21/06/2007	58.93	60.58	58.61	60.39	4337400	56.69
22/06/2007	59.59	59.9	58.94	59.47	2422800	55.83
25/06/2007	59	60	58.5	58.9	2149300	55.29
26/06/2007	59.78	60	58.35	58.44	4644700	54.86
27/06/2007	57.27	57.92	56.75	57.86	3437100	54.32
28/06/2007	58.88	59.52	58.77	59.25	1814000	55.62
29/06/2007	59.25	60.16	59.11	59.75	2831400	56.09
02/07/2007	60.6	61.59	60.48	61.49	2135000	57.73
03/07/2007	61.54	62.47	61.49	62.13	1772200	58.33
05/07/2007	63.52	64.06	63.25	63.88	2927200	59.97
06/07/2007	64.73	65.5	64.5	65.28	2911300	61.28
09/07/2007	66.6	67.24	66.6	67.07	2765100	62.96
10/07/2007	65.46	65.7	64.91	65.08	3759800	61.1
11/07/2007	65.66	66.15	65.18	65.93	2215900	61.89
12/07/2007	67.24	68.88	66.94	68.62	3992700	64.42
13/07/2007	67.49	68.24	67.37	67.96	2421000	63.8
16/07/2007	66.99	67.07	66.25	66.76	3254400	62.67
17/07/2007	65.86	66.52	65.68	66.31	3103800	62.25
18/07/2007	65.4	65.98	65.13	65.79	3231400	61.76
19/07/2007	66.87	67.68	66.8	67.54	2283600	63.4
20/07/2007	67.27	67.49	66.57	67.03	2306100	62.93
23/07/2007	68.1	68.65	67.6	68.27	2208400	64.09
24/07/2007	67.78	68.04	66.38	66.76	2599800	62.67
25/07/2007	67.3	67.4	65.45	66.83	4910200	62.74
26/07/2007	64.12	64.7	62.35	63.25	5371300	59.38
27/07/2007	62.02	63.25	60.53	61.34	5396600	57.58
30/07/2007	62.98	64.73	62.55	64.09	3999200	60.17
31/07/2007	65.46	65.79	63.75	63.78	4445100	59.88
01/08/2007	62.45	63.25	61.16	62.48	4253300	58.65
02/08/2007	62.5	63.49	62.1	62.93	2565000	59.08
03/08/2007	62.85	62.94	60.5	60.73	3422800	57.01
06/08/2007	60.95	61.52	58.7	61.52	6848600	57.75
07/08/2007	60.3	62.59	60	61.84	4267600	58.05
08/08/2007	62.74	64.45	62.37	64.07	3569100	60.15
09/08/2007	61.04	62.02	60.27	60.6	5865900	56.89
10/08/2007	58.12	59.02	56.8	58.75	7815400	55.15
13/08/2007	60.98	61.2	59.59	59.74	3053000	56.08
14/08/2007	59.56	60	57.35	57.67	3188900	54.14
15/08/2007	54.9	57.04	54.05	54.32	5551400	50.99
16/08/2007	52.39	52.78	49.42	52.27	11501300	49.07
17/08/2007	55.32	55.5	52.58	54.8	8434500	51.44
20/08/2007	56.35	56.94	55	56.52	5159500	53.06
21/08/2007	56.01	58.41	55.66	57.6	4682300	54.07
22/08/2007	59.54	59.93	58.95	59.59	4517100	55.94
23/08/2007	61.15	61.25	59.5	60.96	4834700	57.23
24/08/2007	60.66	62.3	60.18	62.29	2687900	58.48
27/08/2007	62.25	62.98	61.63	62.01	1603800	58.21
28/08/2007	61.26	61.46	59.52	59.71	2866500	56.05
29/08/2007	61.16	62.45	60.5	62.42	3735000	58.6
30/08/2007	61.56	63.23	61.31	61.81	2638100	58.03
31/08/2007	63.99	64.2	63.14	63.15	2794900	59.28
04/09/2007	62.33	64.69	62.32	64.22	3200900	60.29
05/09/2007	63.38	63.69	62.54	62.79	2947000	58.95
06/09/2007	64.2	66.42	63.81	66.19	4290000	62.14
07/09/2007	64.51	65.14	63.6	64.18	3170000	60.25
10/09/2007	64.24	64.24	62.32	63.46	2447700	59.57
11/09/2007	63.95	66.34	63.95	65.85	3269800	61.82
12/09/2007	64.15	65.18	64	64.74	3321400	61.28
13/09/2007	65.58	66.81	65.35	66.17	2927700	62.63
14/09/2007	65.03	66.33	64.63	65.94	2155000	62.41
17/09/2007	65.2	65.74	64.25	64.44	1596000	60.99
18/09/2007	66.33	68.99	65.95	68.57	5195300	64.9
19/09/2007	70.5	71.8	70.05	70.4	5451500	66.64
20/09/2007	71.06	72.24	70.8	71.34	3082300	67.53
21/09/2007	72.73	73.19	72.35	72.53	3291900	68.65
24/09/2007	76.52	77.66	75.8	75.94	8550600	71.88
25/09/2007	75.17	77	75	77	4819500	72.88
26/09/2007	76.15	76.79	74.32	75.71	4703500	71.66
27/09/2007	76.1	77.97	75.92	77.65	4848000	73.5
28/09/2007	77.75	78.71	77.37	78.6	3268200	74.4
01/10/2007	79.69	82.3	79.61	81.88	4610200	77.5
02/10/2007	80.21	80.29	77.85	79.8	5120600	75.53
03/10/2007	79.04	79.24	77.74	78.18	3915300	74
04/10/2007	77.3	78.28	76.6	78.26	3310800	74.08
05/10/2007	78.7	80.39	78.07	79.52	4053400	75.27
08/10/2007	78.11	78.51	77.41	78.44	3051700	74.25
09/10/2007	78.9	81.58	78.66	81.48	3923500	77.12
10/10/2007	81.8	82.84	81.01	82.04	4051700	77.65
11/10/2007	83.97	86.95	82.5	83.66	9746200	79.19
12/10/2007	84.5	85.78	83.52	84.75	4915100	80.22
15/10/2007	85.46	85.92	82.71	83.2	4861600	78.75
16/10/2007	82.89	83.38	81.85	82	4368900	77.62
17/10/2007	83.54	83.85	81.6	82.86	4568800	78.43
18/10/2007	83.44	85.69	83.2	85.67	3159300	81.09
19/10/2007	85.25	85.25	82.45	82.64	6081900	78.22
22/10/2007	80.12	80.98	78.71	80.94	7454800	76.61
23/10/2007	82.75	84.32	82.43	83.88	4913900	79.4
24/10/2007	82.26	82.38	78.94	81.35	7056900	77
25/10/2007	81.29	82.65	80.9	82.4	4195500	77.99
26/10/2007	84.52	86.4	83.9	86.16	3856100	81.55
29/10/2007	87.11	87.43	85.95	87.33	3864500	82.66
30/10/2007	84.93	85.32	84.04	84.23	4505400	79.73
31/10/2007	84.5	87.37	84.23	87.26	5296400	82.59
01/11/2007	83.95	84.36	82.11	82.43	6495100	78.02
02/11/2007	83.09	83.73	80.88	83.73	6253900	79.25
05/11/2007	79.1	80.56	78.26	79.58	7333600	75.33
06/11/2007	82.33	83.79	82.32	83.48	5105800	79.02
07/11/2007	83.55	84	80.01	80.35	5414700	76.05
08/11/2007	80	80.46	75.44	76.85	16105500	72.74
09/11/2007	77.05	78	75	75.81	7525200	71.76
12/11/2007	74.84	75.62	71	71	7161600	67.2
13/11/2007	73.18	75.37	73.18	75.23	8261100	71.21
14/11/2007	76.49	76.6	74.1	75.84	5822000	71.79
15/11/2007	73.35	75.85	72.52	74.1	7920500	70.14
16/11/2007	74.04	75.35	72.67	74.73	4339800	70.73
19/11/2007	72.45	72.45	69.3	70.84	6046600	67.05
20/11/2007	70	73.25	70	72.71	7759700	68.82
21/11/2007	70.45	70.54	68.8	69.85	7641000	66.12
23/11/2007	71.61	73.12	71.55	72.82	2325400	68.93
26/11/2007	72.56	73.45	70.63	70.97	4021500	67.18
27/11/2007	71.3	72.85	70.1	72.53	6254600	68.65
28/11/2007	71.75	75.3	71.57	74.91	4766000	70.91
29/11/2007	75.14	76.33	74.3	75.45	3630700	71.42
30/11/2007	76.99	76.99	74.88	75.83	3372200	71.78
03/12/2007	75.25	75.51	74.44	75.2	3309800	71.18
04/12/2007	74	74.69	73.28	74.59	3443300	70.6
05/12/2007	74.7	76.5	74.7	76.07	3225700	72
06/12/2007	74.85	77.35	74.44	77.23	3251600	73.1
07/12/2007	77.32	77.62	76.59	77	2796500	72.88
10/12/2007	78	78.75	77.74	78.05	1954300	73.88
11/12/2007	78	78.25	75.27	75.87	3280200	71.81
12/12/2007	77.06	77.68	75.27	76.18	2450600	72.11
13/12/2007	74.4	74.65	72.87	74.34	3514300	70.37
14/12/2007	70.8	71.35	70.5	71.07	4682500	67.27
17/12/2007	69.2	69.2	67.2	67.79	4753600	64.17
18/12/2007	69.21	69.78	67.53	69.3	3105800	65.6
19/12/2007	68.34	69.29	67.7	68.98	3768200	65.29
20/12/2007	68.31	68.8	67.2	68.5	3282000	64.84
21/12/2007	69.76	70.88	69.55	70.69	3496500	66.91
24/12/2007	71.68	71.8	70.1	70.95	708000	67.16
26/12/2007	71	72.99	70.7	72.37	1886700	68.5
27/12/2007	71.8	71.81	70.71	71.18	1379800	67.37
28/12/2007	71.99	71.99	70.62	71.36	1079600	67.54
31/12/2007	70.83	70.83	69.41	70.04	1115800	66.3
02/01/2008	71.05	71.27	69.7	70.41	2793400	66.65
03/01/2008	70.5	72.65	70.25	72.25	3519300	68.39
04/01/2008	71.2	71.2	68.55	69.29	3578400	65.59
07/01/2008	68.73	69.16	66.5	68.42	5050500	64.76
08/01/2008	69.3	70.44	68.03	68.07	3701500	64.43
09/01/2008	67.67	68.87	66.7	68.69	4807800	65.02
10/01/2008	67.2	70.7	67.14	70.43	4485700	66.66
11/01/2008	67.65	68.85	67.19	67.69	3659500	64.07
14/01/2008	69.41	70.65	68.9	70.49	3799700	66.72
15/01/2008	68.8	68.89	65.83	66.18	5158800	62.64
16/01/2008	64.5	65.73	62.09	63.62	8148400	60.22
17/01/2008	63.08	63.7	59.7	60.68	11527700	57.44
18/01/2008	61.77	63.14	59.42	60.72	6719800	57.47
22/01/2008	53.72	59.05	53.72	57.82	8966100	54.73
23/01/2008	55.25	61.07	55.15	60.65	7865700	57.41
24/01/2008	61.1	63.08	61.06	62.29	5278200	58.96
25/01/2008	65	65.95	62.73	63.42	4701500	60.03
28/01/2008	62.82	65.05	62.3	64.6	3462400	61.15
29/01/2008	65.68	65.89	64	65.16	4961200	61.68
30/01/2008	66.61	67.08	64.9	65.66	4696200	62.15
31/01/2008	65.66	68.08	65.3	67.57	4520600	63.96
01/02/2008	74	74.72	72.04	73.72	7710400	69.78
04/02/2008	74.15	74.15	72.35	72.48	4653100	68.61
05/02/2008	71.01	71.48	69.23	69.48	4958800	65.77
06/02/2008	67.3	67.9	65.78	66.1	6935300	62.57
07/02/2008	64.86	66.89	64.39	66.35	5078800	62.8
08/02/2008	64.74	66.49	64.74	65.8	4061800	62.28
11/02/2008	65.07	66.05	64.33	65.84	3896000	62.32
12/02/2008	67.43	69.05	67.35	67.8	4191100	64.18
13/02/2008	68.89	68.9	67.5	68.66	4395500	64.99
14/02/2008	70.15	70.65	68.43	69.09	3830500	65.4
15/02/2008	68.93	70.22	68.54	70	3765300	66.26
19/02/2008	73.01	74.56	73.01	73.24	4781600	69.32
20/02/2008	70.6	72.9	70.38	72.41	4122100	68.54
21/02/2008	73.9	73.98	71.61	71.89	4089400	68.05
22/02/2008	73.6	74.11	71.36	73.83	3918500	69.88
25/02/2008	72.17	74.25	71.63	73.9	3797100	69.95
26/02/2008	73	74.49	72.52	73.81	3884900	69.86
27/02/2008	73.86	75.82	73.5	75.01	3802400	71.56
28/02/2008	74.27	76.18	73.81	75.75	4401400	72.27
29/02/2008	74.84	75.09	72.6	73.18	3606100	69.82
03/03/2008	72.34	73.68	72.24	73.12	2941700	69.76
04/03/2008	73	73.3	70.2	71.6	6364500	68.31
05/03/2008	73.1	74.84	72.76	74.3	4469600	70.88
06/03/2008	75.38	75.91	73.22	73.35	7316200	69.98
07/03/2008	71.77	72.47	69.79	70.88	5474200	67.62
10/03/2008	68.76	69	66.14	66.16	6732100	63.12
11/03/2008	67.6	68.69	66.78	68.43	4306100	65.28
12/03/2008	70.27	70.72	69.44	69.58	3856600	66.38
13/03/2008	68.45	70.86	67.93	70.01	4961600	66.79
14/03/2008	72.7	72.71	70.26	70.61	5704900	67.36
17/03/2008	66.9	68.9	64.6	66.82	5326700	63.75
18/03/2008	67.7	69.3	67.39	68.71	3662400	65.55
19/03/2008	67.59	67.87	63.66	63.99	5769600	61.05
20/03/2008	61.09	63.58	60.57	62.81	6262500	59.92
24/03/2008	63	64.5	62.43	63.74	3530900	60.81
25/03/2008	64	64.95	63.35	64.43	3921700	61.47
26/03/2008	64.91	65.62	64.32	65.16	3519800	62.16
27/03/2008	66.97	67.08	64.96	65.06	3493600	62.07
28/03/2008	66.27	66.49	65.33	65.56	2249300	62.55
31/03/2008	65.96	66.8	64.94	65.85	3063900	62.82
01/04/2008	65.21	67.05	65.17	66.91	4554300	63.83
02/04/2008	68.21	68.37	67.28	67.83	4582700	64.71
03/04/2008	68.4	71.11	68.4	70.55	8102600	67.31
04/04/2008	71.99	74.17	71.32	73.22	4974600	69.85
07/04/2008	74.72	76.49	74.5	75.07	5267400	71.62
08/04/2008	73.66	80.28	73.45	79	12835000	75.37
09/04/2008	78.95	79.95	77.73	78.31	4606600	74.71
10/04/2008	77.18	78.66	76.4	77.97	2952800	74.39
11/04/2008	77.02	78.09	76.66	77.05	2111200	73.51
14/04/2008	77.52	77.55	76.11	76.81	1834400	73.28
15/04/2008	78.2	79.98	78.14	79.8	4694200	76.13
16/04/2008	80.82	82.49	80.67	82.27	8052400	78.49
17/04/2008	81.02	81.88	80.25	80.58	4194600	76.88
18/04/2008	78.74	81.34	78.56	80.96	4868000	77.24
21/04/2008	81.85	83.85	81.43	83.55	4835500	79.71
22/04/2008	82.57	84.57	82.56	82.99	4324600	79.18
23/04/2008	84.53	86.41	84	85.32	4979700	81.4
24/04/2008	82.71	83.03	80.9	82.52	4166100	78.73
25/04/2008	82.59	85.05	82.13	84.5	2769800	80.62
28/04/2008	84.02	84.38	82.53	82.53	3299700	78.74
29/04/2008	80.78	81.27	79.07	79.4	4058700	75.75
30/04/2008	79.65	81.48	79.45	80.66	4258600	76.95
01/05/2008	81.23	81.77	78.1	80	5500900	76.32
02/05/2008	82.15	84.12	81.28	84	4300600	80.14
05/05/2008	84.38	85.68	83.63	84.93	4853900	81.03
06/05/2008	84.8	87.35	84.26	86.83	4746400	82.84
07/05/2008	85.25	85.73	82.71	82.71	3862100	78.91
08/05/2008	86.67	87.8	86.32	86.7	7156300	82.71
09/05/2008	85.9	88.05	85.48	87.92	4290600	83.88
12/05/2008	86.89	88.27	86.21	88.27	3848500	84.21
13/05/2008	88.27	88.94	87.28	87.8	6059900	83.76
14/05/2008	90.4	92.58	90.21	90.21	6290400	86.06
15/05/2008	91.71	94.14	91	93.42	6968000	89.13
16/05/2008	94.5	95.56	93.84	95	4320600	90.63
19/05/2008	94.41	95.61	93.4	93.49	3736400	89.19
20/05/2008	90.1	91.24	88.56	89.69	7023400	85.57
21/05/2008	89.98	92.11	88.6	88.88	3745600	84.79
22/05/2008	93.13	93.83	91.59	92.3	5182700	88.06
23/05/2008	91.09	91.59	88.55	89.5	4312500	85.39
27/05/2008	87.85	88.55	87.32	88.02	3808200	83.97
28/05/2008	87.14	88.6	85.92	88.6	4643800	84.53
29/05/2008	87.16	87.16	85.35	85.75	4274800	81.81
30/05/2008	84.46	85.3	83.58	84.34	4045500	80.46
02/06/2008	84.87	86.43	84.44	85.55	3341900	81.62
03/06/2008	84.76	85.02	82.48	83.33	4149700	79.5
04/06/2008	82.89	83.84	82.3	82.86	5244900	79.05
05/06/2008	80.8	84.49	80.8	84.2	5426200	80.33
06/06/2008	84.29	86.16	83.82	83.82	4709700	79.97
09/06/2008	84.96	84.96	81.63	82.84	3689100	79.03
10/06/2008	80.34	81.39	80.08	80.64	5202000	76.93
11/06/2008	80.56	81.32	79.36	80.35	5479800	76.66
12/06/2008	80.58	80.87	79.22	79.22	4491400	75.58
13/06/2008	79.96	82.61	79.49	82.28	4509100	78.5
16/06/2008	83.3	83.6	82.67	83.08	3067200	79.26
17/06/2008	85.31	86.78	85.1	85.82	4067400	81.88
18/06/2008	84.3	86.37	83.62	85.49	4561700	81.56
19/06/2008	87.23	87.9	86.25	86.77	3655300	82.78
20/06/2008	84.98	85.1	82.71	83.62	2912700	79.78
23/06/2008	83.75	86.35	83.64	85.73	3690300	81.79
24/06/2008	85.56	85.97	84.57	85.05	5062200	81.14
25/06/2008	83.25	84.05	82.05	83.07	5131700	79.25
26/06/2008	82.7	83.27	80.59	81.11	5019000	77.38
27/06/2008	82.66	84.29	82.53	82.91	5009100	79.1
30/06/2008	85.21	86.02	84.9	85.19	5673800	81.27
01/07/2008	82.53	83.72	81.19	82.86	3947900	79.05
02/07/2008	82.56	83.06	77.62	77.75	6914400	74.18
03/07/2008	78	78.5	76.2	77.29	3822500	73.74
07/07/2008	77.01	78.48	75.28	76.4	4657800	72.89
08/07/2008	77	77	72.9	75.3	6985300	71.84
09/07/2008	76.08	77.1	74.46	74.73	4550400	71.3
10/07/2008	75.88	77.24	75.03	76.62	4063900	73.1
11/07/2008	76.71	78.07	75.25	76.78	2928400	73.25
14/07/2008	78.85	78.99	76.73	77.15	4472400	73.6
15/07/2008	76.18	76.56	74.31	74.66	4217800	71.23
16/07/2008	73	73.98	71.62	73.98	7166400	70.58
17/07/2008	73.66	74.85	70.55	71.55	5889500	68.26
18/07/2008	70.85	72.56	70.84	71.86	3377600	68.56
21/07/2008	74.17	75.09	73.24	74.82	4168500	71.38
22/07/2008	74.29	74.57	72.54	73.72	4438800	70.33
23/07/2008	73.56	73.94	72.49	72.95	3847400	69.6
24/07/2008	71.92	72.15	69.22	69.45	5831200	66.26
25/07/2008	70	71.13	69.3	70.9	4116400	67.64
28/07/2008	73.04	73.79	72.06	72.06	2615700	68.75
29/07/2008	75.25	75.5	73.21	73.79	3684100	70.4
30/07/2008	74.88	76.07	74.38	75.85	4834200	72.36
31/07/2008	76.33	76.65	74.36	74.66	4358600	71.23
01/08/2008	72.22	72.49	69.87	70.25	3673600	67.02
04/08/2008	69.6	69.67	66.76	67.62	7411800	64.51
05/08/2008	67.12	67.71	64.83	66.21	5665300	63.17
06/08/2008	68.74	69.41	67.73	69.1	4200000	65.92
07/08/2008	69.33	69.44	67.04	67.04	3567900	63.96
08/08/2008	65.45	65.9	64.54	65.77	3405400	62.75
11/08/2008	64.63	65.22	63.15	63.96	3229600	61.02
12/08/2008	63.73	64.47	63.06	64.4	4603500	61.44
13/08/2008	64.08	66.94	64.01	66.6	6282000	63.54
14/08/2008	67.42	68.34	65.91	66.4	4603100	63.35
15/08/2008	65.01	65.28	64.09	65.22	3754900	62.22
18/08/2008	66.4	67.12	64.74	65.48	3534900	62.47
19/08/2008	64.01	66.57	63.28	66.44	5557600	63.39
20/08/2008	68.12	69.47	68.05	69.47	4066700	66.28
21/08/2008	70.54	71.18	70.2	70.89	3985200	67.63
22/08/2008	70	71.19	68.62	69.54	3438900	66.34
25/08/2008	69.27	70.34	68.03	68.37	2132800	65.23
26/08/2008	68.86	69.75	68.49	69.69	2088200	66.49
27/08/2008	70.27	71.16	69.9	70.94	1748600	67.68
28/08/2008	72.35	72.8	70.35	72	1882700	68.69
29/08/2008	71.48	71.58	70.26	70.51	1141400	67.27
02/09/2008	64.4	64.81	63.9	64.75	4951300	61.77
03/09/2008	62.89	63.83	61.29	61.86	8053100	59.77
04/09/2008	62.25	62.87	58.83	59.76	5393400	57.74
05/09/2008	59.37	59.74	57.34	59.71	8086400	57.7
08/09/2008	61.5	61.86	58.23	59.63	7116600	57.62
09/09/2008	57.81	57.88	54.45	54.45	9095000	52.61
10/09/2008	55.8	58.07	54.89	57.25	6088500	55.32
11/09/2008	55.4	57.14	54	56.43	8536100	54.53
12/09/2008	58.65	61.7	58.62	61.5	7118300	59.43
15/09/2008	58.27	59.41	55.33	55.99	6819800	54.1
16/09/2008	54.68	58.21	54.23	57.7	12161100	55.75
17/09/2008	55	55.77	51.58	54.6	11854300	52.76
18/09/2008	54.03	58.52	53.51	57.26	10666600	55.33
19/09/2008	61.99	63	59.92	62.75	7243100	60.63
22/09/2008	64.55	68.68	63.5	65.18	7675600	62.98
23/09/2008	63.32	64.7	61.01	61.77	3797900	59.69
24/09/2008	61.94	62.34	61.11	61.15	3781500	59.09
25/09/2008	60.86	62.76	60.51	62.27	2491500	60.17
26/09/2008	58.83	59.5	57.27	58.86	2907000	56.87
29/09/2008	54.45	55.2	49.36	50.5	7442200	48.8
30/09/2008	51.68	52.78	51.28	51.99	3799000	50.24
01/10/2008	52.08	52.25	48.91	51.35	4886800	49.62
02/10/2008	48.56	48.63	45.6	45.77	5992900	44.23
03/10/2008	46.64	50.42	46.22	47.1	5572500	45.51
06/10/2008	43.91	44.55	39.89	42.99	9807200	41.54
07/10/2008	45.32	45.52	41.6	41.6	6571400	40.2
08/10/2008	38.99	43.88	38.24	41.32	9702200	39.93
09/10/2008	43.1	43.62	38.28	38.68	5401600	37.38
10/10/2008	35.23	38.75	33.51	37.25	11816300	35.99
13/10/2008	40.46	44.67	40.16	43.98	5111900	42.5
14/10/2008	44.67	45.05	41.04	42.45	5203000	41.02
15/10/2008	38.85	39.54	34.9	35.17	7507200	33.98
16/10/2008	35.54	36.11	31.64	36.01	9181900	34.8
17/10/2008	33.14	36.9	32.92	35.07	8504700	33.89
20/10/2008	37.04	39.95	36.29	39.43	6453700	38.1
21/10/2008	37.76	38.68	36.67	37.29	6424800	36.03
22/10/2008	34.31	34.44	31.16	32.25	10199500	31.16
23/10/2008	30.56	32.35	29.05	31.34	15763000	30.28
24/10/2008	28.84	32.68	28.81	31.06	7636500	30.01
27/10/2008	30	31.24	29.26	29.52	6783700	28.52
28/10/2008	32.8	34	29.07	33.86	6420000	32.72
29/10/2008	35.02	37.53	34.82	36.42	7444300	35.19
30/10/2008	38.54	39.21	36.55	38.27	7037900	36.98
31/10/2008	37.76	40.18	37.35	38.88	7203300	37.57
03/11/2008	38.78	40.19	38.5	39.28	4869700	37.96
04/11/2008	41.71	43.22	41.01	42.77	4327200	41.33
05/11/2008	42.25	44.15	40.26	40.36	5814300	39
06/11/2008	38.65	38.97	35.11	35.6	7150700	34.4
07/11/2008	36.4	38.69	36.26	38.06	4577100	36.78
10/11/2008	41.62	41.72	39.22	39.69	5067200	38.35
11/11/2008	37.86	38.5	36.06	37.04	4921500	35.79
12/11/2008	34.68	34.99	32.67	32.93	7277800	31.82
13/11/2008	32.51	35.9	30.8	35.9	8342400	34.69
14/11/2008	33.39	34.49	32.1	32.64	7187600	31.54
17/11/2008	32.23	32.93	30.98	31.65	4646200	30.58
18/11/2008	31.1	32.05	30.3	31.58	4540200	30.51
19/11/2008	30.55	31.2	28.19	28.32	6529200	27.36
20/11/2008	27.29	27.37	24.53	24.62	8339100	23.79
21/11/2008	27.99	29.13	26.8	29.13	7477800	28.15
24/11/2008	30.99	34.79	30.63	33.42	9153100	32.29
25/11/2008	39.43	39.92	36.55	38.27	19325400	36.98
26/11/2008	37.77	39.44	37.58	38.99	10160800	37.67
28/11/2008	39.97	40.4	39.5	40.02	3459200	38.67
01/12/2008	37.85	37.85	35.77	35.77	4907300	34.56
02/12/2008	35.49	36.87	35.2	36.44	7305100	35.21
03/12/2008	34.88	37.35	34.52	36.98	7060900	35.73
04/12/2008	34.93	36.74	34.2	34.81	7644200	33.64
05/12/2008	33.17	35.46	32.33	35.23	6655000	34.04
08/12/2008	37.3	39.43	37.21	38.35	5585100	37.06
09/12/2008	37.95	39.69	37.33	38.21	6583100	36.92
10/12/2008	41.3	42.99	41	41.77	8323800	40.36
11/12/2008	40.45	41.93	39.65	39.97	6015100	38.62
12/12/2008	39.09	40.79	38.6	40.14	6371600	38.79
15/12/2008	42.48	43.15	41.07	41.62	5344600	40.22
16/12/2008	41.35	44.32	41.28	44.32	4914700	42.83
17/12/2008	42.99	45.36	42.93	44.68	7132000	43.17
18/12/2008	43.42	43.69	40.65	41.05	5228000	39.67
19/12/2008	40.52	42.34	40.48	41.38	4310800	39.98
22/12/2008	41.28	41.78	38.94	39.59	4311000	38.25
23/12/2008	39.87	40.67	39.07	39.21	3432600	37.89
24/12/2008	38.77	39.94	38.62	39.71	801300	38.37
26/12/2008	39.76	40.67	39.27	40.4	905100	39.04
29/12/2008	40.97	41.19	39.75	40.29	3034500	38.93
30/12/2008	41.07	42	40.65	41.94	2943400	40.53
31/12/2008	42.24	43.27	41.98	42.9	3258900	41.45
02/01/2009	43.87	46.22	43.85	45.51	3814500	43.98
05/01/2009	45.01	46.79	44.76	45.56	5154500	44.02
06/01/2009	47.91	48.76	47.11	48	8599100	46.38
07/01/2009	46.21	46.37	43.98	44.4	4729300	42.9
08/01/2009	43.61	44.87	43.51	44.81	4104900	43.3
09/01/2009	45.4	45.44	43.36	43.88	3184700	42.4
12/01/2009	42.32	42.47	40.49	40.85	4054700	39.47
13/01/2009	40.34	41.79	40.14	41.21	2984600	39.82
14/01/2009	39.47	39.48	37.75	38.55	6451900	37.25
15/01/2009	38.59	40.32	36.99	39.78	6012100	38.44
16/01/2009	40.81	41.02	38.86	40.45	4335500	39.09
20/01/2009	37.99	38.37	36.28	36.31	6462100	35.09
21/01/2009	37	38.9	36.2	38.8	4226700	37.49
22/01/2009	37.47	38.31	36.57	37.37	3230500	36.11
23/01/2009	35.5	38.29	35.33	37.88	4611500	36.6
26/01/2009	38.36	39.75	37.71	38.02	7103800	36.74
27/01/2009	39.71	40.53	38.68	39.92	5782000	38.57
28/01/2009	41.91	42.54	41.12	41.63	8025700	40.23
29/01/2009	40.3	40.69	39.2	39.54	5503400	38.21
30/01/2009	38.8	39.25	37.3	37.54	5074000	36.27
02/02/2009	36.39	38.03	36.16	37.7	5812800	36.43
03/02/2009	37.63	39.11	37.14	39.01	5366800	37.69
04/02/2009	40.71	41.89	40.33	40.34	11790700	38.98
05/02/2009	41.49	43.2	40.66	42.4	6133600	40.97
06/02/2009	43.58	45.77	43.31	45.44	10230200	43.91
09/02/2009	46.79	47.34	44.99	46.06	7999200	44.51
10/02/2009	44.94	45.61	41.45	41.86	8686100	40.45
11/02/2009	42.38	43.14	40.88	42.44	6547900	41.01
12/02/2009	39.95	42.37	39.16	42.11	6772500	40.69
13/02/2009	41.9	43.33	41.6	42.88	5539400	41.43
17/02/2009	39.18	39.35	38.29	38.85	5553500	37.54
18/02/2009	38.72	38.72	37.19	38.62	4953800	37.32
19/02/2009	39.34	40	38.88	39.01	4561400	37.69
20/02/2009	38.36	39.6	38.14	39.22	6017200	37.9
23/02/2009	39.78	39.85	36.81	36.85	5239500	35.61
24/02/2009	37.75	39.92	37.36	39.7	5407100	38.36
25/02/2009	37.92	38.04	36.5	37.46	5513100	36.96
26/02/2009	38.36	38.58	36.84	37.14	4931300	36.64
27/02/2009	35.34	37.5	35.19	36.42	4802700	35.93
02/03/2009	34.86	35.48	33.09	33.56	6029100	33.11
03/03/2009	34.84	35.83	34.04	35.05	5122500	34.58
04/03/2009	36.96	38.9	36.86	38.1	9946600	37.59
05/03/2009	35.65	36.92	35.17	35.52	7187300	35.05
06/03/2009	38.06	38.83	36.45	37.13	10117200	36.63
09/03/2009	35.59	37.37	35.56	36.35	4896300	35.86
10/03/2009	38.43	40.38	38.22	39.93	7966500	39.4
11/03/2009	40.93	41.63	40.24	40.7	9895400	40.16
12/03/2009	39.32	41.14	38.73	40.79	8014800	40.25
13/03/2009	42.35	42.5	41.27	41.73	5377700	41.17
16/03/2009	41.75	42.66	41.27	41.27	5072000	40.72
17/03/2009	40.59	41.99	40.1	41.93	6192100	41.37
18/03/2009	41.07	43.22	39.81	42.83	6419400	42.26
19/03/2009	45.2	46.15	44.71	45.07	9766200	44.47
20/03/2009	45.25	46.09	44.44	44.49	5387200	43.9
23/03/2009	47.09	48.1	46.3	48.08	5698900	47.44
24/03/2009	46.25	47.08	45.5	45.5	6907300	44.89
25/03/2009	45.07	46.75	44.85	46.12	6048400	45.5
26/03/2009	47.31	48.7	46.85	48.45	6887500	47.8
27/03/2009	45.14	46.49	45.14	45.94	4862400	45.33
30/03/2009	42.74	43.15	42.33	43.06	4930500	42.49
31/03/2009	45.15	45.81	44.25	44.6	5042400	44
01/04/2009	43.49	45.72	43.36	45.46	4692000	44.85
02/04/2009	48.73	50.33	48.3	49.24	7251800	48.58
03/04/2009	48.37	49.9	48.21	49.34	5199900	48.68
06/04/2009	46.89	47.79	46.44	47.53	5880000	46.9
07/04/2009	45.31	46.84	45.21	45.76	4849300	45.15
08/04/2009	46.2	46.45	44.69	45.62	4848600	45.01
09/04/2009	47.21	47.25	46.48	46.78	5866700	46.16
13/04/2009	46.99	49.24	46.47	48.54	5278400	47.89
14/04/2009	47.63	49.1	47.2	47.64	4275400	47
15/04/2009	46.95	48.62	46.89	48.57	4885300	47.92
16/04/2009	48.48	48.83	47.19	48.41	4365100	47.76
17/04/2009	47.74	48.15	47.15	47.88	3435700	47.24
20/04/2009	45.31	45.42	44.23	44.38	4727000	43.79
21/04/2009	43.62	45.88	43.49	45.74	5000000	45.13
22/04/2009	43.97	46.2	43.78	45.18	6446100	44.58
23/04/2009	45.81	46.88	45.67	46.56	4894600	45.94
24/04/2009	47.14	48.05	46.88	47.4	3747700	46.77
27/04/2009	45.43	46.45	45.25	45.93	3967900	45.32
28/04/2009	44.89	45.9	44.68	45.39	3989200	44.78
29/04/2009	45.94	48.32	45.84	47.76	6351900	47.12
30/04/2009	48.59	49.39	47.84	48.14	5578400	47.5
01/05/2009	48.51	50.11	48.11	49.44	4791700	48.78
04/05/2009	49.76	52.09	49.74	51.7	6393900	51.01
05/05/2009	51.95	52.08	50.36	51.05	3598400	50.37
06/05/2009	52.03	53.37	51.94	52.66	7455100	51.96
07/05/2009	53.48	53.96	51.42	51.96	6135100	51.27
08/05/2009	53.08	54.78	52.78	54.45	4962500	53.72
11/05/2009	52.35	53.47	51.88	53.05	4160400	52.34
12/05/2009	52.95	53.29	51.02	52.28	6192000	51.58
13/05/2009	50.08	50.39	48.99	49.53	9421800	48.87
14/05/2009	48.95	50.36	48.61	50.19	5315200	49.52
15/05/2009	50.35	50.87	48.99	49.43	3782300	48.77
18/05/2009	50.48	51.82	50.46	51.75	4325800	51.06
19/05/2009	52.66	53.9	52.35	53.04	5138300	52.33
20/05/2009	53.29	55.08	53.21	53.34	5762700	52.63
21/05/2009	51.98	52.63	51.25	52.2	4239700	51.5
22/05/2009	52.84	53.47	52.43	52.57	3602200	51.87
26/05/2009	51.77	55.18	51.7	54.8	5912500	54.07
27/05/2009	54.61	55.07	52.82	52.95	4820000	52.24
28/05/2009	53.64	54.83	52.72	54.68	5052900	53.95
29/05/2009	56.21	56.73	55.55	56.24	4055100	55.49
01/06/2009	58.89	60.32	58.88	59.27	6661700	58.48
02/06/2009	59.69	60.85	59.06	60.08	6600400	59.28
03/06/2009	58.65	58.81	56.58	57.49	6533300	56.72
04/06/2009	55.7	57.31	54.62	57.04	7897700	56.28
05/06/2009	61	61.42	59.9	60.29	6795300	59.49
08/06/2009	58.05	59.24	57.13	58.73	5460900	57.95
09/06/2009	58.91	60.44	58.2	59.85	6133300	59.05
10/06/2009	62.18	62.18	59.07	60.58	7452500	59.77
11/06/2009	60.18	62.92	59.73	61.86	7082100	61.03
12/06/2009	59.19	60.23	59	60.21	7064300	59.41
15/06/2009	58.78	58.78	56.83	57.48	4753100	56.71
16/06/2009	57.97	58.24	55.3	55.83	9548900	55.08
17/06/2009	54.94	56.05	53.56	55.26	10797400	54.52
18/06/2009	54.51	56	54.13	55.45	5564500	54.71
19/06/2009	56.63	56.89	55.77	56.1	3642100	55.35
22/06/2009	54.54	55.27	53.08	53.15	5576500	52.44
23/06/2009	53.75	54.27	52.18	53.98	5120600	53.26
24/06/2009	54.67	55.64	53.64	54.17	4492500	53.45
25/06/2009	53.58	55.95	53.47	55.84	5334000	55.09
26/06/2009	54.39	55.04	53.97	54.62	3707300	53.89
29/06/2009	55.28	55.67	54.56	55.4	3198200	54.66
30/06/2009	56	56.13	54.32	54.73	3630200	54
01/07/2009	56.45	56.96	55.47	55.5	4381400	54.76
02/07/2009	54.02	54.08	52.84	53.58	4578600	52.86
06/07/2009	50.57	51.12	49.91	50.71	6906500	50.03
07/07/2009	51.6	51.7	49.53	49.54	6411500	48.88
08/07/2009	50.55	51.46	49.07	50.17	5820800	49.5
09/07/2009	51.39	51.53	50.5	50.55	3528500	49.88
10/07/2009	50.12	50.99	49.73	50.33	2451600	49.66
13/07/2009	50.54	51.78	49.85	51.63	3522200	50.94
14/07/2009	53.16	53.72	52.82	53.3	4387100	52.59
15/07/2009	55.47	56.29	55.27	56.13	3880100	55.38
16/07/2009	56.24	57.06	55.75	56.66	3360700	55.9
17/07/2009	56.3	57.54	56.04	57.11	2621500	56.35
20/07/2009	58.86	59.45	58.16	59.4	3168700	58.61
21/07/2009	60.46	60.53	58.64	59.56	6677000	58.76
22/07/2009	58.32	59.9	58.19	59.42	5089300	58.63
23/07/2009	59.92	62	59.9	61.37	5455200	60.55
24/07/2009	61.03	61.87	60.41	61.5	3263400	60.68
27/07/2009	62	62.06	60.84	61.83	3031500	61
28/07/2009	61.31	61.91	60.57	61.63	5918400	60.81
29/07/2009	60.49	60.52	59.09	59.83	6801500	59.03
30/07/2009	62.39	63.1	61.9	62.46	4759900	61.63
31/07/2009	62.01	63.51	61.75	62.96	3382500	62.12
03/08/2009	65.12	66.63	64.81	66.31	5670300	65.42
04/08/2009	65.03	66.14	64.85	65.9	4566500	65.02
05/08/2009	65.21	65.6	63.92	65.23	5362000	64.36
06/08/2009	64.79	65.21	63.31	64.07	6995500	63.21
07/08/2009	64.55	65.4	63.58	64.43	3726200	63.57
10/08/2009	62.46	62.8	61.85	62.53	3166700	61.7
11/08/2009	61.75	62.15	61.02	61.91	3505800	61.08
12/08/2009	61.41	63.67	61.4	63.2	5938000	62.36
13/08/2009	64.53	65.2	63.51	65.06	3694100	64.19
14/08/2009	64.51	64.69	62.33	62.95	3984200	62.11
17/08/2009	60.13	60.59	59.53	60.2	4113300	59.4
18/08/2009	61.05	62.12	60.58	61.83	3377400	61
19/08/2009	59.87	62.17	59.85	61.63	3768800	60.81
20/08/2009	61.86	62.56	61.79	62.17	2725900	61.34
21/08/2009	62.52	63.76	62.4	63.06	4496400	62.22
24/08/2009	64.72	65.19	63.64	63.91	2933200	63.06
25/08/2009	64.16	64.65	62.71	62.85	3583900	62.01
26/08/2009	62.55	62.85	61.85	62.65	2956000	61.81
27/08/2009	62.65	63.87	61.68	63.66	3744800	62.81
28/08/2009	64.53	64.53	63.65	64.06	2745800	63.2
31/08/2009	61.92	62.56	61.92	62.3	2913300	61.47
01/09/2009	62.6	63.82	61.21	61.43	5096100	60.61
02/09/2009	60.45	61.29	60.07	60.87	3788000	60.87
03/09/2009	62.22	62.46	61.08	62	4217200	62
04/09/2009	61.93	62.62	61.4	62.52	3868200	62.52
08/09/2009	65.6	65.74	64.75	65.21	4262900	65.21
09/09/2009	65.35	65.4	64.09	64.94	5321800	64.94
10/09/2009	64.68	66.24	64.3	66.1	3490700	66.1
11/09/2009	67.64	67.83	66.32	66.57	4431700	66.57
14/09/2009	65.43	66.25	65.16	66.09	2999600	66.09
15/09/2009	65.82	67.1	65.53	66.85	2817900	66.85
16/09/2009	67.96	69.46	67.63	68.89	4887600	68.89
17/09/2009	68.25	69.22	67.8	68.05	3791400	68.05
18/09/2009	67.62	67.82	66.8	66.96	2799500	66.96
21/09/2009	65.27	65.74	63.85	65.58	3840600	65.58
22/09/2009	66.99	67.39	66.4	66.97	2540000	66.97
23/09/2009	67.2	67.27	65.55	65.63	4198000	65.63
24/09/2009	65.62	65.63	63.5	64.09	4116900	64.09
25/09/2009	64.25	65.35	63.5	64.18	3583600	64.18
28/09/2009	64.58	66.1	64.24	65.7	2872800	65.7
29/09/2009	66.12	66.53	65.51	65.9	2933700	65.9
30/09/2009	66.53	66.57	64.7	66.01	4844800	66.01
01/10/2009	64.74	64.92	62.76	62.87	4660900	62.87
02/10/2009	61.95	63.54	61.67	62.63	3033400	62.63
05/10/2009	63.39	64.82	63	64.69	3114000	64.69
06/10/2009	65.59	66.61	65.37	66.12	2995100	66.12
07/10/2009	66.66	67.2	66.24	67.08	2814900	67.08
08/10/2009	68.32	69.63	67.85	69.39	4222700	69.39
09/10/2009	68.14	68.8	67.8	68.74	3249000	68.74
12/10/2009	68.59	69.29	68.35	68.88	2758000	68.88
13/10/2009	68.58	68.95	67.82	68.68	3458300	68.68
14/10/2009	70.61	71.54	70.31	71.2	4411900	71.2
15/10/2009	71	72.31	70.72	72.23	6698700	72.23
16/10/2009	71.15	72.09	70.93	71.63	3513200	71.63
19/10/2009	72.2	74	71.86	73.6	4553900	73.6
20/10/2009	73.74	73.8	72.34	72.98	4273300	72.98
21/10/2009	72.44	74.89	72.43	73.42	6084400	73.42
22/10/2009	72.96	74.09	72.08	73.98	5283200	73.98
23/10/2009	74.43	74.5	72.27	72.97	4307000	72.97
26/10/2009	73.66	74.98	71.35	71.52	5458800	71.52
27/10/2009	71.72	72.14	70.33	70.51	4968000	70.51
28/10/2009	69.7	69.7	66.3	66.69	8557500	66.69
29/10/2009	68.44	69.45	67.81	69.14	6708000	69.14
30/10/2009	67.71	68.06	64.41	65.58	9240200	65.58
02/11/2009	65.99	67.58	65.09	66.48	4932300	66.48
03/11/2009	64.7	66.87	64.58	66.59	6510400	66.59
04/11/2009	67.64	68.25	66.94	67.17	5688600	67.17
05/11/2009	67.01	68.23	66.88	67.83	3759000	67.83
06/11/2009	67.26	68.56	67.12	67.96	3961600	67.96
09/11/2009	70.49	71.72	70.29	71.5	4606400	71.5
10/11/2009	71.18	71.96	70.68	71.66	3465900	71.66
11/11/2009	73.09	73.89	72.13	72.61	4030700	72.61
12/11/2009	72.77	73.23	71.36	71.57	5018700	71.57
13/11/2009	72.2	73.59	71.84	73.29	3568100	73.29
16/11/2009	74.5	76.48	74.4	76.11	3109600	76.11
17/11/2009	75.38	76.2	74.52	76.12	4203500	76.12
18/11/2009	76.12	76.49	75.14	75.8	3320300	75.8
19/11/2009	74.73	74.79	73.18	74.16	3899000	74.16
20/11/2009	72.72	73.56	72.31	73.36	2686900	73.36
23/11/2009	75.3	75.78	74.5	75.05	3817700	75.05
24/11/2009	75.16	75.24	73.82	74.29	4451000	74.29
25/11/2009	76.44	77.51	76.11	77.51	3176600	77.51
27/11/2009	73.55	75.4	73.3	74.69	2653500	74.69
30/11/2009	74.64	75.6	74.02	75.3	3810100	75.3
01/12/2009	76.9	78.01	76.41	77.25	3394400	77.25
02/12/2009	78.21	78.75	77.55	77.9	3304900	77.9
03/12/2009	78.01	78.63	76.99	77.13	3952200	77.13
04/12/2009	78.21	78.45	74.87	75.27	6885900	75.27
07/12/2009	74.54	76.01	74.47	74.87	5849500	74.87
08/12/2009	73.7	73.78	72.3	72.7	4689400	72.7
09/12/2009	72.47	73.68	72	73.56	5822700	73.56
10/12/2009	73.38	73.95	72.75	73.09	3793800	73.09
11/12/2009	74.13	74.39	73.4	73.75	3473500	73.75
14/12/2009	74.67	75.52	74.29	75.15	2594000	75.15
15/12/2009	74.11	75.32	73.88	74.16	2322800	74.16
16/12/2009	74.52	75.19	74.34	74.58	2738400	74.58
17/12/2009	73.34	73.56	72.1	72.3	2935200	72.3
18/12/2009	73.26	73.68	72.14	73.3	4162000	73.3
21/12/2009	73.27	74.03	72.33	72.53	3316900	72.53
22/12/2009	72.92	73.47	72.37	73.27	1973300	73.27
23/12/2009	73.75	75.5	73.61	75.24	3026500	75.24
24/12/2009	75.35	76.15	75.23	75.92	870900	75.92
28/12/2009	76.75	76.94	75.48	75.8	1703100	75.8
29/12/2009	77.55	77.7	76.09	76.35	2195600	76.35
30/12/2009	75.83	77.29	75.76	76.95	1418700	76.95
31/12/2009	77.37	77.72	76.55	76.58	990900	76.58
