Date	Open	High	Low	Close	Volume	Adj Close
03/01/2006	495.5	500	495.5	497.5	16783400	497.5
04/01/2006	500	501.5	494	498.5	26589900	498.5
05/01/2006	499	506	497	506	31462600	506
06/01/2006	508.5	515	507	514.5	22176000	514.5
09/01/2006	515	518	512	516	15492000	516
10/01/2006	512	514	508	510.5	18307100	510.5
11/01/2006	510.5	521	510.5	520.5	23001400	520.5
12/01/2006	519.5	521	518	519.5	16526500	519.5
13/01/2006	521	521.5	510.5	513	19742500	513
16/01/2006	511	514.5	508.5	512	11613500	512
17/01/2006	511	511	501.5	502.5	18247800	502.5
18/01/2006	499	500	493	496.5	13812900	496.5
19/01/2006	498.5	505	498.5	504	14877600	504
20/01/2006	502.5	505	489.5	491.5	17289600	491.5
23/01/2006	484.5	490	482	488.5	16787200	488.5
24/01/2006	488.5	490	482	485	16246300	485
25/01/2006	489	489	478	485	17182700	485
26/01/2006	488	493	485.5	490.5	15331400	490.5
27/01/2006	495	497	482.5	485	20760500	485
30/01/2006	483.5	485	472.5	478.5	22954900	478.5
31/01/2006	478.5	491.5	477	486	22826500	486
01/02/2006	498	507.5	483	502	67738200	502
02/02/2006	511	514.5	494	496.5	22145200	496.5
03/02/2006	497	505.5	494	505	15750000	505
06/02/2006	505	510	504.5	508	13522600	508
07/02/2006	511.5	516.5	507	510.5	13994100	510.5
08/02/2006	509	513	504	510	20676400	510
09/02/2006	509.5	521	507.5	518	16897000	518
10/02/2006	514.5	519	509	512.5	9959100	512.5
13/02/2006	516	517.5	509.5	516.5	8464600	516.5
14/02/2006	516.5	520.5	511	513.5	15756500	513.5
15/02/2006	513.5	519	510.5	517.5	10972300	517.5
16/02/2006	519.5	523.5	514.5	523.5	11229500	523.5
17/02/2006	522.5	535	520	532.5	25942300	532.5
20/02/2006	529.5	535.5	526	533.5	8801600	533.5
21/02/2006	537	537	528	529.5	12103500	529.5
22/02/2006	527	528	519	523	17904500	523
23/02/2006	521	526	516.5	521	13649500	521
24/02/2006	523.5	527	518	523.5	5376200	523.5
27/02/2006	528	528	518	522.5	14164100	522.5
28/02/2006	520.5	521	502	505	18883200	505
01/03/2006	507.5	510.5	495.5	509	15394800	509
02/03/2006	507	512.5	499.5	505.5	15582000	505.5
03/03/2006	502.5	510	502	506.5	6742700	506.5
06/03/2006	503.5	510.5	503.5	507.5	7591500	507.5
07/03/2006	505	514.5	505	509	8720100	509
08/03/2006	510	512	505	507	7868600	507
09/03/2006	512	513.5	510	513.5	10904800	513.5
10/03/2006	513.5	516.5	510.5	514.5	8418100	514.5
13/03/2006	515	522.5	515	520.5	10088300	520.5
14/03/2006	520.5	521	515	518	4364300	518
15/03/2006	518	522.5	513	521.5	10426300	521.5
16/03/2006	519.5	527	512	526.5	18816700	526.5
17/03/2006	528	534	521	531.5	28801300	531.5
20/03/2006	535	543.5	532	535	21141300	535
21/03/2006	534.5	536.5	532	534	12317400	534
22/03/2006	531	551	531	545.5	29419000	545.5
23/03/2006	545.5	559	545	545.5	15651800	545.5
24/03/2006	545.5	548	539	543	22176600	543
27/03/2006	545	552.5	540.5	546.5	12421600	546.5
28/03/2006	546.5	548	541	543	23322600	543
29/03/2006	539.5	543.5	537.5	540.5	14465300	540.5
30/03/2006	543	543	536	538	20868600	538
31/03/2006	538	546.5	536.5	540	13251300	540
03/04/2006	539.5	540	534.5	535	11088900	535
04/04/2006	532	535.5	532	533.5	11849100	533.5
05/04/2006	534.5	537.5	516	520	22127800	520
06/04/2006	519.5	525	517.5	519.5	7599200	519.5
07/04/2006	519.5	525	517	520.5	9917400	520.5
10/04/2006	521	524	516	517.5	4931000	517.5
11/04/2006	515.5	518	508.5	509.5	13428600	509.5
12/04/2006	508.5	513	503.5	509.5	11101800	509.5
13/04/2006	511	516	508.5	513.5	17520000	513.5
14/04/2006	513.5	513.5	513.5	513.5	0	513.5
17/04/2006	513.5	513.5	513.5	513.5	0	513.5
18/04/2006	512.5	516.5	510	512.5	6131700	512.5
19/04/2006	515	517.5	510.5	514	7476700	514
20/04/2006	512.5	516	511	512.5	11678500	512.5
21/04/2006	514	519	510.5	515.5	14281400	515.5
24/04/2006	512	516	510	515	6777500	515
25/04/2006	517	529	515.5	527	14819400	527
26/04/2006	530.5	533	525.5	530	12187800	530
27/04/2006	528.5	532	516.5	530.5	16772000	530.5
28/04/2006	529	529	496.5	525.5	27959600	525.5
01/05/2006	525.5	525.5	525.5	525.5	0	525.5
02/05/2006	523	531	521	529.5	9952400	529.5
03/05/2006	520.5	526	516	517.5	15179600	517.5
04/05/2006	516.5	522	516.5	518	14857400	518
05/05/2006	519.5	532	514.5	528	19270500	528
08/05/2006	501	531	501	527	69293800	527
09/05/2006	527	530	521	522.5	16039800	522.5
10/05/2006	522.5	522.5	516	517	15815400	517
11/05/2006	522	536.5	520	528.5	31115600	528.5
12/05/2006	525	535.5	524.5	527.5	26543300	527.5
15/05/2006	526.5	530.5	516.5	528.5	16750800	528.5
16/05/2006	526	558.11	526.49	545.5	64369100	545.5
17/05/2006	544	556	531.5	532.5	33433100	532.5
18/05/2006	533	536.5	519	525.5	36019900	525.5
19/05/2006	522.5	528.63	518	518.5	21238800	518.5
22/05/2006	517.5	526.16	510	514	18354200	514
23/05/2006	515	524	513.5	523	23556700	523
24/05/2006	516	525.15	516	516	18638500	516
25/05/2006	514.5	524	513.5	522.5	15922900	522.5
26/05/2006	526	539	520.44	537	10578600	537
29/05/2006	537	537	537	537	0	537
30/05/2006	537	543.65	529	532	11627600	532
31/05/2006	528	534.93	514.28	531.5	15728700	531.5
01/06/2006	531	542.11	530.81	539.5	16510300	539.5
02/06/2006	541.5	549	530.97	542.5	21415200	542.5
05/06/2006	540.5	547.82	537.5	543.5	9230000	543.5
06/06/2006	540	543.5	531	532	12352100	532
07/06/2006	532	551.46	531.22	550	23314200	550
08/06/2006	540	567.93	539.18	559	24407900	559
09/06/2006	563	578	555	572	18137600	572
12/06/2006	567.5	572	558	561.5	16361600	561.5
13/06/2006	555	561.5	546.5	552	25218500	552
14/06/2006	551	556.5	538.5	541	20824500	541
15/06/2006	544	549	539.82	546.5	14307200	546.5
16/06/2006	550	558.74	539.15	551	24026100	551
19/06/2006	558	568.21	555.27	564	13623900	564
20/06/2006	560	567	558.5	565	12555800	565
21/06/2006	563	574	561	571	15397000	571
22/06/2006	565	571	558.5	562	29885500	562
23/06/2006	560	563.85	553.53	557	8808800	557
26/06/2006	557.5	558	550	554.5	9141700	554.5
27/06/2006	560	560	546.62	547.5	7109000	547.5
28/06/2006	545	553	545	549	8130200	549
29/06/2006	551	563.5	549.5	563	9127200	563
30/06/2006	565	576.5	560.5	573.5	18877900	573.5
03/07/2006	573.5	573.5	561.5	566	13623400	566
04/07/2006	564	566	562.5	564	3971300	564
05/07/2006	560	566.5	553.5	554	13970400	554
06/07/2006	556.5	559	552.5	556	7975200	556
07/07/2006	552.5	557.5	552.5	556.5	8657300	556.5
10/07/2006	554.5	558	552	556	4269300	556
11/07/2006	553	553.5	547	547.5	11956800	547.5
12/07/2006	549	551	546	547.5	11730300	547.5
13/07/2006	545.5	548	539.5	541	11403100	541
14/07/2006	537.5	542	533	533	6871600	533
17/07/2006	535	542.5	532	541	11578000	541
18/07/2006	538.5	544	509.5	517.5	54045900	517.5
19/07/2006	520.5	532.5	519	531	25507500	531
20/07/2006	531	549.5	530.5	544.5	27628400	544.5
21/07/2006	544	547	539	541	8074200	541
24/07/2006	543.5	547.5	539	543	5430200	543
25/07/2006	543	546.5	536.5	542	14452500	542
26/07/2006	541.5	547	538	545.5	8659000	545.5
27/07/2006	542	550	541	550	15288600	550
28/07/2006	552	567	548.5	564	30754000	564
31/07/2006	567	567.5	560	560.5	9045400	560.5
01/08/2006	563	565	553	555.5	9263500	555.5
02/08/2006	554	554.5	547.5	551	17083900	551
03/08/2006	551	551	551	551	0	551
04/08/2006	542.5	550.5	542.5	548	6716800	548
07/08/2006	545	551	541.5	543.5	5512100	543.5
08/08/2006	547	547	537.5	539	9150300	539
09/08/2006	538	545	536	544	7460500	544
10/08/2006	540	545	536.5	542.5	5656400	542.5
11/08/2006	542.5	544.5	539	543	4337800	543
14/08/2006	547	547	540	543	5317400	543
15/08/2006	543	548	540	543	15558400	543
16/08/2006	544.5	545.5	539.5	544	9880500	544
17/08/2006	546	550.5	542	547.5	10571500	547.5
18/08/2006	550	552	545.5	549	8883500	549
21/08/2006	548.5	554	543	551.5	9475700	551.5
22/08/2006	554.5	558.5	550.5	558	11383000	558
23/08/2006	560.5	561.5	552	552.5	4286600	552.5
24/08/2006	556	556	549	554.5	5140800	554.5
25/08/2006	554	556	548.5	554	2978900	554
28/08/2006	554	554	554	554	0	554
29/08/2006	555	557.5	551	553	3537300	553
30/08/2006	553	560.5	550.5	559.5	6585700	559.5
31/08/2006	558.5	564	554	560.5	9204500	560.5
01/09/2006	563.5	571	560	567.5	10049700	567.5
04/09/2006	567.5	571	565	567.5	3519100	567.5
05/09/2006	566	566	557	559.5	10679300	559.5
06/09/2006	561	562.5	558.5	560	8891100	560
07/09/2006	557	563	555	558	18374400	558
08/09/2006	558	562.5	556.5	560	9520800	560
11/09/2006	560.5	562	556.5	556.5	5875400	556.5
12/09/2006	555	561.5	554	561.5	12849600	561.5
13/09/2006	563	569	558.5	569	27397900	569
14/09/2006	568.5	571.5	560.5	562	26179400	562
15/09/2006	560	568	559	562	13491300	562
18/09/2006	561	565	558.5	563	4393200	563
19/09/2006	560.5	565.5	554.5	555.5	14521900	555.5
20/09/2006	555	555	547.5	550	19566100	550
21/09/2006	548.5	553.5	545	551.5	13385800	551.5
22/09/2006	546.5	550.5	545	547.5	5363400	547.5
25/09/2006	554	554	547.5	550	8823000	550
26/09/2006	551	553	540.5	543	35117800	543
27/09/2006	543	545.5	540	542.5	21289800	542.5
28/09/2006	541	552	541	547.5	15379900	547.5
29/09/2006	546.5	551	544	546	9835300	546
02/10/2006	551.5	551.5	543	545.5	7463300	545.5
03/10/2006	545.5	550	540	548.5	11992300	548.5
04/10/2006	551.5	554.5	548	554	12461000	554
05/10/2006	555.5	556	544.5	545	17177000	545
06/10/2006	543.5	554.5	543.5	551	9620900	551
09/10/2006	549	552.5	545	547.5	12843200	547.5
10/10/2006	546.5	555	543.5	549	17862500	549
11/10/2006	553	561.5	552	558	17206100	558
12/10/2006	561	562	555.5	560.5	20042300	560.5
13/10/2006	559	561.5	553.5	555	9970600	555
16/10/2006	553.5	562	551	553.5	9201200	553.5
17/10/2006	554.5	554.5	546.5	547.5	7058100	547.5
18/10/2006	548	554.5	548	552.5	8573500	552.5
19/10/2006	551.5	557.5	549.5	553.5	4669000	553.5
20/10/2006	555	559	552	553.5	8207000	553.5
23/10/2006	553.5	555.5	551	553	5433500	553
24/10/2006	554.5	556	551	556	4756600	556
25/10/2006	545	551	542	545.5	12014200	545.5
26/10/2006	545	552	541	550	12944700	550
27/10/2006	553.5	554	533	539	18467400	539
30/10/2006	537	538	533	536.5	8615200	536.5
31/10/2006	534	544	534	542.5	13969800	542.5
01/11/2006	540	544	539.5	542	12426200	542
02/11/2006	541.5	550	540	550	20166800	550
03/11/2006	557	560	547	557.5	34578100	557.5
06/11/2006	556.5	559	556	559	8840600	559
07/11/2006	557.5	560.5	555.5	558.5	6106900	558.5
08/11/2006	558	559.5	552.5	553.5	7124900	553.5
09/11/2006	555.5	558	550.5	554	8665500	554
10/11/2006	555	556	547.5	551	7677100	551
13/11/2006	552.5	555.5	548.5	550	5510900	550
14/11/2006	549	553	536.5	537	34685600	537
15/11/2006	540.5	542.5	535.5	538	32069500	538
16/11/2006	535.5	544.5	535	544	37140300	544
17/11/2006	543.5	543.5	537	537	17713200	537
20/11/2006	530	534.5	523	533	16735200	533
21/11/2006	532	539.5	532	535	11369500	535
22/11/2006	536	537	527.5	531	11510600	531
23/11/2006	528.5	528.5	522	525	7240900	525
24/11/2006	523	524	518.5	522.5	7863900	522.5
27/11/2006	524	528.5	517.5	525	10464100	525
28/11/2006	525.5	526.5	518	521	10041700	521
29/11/2006	524	532.5	521	530	14638500	530
30/11/2006	529	533	525	528.5	19698400	528.5
01/12/2006	528	532	521	525	12345600	525
04/12/2006	525	525	515.5	520	15817400	520
05/12/2006	520	524	517	522	5640000	522
06/12/2006	521	530	519.5	522.5	9112400	522.5
07/12/2006	523.5	525.5	517	520	10552400	520
08/12/2006	520	527	518	524	9877300	524
11/12/2006	527	531.5	524	526	4439600	526
12/12/2006	526	526	520	521	7014400	521
13/12/2006	521	525	519	524	8693000	524
14/12/2006	523.5	528	522.5	527	5980600	527
15/12/2006	526.5	529	519.5	520	34099000	520
18/12/2006	518	523.5	518	523.5	5443800	523.5
19/12/2006	522.5	524.5	518.5	519	6405500	519
20/12/2006	520	525	519	519.5	7479200	519.5
21/12/2006	518	524.5	517.5	522	8334700	522
22/12/2006	520	524	520	521	1614800	521
25/12/2006	521	521	521	521	0	521
26/12/2006	521	521	521	521	0	521
27/12/2006	515.5	524	515.5	524	2331300	524
28/12/2006	524	524	519.5	521	2795300	521
29/12/2006	522.5	524	520	522	1741800	522
01/01/2007	522	522	522	522	0	522
02/01/2007	529	529	524	527	7396200	527
03/01/2007	527	532.5	527	532.5	9385000	532.5
04/01/2007	530	533.5	526	526.5	6301200	526.5
05/01/2007	524	528.5	523.5	525.5	4069400	525.5
08/01/2007	525	528.5	521	523	5390100	523
09/01/2007	530	548.5	530	544.5	32878200	544.5
10/01/2007	544	557	541	555	29124900	555
11/01/2007	555.5	558.5	548.5	555	13447500	555
12/01/2007	552.5	554	546.5	552	18331700	552
15/01/2007	555	555	548.5	555	6034400	555
16/01/2007	555	556.5	550	552.5	8435800	552.5
17/01/2007	553.5	559.5	553.5	557.5	9178200	557.5
18/01/2007	557	560.5	555	557.5	10305300	557.5
19/01/2007	559	559	546	550	21162200	550
22/01/2007	549	552	543.5	545	9820400	545
23/01/2007	546.5	547.5	539.5	543	10181200	543
24/01/2007	543.5	546	538.5	542.5	8728500	542.5
25/01/2007	541.5	546	539	540	6782400	540
26/01/2007	538	542.5	538	538.5	6630600	538.5
29/01/2007	538	546	537.5	544	8017400	544
30/01/2007	544	546	541	545	8459900	545
31/01/2007	534	555.5	534	546	43341300	546
01/02/2007	554	571	552.5	567	31390100	567
02/02/2007	565.5	569.5	558.5	561.5	14647800	561.5
05/02/2007	561	561	553.5	555	10080300	555
06/02/2007	557	564	554	561.5	11670200	561.5
07/02/2007	562.5	562.5	557	559	9793300	559
08/02/2007	557.5	565	554	561.5	13871600	561.5
09/02/2007	564	565.5	559.5	561.5	6528700	561.5
12/02/2007	560	566.5	557	566	8508400	566
13/02/2007	573	573	557.5	560.5	14098600	560.5
14/02/2007	560	560	553.5	560	6840900	560
15/02/2007	560	565	555	564	7779500	564
16/02/2007	563.5	563.5	556	558.5	9033400	558.5
19/02/2007	558.5	561	555.5	560.5	8742700	560.5
20/02/2007	562.5	563.5	556	562.5	8913800	562.5
21/02/2007	564	565	557.5	561	10707700	561
22/02/2007	566.5	566.5	560	564	17709100	564
23/02/2007	563.5	565	560	564.5	11744200	564.5
26/02/2007	563.5	565	560	564	13840200	564
27/02/2007	563	563	553	556	27412500	556
28/02/2007	552	560	550	557	21783100	557
01/03/2007	557	557	548	550	16630400	550
02/03/2007	556	556	549	552	17620500	552
05/03/2007	549	549.5	544.5	547	16927500	547
06/03/2007	547	550	542	549.5	16049600	549.5
07/03/2007	547	559.5	547	558.5	13598800	558.5
08/03/2007	559	561.5	555.5	559.5	13519300	559.5
09/03/2007	557.5	562	556	559.5	11683000	559.5
12/03/2007	561	562.5	556	558	15883100	558
13/03/2007	558	559.5	555	555	16370700	555
14/03/2007	553	556	549.5	551	18271200	551
15/03/2007	555.5	560	552	558.5	20211700	558.5
16/03/2007	555	560	554.5	558.5	12730500	558.5
19/03/2007	558.5	561	556.5	559.5	6432500	559.5
20/03/2007	554	555.5	547	554	26952000	554
21/03/2007	557.5	569	556.5	568	22433400	568
22/03/2007	568.5	577	559	564	31677400	564
23/03/2007	564.5	569.5	560.5	568.5	9372100	568.5
26/03/2007	567	571.5	564	565	9217600	565
27/03/2007	571	572	563.5	570	8860100	570
28/03/2007	563	568.5	561	567	10626600	567
29/03/2007	566	566.5	559.5	563	8770000	563
30/03/2007	562.5	565.5	559.5	564	8425100	564
02/04/2007	566	567	559.5	561.5	11997300	561.5
03/04/2007	565	565	558	562	11297800	562
04/04/2007	560.5	562.5	558.5	561.5	8561000	561.5
05/04/2007	563.5	564	559	562	10084100	562
06/04/2007	562	562	562	562	0	562
09/04/2007	562	562	562	562	0	562
10/04/2007	560.5	567.5	559	567	5541800	567
11/04/2007	566.5	568	563	565.5	5104800	565.5
12/04/2007	566.5	573	562	571.5	9959400	571.5
13/04/2007	573.5	573.5	566	572	9353200	572
16/04/2007	572	575	569	574.5	9465900	574.5
17/04/2007	573	576	569.5	575	7887100	575
18/04/2007	570.5	575.5	570.5	571.5	4635100	571.5
19/04/2007	568	575	565.5	572.5	8577200	572.5
20/04/2007	573.5	575	570	573	5934300	573
23/04/2007	573	575.5	571	573.5	4701800	573.5
24/04/2007	572	573.5	567	571	8528000	571
25/04/2007	569.5	575	564.5	565	11384000	565
26/04/2007	567	570	563.5	568.5	27801700	568.5
27/04/2007	567	570.5	563.5	568.5	6421900	568.5
30/04/2007	565	576	565	575	8055800	575
01/05/2007	575	586	569	584.5	15687200	584.5
02/05/2007	613	630	607	616.5	49977500	616.5
03/05/2007	619.5	630.5	611	628.5	21728600	628.5
04/05/2007	630.5	646	625.5	628.5	13760600	628.5
07/05/2007	628.5	628.5	628.5	628.5	0	628.5
08/05/2007	627.5	627.5	620	622	13134700	622
09/05/2007	621	626	620.5	621.5	6536900	621.5
10/05/2007	620	626.5	619.5	621.5	7654100	621.5
11/05/2007	620.5	628	616	626	11193100	626
14/05/2007	627.5	636.5	625	632	12142900	632
15/05/2007	629.5	635.5	627.5	633.5	12025800	633.5
16/05/2007	635	640	629.5	637	9496400	637
17/05/2007	637	645.5	634	641.5	8623000	641.5
18/05/2007	641.5	664	641.5	653.5	16388300	653.5
21/05/2007	653	654	645.5	652	9473400	652
22/05/2007	654	654.5	643	644	11517400	644
23/05/2007	642	644.5	640	640	7785100	640
24/05/2007	640	642	633	634.5	13661200	634.5
25/05/2007	632.5	640.5	631	640	12998900	640
28/05/2007	640	640	640	640	0	640
29/05/2007	649	667	649	660.5	15889400	660.5
30/05/2007	654	664.5	654	663.5	10936700	663.5
31/05/2007	665.5	669.5	658	660	8964000	660
01/06/2007	660	660	660	660	0	660
04/06/2007	656.5	666.5	654.5	663	6310900	663
05/06/2007	660.5	669	659	661	6808400	661
06/06/2007	659.5	665	649	649.5	10403100	649.5
07/06/2007	653	657	637.5	640	18460200	640
08/06/2007	639.5	648	632	640	11325900	640
11/06/2007	640.5	650.5	640.5	643	7716300	643
12/06/2007	646	646	633.5	635	15091900	635
13/06/2007	633.5	643	631	641	11121400	641
14/06/2007	644	646	636	646	12112700	646
15/06/2007	645	656.5	644.5	651	29014200	651
18/06/2007	650	657	648	650	9304200	650
19/06/2007	646.5	650	643.5	643.5	6890600	643.5
20/06/2007	645	645	641.5	643.5	8297500	643.5
21/06/2007	640	640.5	630.5	634.5	12275600	634.5
22/06/2007	637	637	630	630.5	6561400	630.5
25/06/2007	628	632	621.5	630	7990200	630
26/06/2007	630	634	627	632	8608500	632
27/06/2007	626.5	635	626.5	631	9559200	631
28/06/2007	633	636	629	631	6490100	631
29/06/2007	629.5	643	626.5	640	18285100	640
02/07/2007	639.5	640	631.5	635.5	10595700	635.5
03/07/2007	638.5	646	638.5	641.5	11406300	641.5
04/07/2007	639	644.5	638.5	642.5	2878100	642.5
05/07/2007	646	652.5	641.5	649	12158800	649
06/07/2007	652.5	668	651	665.5	14692900	665.5
09/07/2007	665	673.5	661	671	8284000	671
10/07/2007	668.5	673.5	667.5	672	13322000	672
11/07/2007	675	710.5	673	700	40671700	700
12/07/2007	706.5	710	695	709	20064500	709
13/07/2007	713	714.5	705.5	713.5	8360700	713.5
16/07/2007	714.5	716	708	713	9158000	713
17/07/2007	714	714	694.5	699	16040600	699
18/07/2007	693	700	692	698.5	9885100	698.5
19/07/2007	699	711.5	696	705.5	11176900	705.5
20/07/2007	708	721	704	709	15418700	709
23/07/2007	708.5	713	704	713	4738100	713
24/07/2007	712.5	713.5	699	699	9433500	699
25/07/2007	699	704.5	694.5	700	8983800	700
26/07/2007	699.5	699.5	675.5	675.5	16484600	675.5
27/07/2007	671.5	678	659.5	668.5	22126900	668.5
30/07/2007	668	670.5	660.5	664.5	11700100	664.5
31/07/2007	664	668.5	660.5	665	19108200	665
01/08/2007	658	662	649.5	655	13954000	655
02/08/2007	659	664	653.5	660	11107700	660
03/08/2007	662	663	656	657.5	10585200	657.5
06/08/2007	651	658.5	650	652.5	10371700	652.5
07/08/2007	655.5	660	651.5	658	7538400	658
08/08/2007	660.5	680	658	677	14293100	677
09/08/2007	678.5	703	674	694.5	22928300	694.5
10/08/2007	686	705	673	673.5	24737400	673.5
13/08/2007	676	679.5	667.5	671.5	11864400	671.5
14/08/2007	667	675	667	670	8237500	670
15/08/2007	667.5	670	657.5	659	7169500	659
16/08/2007	657	659.5	646.5	646.5	12667700	646.5
17/08/2007	651	660	643	655	18277300	655
20/08/2007	654	660.5	650	651.5	7862800	651.5
21/08/2007	655	657	647	657	6391800	657
22/08/2007	658	662	655.5	659.5	7784800	659.5
23/08/2007	660.5	663.5	658	658	5908800	658
24/08/2007	658	664.5	656	662	3693800	662
27/08/2007	662	662	662	662	0	662
28/08/2007	664	665.5	656.5	662.5	8313000	662.5
29/08/2007	658.5	667	658.5	664.5	4076700	664.5
30/08/2007	667	669.5	661	667	11842500	667
31/08/2007	662.5	675.5	662	675.5	11087400	675.5
03/09/2007	678.5	678.5	670	672	4236000	672
04/09/2007	673.5	680.5	664.5	680.5	10554600	680.5
05/09/2007	678	680	666	669.5	9803100	669.5
06/09/2007	675.5	675.5	665.5	674	4596100	674
07/09/2007	672	677.5	665.5	666	8565600	666
10/09/2007	668.5	676	662	668.5	9169000	668.5
11/09/2007	675.5	677	672	675.5	9026000	675.5
12/09/2007	673	676.5	668	674.5	4169600	674.5
13/09/2007	675	680	668	677.5	8189100	677.5
14/09/2007	672	675	663.5	669	8069300	669
17/09/2007	666.5	669	656.5	662.5	7565300	662.5
18/09/2007	662	669	658	667.5	6998500	667.5
19/09/2007	672	682.5	667.5	677	16244900	677
20/09/2007	676.5	679.5	672	679	8239300	679
21/09/2007	675.5	682	673.5	680.5	15336500	680.5
24/09/2007	677	685	672	685	11487300	685
25/09/2007	679.5	686.5	678	685.5	13496700	685.5
26/09/2007	689	695.5	686	687	9319800	687
27/09/2007	689	698	684	694	11220200	694
28/09/2007	692	697	688	695	16713700	695
01/10/2007	689	693	678	684	10980800	684
02/10/2007	682.5	689	677	687.5	8339300	687.5
03/10/2007	689.5	689.5	677	686	8023800	686
04/10/2007	687.5	696	681.5	693	12484600	693
05/10/2007	696.5	698.5	693.5	696	7462500	696
08/10/2007	695	697.5	689	690	7608200	690
09/10/2007	688.5	696.5	685.5	691	5500700	691
10/10/2007	694.5	697	687.5	692.5	6208600	692.5
11/10/2007	695	698	693	696	5296000	696
12/10/2007	689.5	698.5	687.5	691	7938600	691
15/10/2007	689	691	683	684	5013700	684
16/10/2007	684	685	672.5	676.5	10809500	676.5
17/10/2007	680	691	677.5	681	8060400	681
18/10/2007	681.5	688	673	676	5142400	676
19/10/2007	676	680	668.5	669.5	3892000	669.5
22/10/2007	664	668.5	659	660	6174100	660
23/10/2007	665.5	667	656.5	659.5	5924600	659.5
24/10/2007	655	656	645	646.5	5811700	646.5
25/10/2007	654	658.5	648	655.5	11374300	655.5
26/10/2007	657	657	645	651.5	5794100	651.5
29/10/2007	652	661.5	651	661.5	6685900	661.5
30/10/2007	660.5	679	660.5	675.5	17215200	675.5
31/10/2007	674.5	681.5	672.5	680.5	7237600	680.5
01/11/2007	680.5	690	673	690	8273900	690
02/11/2007	672	672.5	655	660	14647600	660
05/11/2007	655	657.5	633	636	12785700	636
06/11/2007	638.5	640	627.5	632.5	8497000	632.5
07/11/2007	634	637	615	617.5	8533700	617.5
08/11/2007	612	619.5	611	617.5	7105800	617.5
09/11/2007	616.5	621	601	603.5	8502800	603.5
12/11/2007	602	607.5	599.5	606	4652800	606
13/11/2007	599.5	635	599.5	627	9355000	627
14/11/2007	630	639	627	637	7130200	637
15/11/2007	634.5	638	624.5	626	5713700	626
16/11/2007	622.5	630.5	618.5	624	29862600	624
19/11/2007	624	632	605	623.5	7076800	623.5
20/11/2007	625	628	615.5	626	4851200	626
21/11/2007	619.5	624.5	615	621	6739500	621
22/11/2007	624	624	613.5	623	6610900	623
23/11/2007	620	635.5	620	634	3566900	634
26/11/2007	634	635.5	629	629.5	5476700	629.5
27/11/2007	625	632	621.5	624.5	8081500	624.5
28/11/2007	628	635.5	625	635	7912700	635
29/11/2007	637	640	626.5	634.5	7093500	634.5
30/11/2007	631.5	635.5	610.5	625	13773300	625
03/12/2007	623.5	625	609.5	610	7060300	610
04/12/2007	608	612	578.5	588	14089700	588
05/12/2007	594.5	610	591	610	10130500	610
06/12/2007	609	609	596	604.5	11147400	604.5
07/12/2007	607	607.5	584.5	601	14129500	601
10/12/2007	597	610	594.5	608	5563600	608
11/12/2007	609.5	612.5	607	609	4453200	609
12/12/2007	600.5	605.5	596	604.5	9965400	604.5
13/12/2007	599	606	595.5	599	8323200	599
14/12/2007	599.5	611	599	608.5	4443600	608.5
17/12/2007	601	605	600	601.5	5479600	601.5
18/12/2007	596.5	604.5	591	599.5	8903800	599.5
19/12/2007	600	611.5	592	607	6905400	607
20/12/2007	606	609.5	599.5	600	7546000	600
21/12/2007	611	623	603.5	622	8318800	622
24/12/2007	615	625	615	624.5	755900	624.5
25/12/2007	624.5	624.5	624.5	624.5	0	624.5
26/12/2007	624.5	624.5	624.5	624.5	0	624.5
27/12/2007	619	628	617	618	2257600	618
28/12/2007	614	627	613	627	1940800	627
31/12/2007	622.5	623	616	619	944900	619
01/01/2008	619	619	619	619	0	619
02/01/2008	616	621.5	609.5	610	3728000	610
03/01/2008	610	611.5	597.5	599.5	7621000	599.5
04/01/2008	601.5	605.5	571.5	576.5	12246600	576.5
07/01/2008	575.5	580.5	566	570.5	8075200	570.5
08/01/2008	576.5	582	568.5	574.5	5809300	574.5
09/01/2008	572	572	551	558.5	12841500	558.5
10/01/2008	559	559	546	549	10538400	549
11/01/2008	550	554	537.5	539	9297000	539
14/01/2008	539	549	537	548.5	7268200	548.5
15/01/2008	546	551.5	535	535	6336200	535
16/01/2008	533.5	534	516.5	523	15250800	523
17/01/2008	528.5	538	519	521	8111800	521
18/01/2008	520	536	519.5	523.5	8844600	523.5
21/01/2008	521.5	523	502	506	9463900	506
22/01/2008	496.75	526.5	490	522	16651800	522
23/01/2008	528.5	528.5	506	516.5	14978900	516.5
24/01/2008	530.5	551.5	526	551	13420700	551
25/01/2008	552	559	537	540	11419500	540
28/01/2008	536	540	526.5	531	6324900	531
29/01/2008	536.5	551	529.5	549.5	6704700	549.5
30/01/2008	545	549.5	533	533	5771000	533
31/01/2008	535	551	527.5	550	10785200	550
01/02/2008	551	560	543.5	556.5	6659500	556.5
04/02/2008	559.5	559.5	549.5	551.5	3034200	551.5
05/02/2008	551	551	534.5	539	10405700	539
06/02/2008	542	579	536.5	577	19539900	577
07/02/2008	573	575	556.5	558	11251800	558
08/02/2008	564	567.5	550	552	7073400	552
11/02/2008	550.5	556	546	549	4799400	549
12/02/2008	553	568.5	553	568	9120800	568
13/02/2008	566.5	583.5	562	581	11858500	581
14/02/2008	588	592.5	584	588	8526000	588
15/02/2008	587.5	594	574.5	576	9013100	576
18/02/2008	578	590	574.5	587.5	3486100	587.5
19/02/2008	583	594	577.5	589	4493600	589
20/02/2008	586.5	587	576.5	582	8158500	582
21/02/2008	585	599.5	581.5	595	9616200	595
22/02/2008	589.5	595.5	585	590	6230700	590
25/02/2008	593	597.5	585	595	6120300	595
26/02/2008	594.5	597	587	596.5	5698100	596.5
27/02/2008	594	594	586	591.5	5257500	591.5
28/02/2008	592	593.5	569.5	571	7511200	571
29/02/2008	573	575.5	559.5	568	9928200	568
03/03/2008	559.5	564	555	555	6713100	555
04/03/2008	553	560	545	550	7076800	550
05/03/2008	556.5	566.5	550.5	562.5	6745000	562.5
06/03/2008	562.5	562.5	550	551	3578700	551
07/03/2008	545.5	555.5	543.5	549	6206000	549
10/03/2008	546.5	558.5	543	555	6633300	555
11/03/2008	555	563	542	543	7793900	543
12/03/2008	551	556	543.5	547.5	6760100	547.5
13/03/2008	539.5	548.5	535	547	8423500	547
14/03/2008	544	549	536.5	540.5	7426300	540.5
17/03/2008	537	549	525	525	8981600	525
18/03/2008	532.5	554.5	529	549.5	10961800	549.5
19/03/2008	549.5	555.5	539	540	10470300	540
20/03/2008	538	545	536	537.5	11374200	537.5
21/03/2008	537.5	537.5	537.5	537.5	0	537.5
24/03/2008	537.5	537.5	537.5	537.5	0	537.5
25/03/2008	545.5	559.5	544.5	559.5	6524700	559.5
26/03/2008	551.5	552.5	546	549.5	4922400	549.5
27/03/2008	550.5	570	549.5	566	12931300	566
28/03/2008	569.5	569.5	558	562	8996500	562
31/03/2008	562	562	548.5	556.5	6589500	556.5
01/04/2008	553.5	575	553.5	572.5	5987000	572.5
02/04/2008	574.5	579	570	574.5	6139800	574.5
03/04/2008	577.5	577.5	566.5	569	3195100	569
04/04/2008	572.5	573.5	565	568.5	5254800	568.5
07/04/2008	575	583.5	569	580.5	5713800	580.5
08/04/2008	578.5	581.5	572	577.5	4241900	577.5
09/04/2008	576	576.5	561.5	565	6707800	565
10/04/2008	561	562	546	558	9170200	558
11/04/2008	559	564	549.5	552	5194000	552
14/04/2008	548.5	551.5	541	541.5	4934500	541.5
15/04/2008	546.5	551.5	541.5	545	5836200	545
16/04/2008	546.5	554.5	542.5	549.5	6974500	549.5
17/04/2008	550.5	555	540.5	544	4272000	544
18/04/2008	543	559.5	542	554.5	8954500	554.5
21/04/2008	554	559.5	548	549	5565500	549
22/04/2008	548	552.5	542.5	544	3541500	544
23/04/2008	547	550	542	548	5282900	548
24/04/2008	546.5	548	534	536.5	10708100	536.5
25/04/2008	538	543.5	535	542	4331600	542
28/04/2008	542	549	541.5	545	4581500	545
29/04/2008	543.5	545	533.5	540.5	6250500	540.5
30/04/2008	547.5	557.5	539.5	545	10746200	545
01/05/2008	544	550	538.5	548	4915300	548
02/05/2008	550.5	554.5	544.5	546.5	6774400	546.5
06/05/2008	544	546	535.5	538.5	4988300	538.5
07/05/2008	537	544	533.5	534.5	8754200	534.5
08/05/2008	534	535	526	530	7906300	530
09/05/2008	529.5	529.5	517.5	524.5	7673000	524.5
12/05/2008	525	528.5	519.5	524.5	4403700	524.5
13/05/2008	528.5	531	522.5	525	6998600	525
14/05/2008	528.5	531	515	516	6396200	516
15/05/2008	513.5	520	513.5	516.5	4478600	516.5
16/05/2008	518	528	514	524	7432200	524
19/05/2008	529	542.5	529	542	12812800	542
20/05/2008	540	543	536.5	537.5	10326900	537.5
21/05/2008	538.5	541.5	534	537	9405800	537
22/05/2008	533.5	534.5	527.5	531.5	4015400	531.5
23/05/2008	532.5	534.5	529.5	531.5	4910900	531.5
27/05/2008	535.5	539	528	533	4985900	533
28/05/2008	537	545	535	539	5198700	539
29/05/2008	542	543	529	539.5	7028500	539.5
30/05/2008	539.5	550.5	538.5	543	7670200	543
02/06/2008	542.5	542.5	532.5	534	5063600	534
03/06/2008	536	546.5	533.5	546.5	3380100	546.5
04/06/2008	545.5	547	536	538.5	10049800	538.5
05/06/2008	541.5	545.5	534.5	544	3429300	544
06/06/2008	543.5	545	526	528.5	5597500	528.5
10/06/2008	522	525	516	522	4258600	522
11/06/2008	521	530	511	512	6059300	512
12/06/2008	512	515	500.5	508.5	10635500	508.5
13/06/2008	508	522.5	504	522	8258600	522
16/06/2008	522	535.5	517	532	11621100	532
17/06/2008	531.5	533	522	527	6852900	527
18/06/2008	526.5	526.5	509	509	8766800	509
19/06/2008	507	509	501.5	504.5	7719900	504.5
20/06/2008	505.5	508.5	490.5	491.25	10841100	491.25
23/06/2008	490.25	499.75	489.75	498	6220500	498
24/06/2008	495.25	498.5	485.5	490.25	10686700	490.25
25/06/2008	490.75	496.25	489	494.75	6915800	494.75
26/06/2008	484.5	486	468.5	470.75	16266500	470.75
27/06/2008	475	475.5	457.25	465	13613300	465
30/06/2008	466.75	473	461.25	472	12297000	472
01/07/2008	470	470	455.75	455.75	12310600	455.75
02/07/2008	457.25	457.25	440.75	440.75	12975100	440.75
03/07/2008	439	460.25	437	458	13089600	458
04/07/2008	459.75	459.75	439.75	439.75	7234800	439.75
07/07/2008	442.25	447	439	443.5	8517500	443.5
08/07/2008	436.75	444.75	430.25	443	9606700	443
09/07/2008	447	458	441.5	457	8797800	457
10/07/2008	449.25	450.25	441.5	443.25	9251600	443.25
11/07/2008	444.5	447.25	427.5	428	12776700	428
14/07/2008	432.75	439.25	429.75	432.5	5287200	432.5
15/07/2008	425	432.25	413	419.5	12133100	419.5
16/07/2008	422.5	434.75	416	432.75	9235600	432.75
17/07/2008	436	455	429.75	451.75	11050200	451.75
18/07/2008	449.75	472.75	445.75	472.5	12606600	472.5
21/07/2008	473.5	473.5	459	461.25	7746900	461.25
22/07/2008	457	458.75	439	450.75	11725900	450.75
23/07/2008	455.75	466.5	451.25	461	8967400	461
24/07/2008	463.5	470.75	455.75	466.5	10948800	466.5
25/07/2008	461	464	451.5	456.75	7485100	456.75
28/07/2008	454	455.5	442	443	8446700	443
29/07/2008	440.25	449.5	434	448.5	5570800	448.5
30/07/2008	450.5	452	444	446.5	4957900	446.5
31/07/2008	440	461.25	423.5	454.25	18616100	454.25
01/08/2008	448.75	456.5	440.25	446.5	10397500	446.5
04/08/2008	448.75	455.5	440	450	7102600	450
05/08/2008	455	474.75	451.25	474.75	9162100	474.75
06/08/2008	474	474	457.25	463.75	10148600	463.75
07/08/2008	462.5	468.25	458.25	462.75	7450400	462.75
08/08/2008	462	486	460.5	485	10525500	485
11/08/2008	477.5	491.5	476.75	491.5	6929500	491.5
12/08/2008	487.5	510	487.25	502.5	9733200	502.5
13/08/2008	501.5	502.5	483.5	484	9533400	484
14/08/2008	484.75	489	475	481.5	11699300	481.5
15/08/2008	483.5	485.25	470	470	8460200	470
18/08/2008	467	468.75	457	463	6706400	463
19/08/2008	458.75	459.25	438.75	439.75	11625000	439.75
20/08/2008	440.25	444	435.25	440	5590300	440
21/08/2008	435	449	434	441.75	4908400	441.75
22/08/2008	442.25	450	438.5	449.75	4902100	449.75
26/08/2008	443	452	438.25	450	4126700	450
27/08/2008	454.25	461.75	450.25	456	8939000	456
28/08/2008	456.5	463	448.75	460.75	5640200	460.75
29/08/2008	461	468.5	457	466	6138100	466
01/09/2008	464	468.25	460	467	3738700	467
02/09/2008	466.5	490.25	464	489.75	9511500	489.75
03/09/2008	482.75	491.75	479	479	8795600	479
04/09/2008	480	484.75	460	460	4887700	460
05/09/2008	456	461.75	444.75	445.25	8392600	445.25
08/09/2008	457.5	461.5	452	458.5	2920800	458.5
09/09/2008	460.5	470.25	456.5	462.25	8394800	462.25
10/09/2008	462.5	463.5	453	459.5	5886300	459.5
11/09/2008	457.5	462.75	437.75	445.5	7278800	445.5
12/09/2008	451	455.5	442.5	455.5	8424100	455.5
15/09/2008	446.25	455	433.25	448	10802100	448
16/09/2008	434.5	453.75	407	430	16101900	430
17/09/2008	433	440.5	420	422.5	14993300	422.5
18/09/2008	423	431.5	417	419	20453400	419
19/09/2008	448	459.75	429.75	443.5	9920800	443.5
22/09/2008	443.5	451	438.5	441.5	5135300	441.5
23/09/2008	440	441	423.25	430	8123600	430
24/09/2008	434.5	434.5	419.75	420	6218300	420
25/09/2008	423.5	432.25	416.5	431.75	6428800	431.75
26/09/2008	423	427.75	414	426.25	7664700	426.25
29/09/2008	420.75	426.5	404.25	407.5	9123300	407.5
30/09/2008	399.75	416.25	393.25	414.5	9744400	414.5
01/10/2008	423.75	424	410.5	416.25	8327000	416.25
02/10/2008	420.25	441.75	416.25	429.5	5575000	429.5
03/10/2008	430.25	439.5	424.75	435.5	6038700	435.5
06/10/2008	415	420.5	406	408.75	7522000	408.75
07/10/2008	408	417.75	401.25	404.75	6104400	404.75
08/10/2008	394.25	425	382.75	398.5	10296700	398.5
09/10/2008	407.75	413	391.25	400	7913700	400
10/10/2008	370.75	396.25	360.5	380.5	9048500	380.5
13/10/2008	422.5	422.5	385.25	399	9652300	399
14/10/2008	408.75	424.25	396.5	403.25	5906000	403.25
15/10/2008	406	411	384.75	391	10075400	391
16/10/2008	375	388	354.5	361.5	7289000	361.5
17/10/2008	375.5	384.25	355	368	12998500	368
20/10/2008	375.75	389.25	371.5	389	6771600	389
21/10/2008	409	411.5	394.5	402	8238700	402
22/10/2008	381.5	386.75	351.5	356.5	12828000	356.5
23/10/2008	363	375.25	350	372.25	11407700	372.25
24/10/2008	342.5	359	312.5	329	19296700	329
27/10/2008	312.25	361.25	310.5	352	15671200	352
28/10/2008	358	368.75	343.25	347	12378800	347
29/10/2008	370	374	353.5	360.25	12623100	360.25
30/10/2008	369.25	382.25	358.75	378	8502500	378
31/10/2008	387.75	402.75	364.75	378.5	11872700	378.5
03/11/2008	388	403.75	384.75	390.5	6299200	390.5
04/11/2008	391.75	429.25	391.75	425.25	10058800	425.25
05/11/2008	427.25	429.5	408	423.25	8622400	423.25
06/11/2008	413.5	430	397.75	404.5	9092300	404.5
07/11/2008	408.5	421.75	401.5	420.25	6431100	420.25
10/11/2008	431.75	436.75	417.5	421.75	6209800	421.75
11/11/2008	417	418.75	396.5	398.25	4345700	398.25
12/11/2008	406.5	409.5	392.5	399.5	7246100	399.5
13/11/2008	392.5	411	385	394.75	8618700	394.75
14/11/2008	408	425.25	400.25	403	8039000	403
17/11/2008	405.75	405.75	375.5	377.75	5963500	377.75
18/11/2008	379	386.5	369.5	375	11397900	375
19/11/2008	376.5	384.75	359.75	363.25	8875500	363.25
20/11/2008	350	377.75	345.25	375	13480200	375
21/11/2008	375.25	376.75	361.75	370.75	15825100	370.75
24/11/2008	380	411.5	371.5	411.5	13147400	411.5
25/11/2008	405	423.25	396.75	406.75	11816800	406.75
26/11/2008	399.75	409	392	401.5	6024800	401.5
27/11/2008	407.25	425	404.75	414.25	5285300	414.25
28/11/2008	416	440.75	413.5	439.5	7752200	439.5
01/12/2008	438	448.75	411.75	413.5	5565900	413.5
02/12/2008	402.75	431	402.75	424.25	7004700	424.25
03/12/2008	425	449.75	418.25	444.5	8292600	444.5
04/12/2008	445.75	455	435	438.75	9119400	438.75
05/12/2008	436	440	416	420.5	6675200	420.5
08/12/2008	440.25	450.25	431.25	445	7612600	445
09/12/2008	443	477.25	439.25	473.25	8596800	473.25
10/12/2008	472	474.75	450	463.75	7904400	463.75
11/12/2008	460.5	473	453.5	471	6005000	471
12/12/2008	450.25	477.5	450.25	465	12400000	465
15/12/2008	474.25	482	466.25	479	7620400	479
16/12/2008	477.75	493.25	475	482.75	7780500	482.75
17/12/2008	482.5	488	464.25	472	7682700	472
18/12/2008	472	481.25	469.75	478.75	7385300	478.75
19/12/2008	468.25	490	466.5	483.25	6814500	483.25
22/12/2008	477.25	490	467	467	6607400	467
23/12/2008	466.25	477	462.75	468.25	6523100	468.25
24/12/2008	478	493.75	468.25	468.25	609200	468.25
29/12/2008	470.5	480	467.25	471.25	2135900	471.25
30/12/2008	471.5	481	470.25	478	2373600	478
31/12/2008	490.5	495	466.75	480	1109800	480
02/01/2009	480	486.5	477.25	482	1686400	482
05/01/2009	490	492	477	482.5	4222800	482.5
06/01/2009	481.25	491.5	477.75	481.25	5658400	481.25
07/01/2009	480.5	492.75	467.25	472	4775600	472
08/01/2009	472	478.75	464	475	4937300	475
09/01/2009	464.5	464.5	446.25	450	10063300	450
12/01/2009	450.5	451.5	426.5	428.25	8075900	428.25
13/01/2009	425.5	434.5	423.25	427.25	7903800	427.25
14/01/2009	428.5	432	419.75	423.25	10877400	423.25
15/01/2009	420	422	398.25	405.75	11324100	405.75
16/01/2009	410.75	417.75	408.25	408.25	8719400	408.25
19/01/2009	417	426.75	409	421.25	5940900	421.25
20/01/2009	420	434.25	417	425	5362600	425
21/01/2009	418.25	432.5	416.25	426	9364900	426
22/01/2009	433.75	436	423.75	424.25	6627500	424.25
23/01/2009	421.5	422.75	404.25	411.5	9659600	411.5
26/01/2009	412.5	424	409.5	424	5392400	424
27/01/2009	421	435.75	404.5	434.75	8839300	434.75
28/01/2009	465	490	452	490	23200200	490
29/01/2009	485	516.5	482.75	500	17418400	500
30/01/2009	498.75	505	485	497	13876900	497
02/02/2009	493	495	475.75	481.25	8703700	481.25
03/02/2009	487	491.5	480	487.25	6418800	487.25
04/02/2009	490.25	503	490	498.5	11091300	498.5
05/02/2009	480.75	488	475.25	486.5	8119500	486.5
06/02/2009	488.75	499	480.5	486	10323400	486
09/02/2009	482	482.25	463.75	468.25	9178100	468.25
10/02/2009	466	472	460.5	463.75	7527000	463.75
11/02/2009	459	472.5	459	470.5	7283700	470.5
12/02/2009	468.25	468.75	459	462.96	7151000	462.96
13/02/2009	468	478	459.5	460.75	5094500	460.75
16/02/2009	458	469.75	453	463	2151400	463
17/02/2009	453	462	448.5	455	9256400	455
18/02/2009	454.75	466.5	452.75	462.25	6712700	462.25
19/02/2009	462	472	456	458	9383800	458
20/02/2009	452	456.75	447	450	7706700	450
23/02/2009	458	462	448	450.25	8345600	450.25
24/02/2009	447.75	454	443.25	451	4524000	451
25/02/2009	455.75	469.5	453	460.5	9094700	460.5
26/02/2009	463	476.5	457.5	470.5	7785100	470.5
27/02/2009	462.5	471	458	470.25	7875200	470.25
02/03/2009	460	469	458.25	459.75	8177900	459.75
03/03/2009	459.75	462.5	441.75	442.5	11700100	442.5
04/03/2009	443.25	454	433	452.5	7008300	452.5
05/03/2009	447.25	458.5	441.5	448.5	6235900	448.5
06/03/2009	447.5	452.5	442	443.5	7277700	443.5
09/03/2009	444	444	429.5	436.5	8976100	436.5
10/03/2009	423.75	458.75	423.5	456.5	6822200	456.5
11/03/2009	458.5	472	454.75	462.75	7888300	462.75
12/03/2009	463.5	464.5	440.25	446.25	11069700	446.25
13/03/2009	454	457.25	445	448.5	6546500	448.5
16/03/2009	456.75	466.75	454	466.75	6781600	466.75
17/03/2009	465.75	465.75	453.75	458	7303900	458
18/03/2009	462	467.75	459.5	462.75	9588000	462.75
19/03/2009	465.25	466.75	453	458.5	8278100	458.5
20/03/2009	454.5	467.5	453.5	460.25	15203900	460.25
23/03/2009	468	468.5	447.5	457.75	5732000	457.75
24/03/2009	466.75	469	456	460.75	6095600	460.75
25/03/2009	449.75	459.25	442.5	445.25	6298700	445.25
26/03/2009	447.5	448.25	431.5	435.5	6177500	435.5
27/03/2009	434.5	436	418.5	423	8969200	423
30/03/2009	414.25	425	411.25	417.5	4503300	417.5
31/03/2009	422.5	434.5	420.5	433.5	4590400	433.5
01/04/2009	431.25	433.25	422.75	432.75	4759100	432.75
02/04/2009	438	442.5	426	432.25	8567900	432.25
03/04/2009	434.5	434.5	416.25	420	10675100	420
06/04/2009	425.75	438.5	420.75	428	8062200	428
07/04/2009	430.5	436.25	424.5	429.5	5923800	429.5
08/04/2009	426	433.5	424.5	431	5270500	431
09/04/2009	434	434	420.75	425.75	10620500	425.75
14/04/2009	427.75	432.25	414.75	417	5450600	417
15/04/2009	414.75	429.75	409.25	427.25	9040100	427.25
16/04/2009	431.25	442.5	430.25	440	8942800	440
17/04/2009	441	448.25	438.5	448.25	6238200	448.25
20/04/2009	447.75	450.5	432.75	435.5	782800	435.5
21/04/2009	429.75	433.5	419.75	429.5	1682400	429.5
22/04/2009	427.25	442.5	425.5	435.75	690700	435.75
23/04/2009	434.75	450	434.5	440.25	360100	440.25
24/04/2009	440	447.5	436	447	2784400	447
27/04/2009	443	448	435	447.5	2023500	447.5
28/04/2009	442	442.5	434	440	618200	440
29/04/2009	443.75	465.75	440.5	465	2198900	465
30/04/2009	485	496.75	472.5	486.75	5987600	486.75
01/05/2009	481.75	490.5	475.5	488.25	628000	488.25
05/05/2009	491.5	511	471.5	474.75	2495200	474.75
06/05/2009	475	493	473.75	489.75	2867500	489.75
07/05/2009	494.25	499	478.25	481.25	1279500	481.25
08/05/2009	482	488	478.75	481.75	687800	481.75
11/05/2009	481	481	471.75	476.5	821600	476.5
12/05/2009	475	484.25	471	477.25	992000	477.25
13/05/2009	477	480.5	457.25	459.25	1172600	459.25
14/05/2009	459.5	473	455	468	1330800	468
15/05/2009	472	473	461.25	467	429200	467
18/05/2009	462.75	472.25	459.5	472.25	1440400	472.25
19/05/2009	472.75	481.75	469.25	476.5	432000	476.5
20/05/2009	476.75	479	461	465.75	1812500	465.75
21/05/2009	462	466	447.75	450.75	1595700	450.75
22/05/2009	441.25	453.5	441.25	449	625400	449
26/05/2009	447.5	458.25	443.25	455.25	1540800	455.25
27/05/2009	465.25	466.5	458.5	462.5	945000	462.5
28/05/2009	454	464.5	445	452.5	622500	452.5
29/05/2009	453.75	454	438.5	442	3106300	442
01/06/2009	449.5	454.5	446.5	450.25	989200	450.25
02/06/2009	450	450.25	440.5	445	1523400	445
03/06/2009	447	459	445	453.75	3526300	453.75
04/06/2009	455.5	459.5	448.25	452.75	2161200	452.75
05/06/2009	455.25	458.75	448	450	2565600	450
08/06/2009	447.5	462.5	443	459.25	2213500	459.25
09/06/2009	457	463.25	449.25	453	562900	453
10/06/2009	458.5	462.5	446.75	449	550400	449
11/06/2009	450	456.25	447.5	449	770800	449
12/06/2009	447.25	453.5	440	441.75	989900	441.75
15/06/2009	441	441.75	432.75	434	955900	434
16/06/2009	435.25	436	427.5	429.5	882000	429.5
17/06/2009	427.25	436.5	425.25	432.25	1031200	432.25
18/06/2009	431.25	433.25	423.75	431	1466500	431
19/06/2009	444	450.25	439.75	443.75	8320200	443.75
22/06/2009	442.25	446.5	428.75	431	1952600	431
23/06/2009	431.25	452.75	431.25	445.82	2036200	445.82
24/06/2009	445.5	449.5	439	444.25	775200	444.25
25/06/2009	443	453.25	439.5	451.75	1065200	451.75
26/06/2009	437.75	457	435.75	449.5	1165100	449.5
29/06/2009	455	455.25	448.5	455	775600	455
30/06/2009	454.25	456.5	448	455	2098000	455
01/07/2009	455.5	463	452.75	462.44	1087100	462.44
02/07/2009	459.5	462.25	453.75	454.31	1155300	454.31
03/07/2009	457.5	466.75	456	463.08	794200	463.08
06/07/2009	463.5	466.75	460.25	465	1353200	465
07/07/2009	467.75	475	462.75	468.2	1268500	468.2
08/07/2009	465.25	470	465	466.5	1823100	466.5
09/07/2009	467.5	478.25	465	476.63	1690300	476.63
10/07/2009	474.75	480.5	473.5	476.54	2121100	476.54
13/07/2009	476.5	477.25	471.75	474.4	1831500	474.4
14/07/2009	482	489.75	478	487.75	1526000	487.75
15/07/2009	490	495	489.25	491.68	785700	491.68
16/07/2009	492	499	489.25	490.25	1443400	490.25
17/07/2009	492	501	492	495.25	1422400	495.25
20/07/2009	496.75	512	494.25	504	1327300	504
21/07/2009	503.5	510	503.5	509	2050800	509
22/07/2009	515	519	506.5	510.84	1303200	510.84
23/07/2009	515	519.5	505.5	517.43	1550100	517.43
24/07/2009	514.5	524	512	519.5	3043000	519.5
27/07/2009	522.5	529	518.5	523	582200	523
28/07/2009	522	526	516.5	518	1275900	518
29/07/2009	519	528	516.5	519	904000	519
30/07/2009	530	553	518	546	2465700	546
31/07/2009	547.5	556.5	538	549.69	1976200	549.69
03/08/2009	544	545	529	530.5	2362600	530.5
04/08/2009	531.5	536.5	526	535.5	1306800	535.5
05/08/2009	540	545	532.5	535	1041000	535
06/08/2009	535.5	539	530	534	1537800	534
07/08/2009	531	541.5	526.5	541	2540600	541
10/08/2009	540.5	540.5	535	538	617400	538
11/08/2009	537	539.5	526	528	789400	528
12/08/2009	526.5	538	526.5	533.73	1166600	533.73
13/08/2009	533.5	540.5	530	533.5	940600	533.5
14/08/2009	532.5	535	527	530	997900	530
17/08/2009	529.5	534.5	524.5	527	512300	527
18/08/2009	530	533	523.5	528	904200	528
19/08/2009	528	534.5	526	532	1186000	532
20/08/2009	534	544	533.5	542.5	2252900	542.5
21/08/2009	543	548.5	537	540.8	531300	540.8
24/08/2009	549	553	541.5	548	2789500	548
25/08/2009	547.5	554.5	545.5	551	3414400	551
26/08/2009	548.5	550	543.5	546.5	2747800	546.5
27/08/2009	544.5	547.5	537.5	540.5	2574700	540.5
28/08/2009	542.5	550.5	542.5	546	2342200	546
01/09/2009	541	548.5	530	543.5	3355500	543.5
02/09/2009	542	549	537	540.59	2660900	540.59
03/09/2009	541.5	542	534.5	535.5	2738900	535.5
04/09/2009	536	538.5	528	533.5	3828100	533.5
07/09/2009	537.5	543.5	535.5	539.5	1965400	539.5
08/09/2009	545	545	522.5	528.5	4898200	528.5
09/09/2009	525	531	521	529	4723300	529
10/09/2009	532	548	531	541	4883200	541
11/09/2009	540.5	544	536	540	4195800	540
14/09/2009	535	541	535	538.5	1928800	538.5
15/09/2009	538	540	533.5	536.5	2500300	536.5
16/09/2009	531.5	546.5	529	540.5	5992200	540.5
17/09/2009	542.5	542.5	536	541.5	4296900	541.5
18/09/2009	541.5	544	536	541.5	4159100	541.5
21/09/2009	542	542	534	540	2505100	540
22/09/2009	541	551.5	540	545.5	2475400	545.5
23/09/2009	545	563.5	542.5	554.5	4912700	554.5
24/09/2009	551	570.5	548.5	560	13372500	560
25/09/2009	561.5	580.5	555	573	7483700	573
28/09/2009	576	577	562	576.5	3689500	576.5
29/09/2009	574	578	567.5	574.5	4556900	574.5
30/09/2009	575.5	582.5	566.5	571.5	3688100	571.5
01/10/2009	570	577.5	568	573	3418800	573
02/10/2009	570	570.5	554	564	4735000	564
05/10/2009	566	567.5	558.5	567.5	3197200	567.5
06/10/2009	569	578.5	563.5	575.5	3393600	575.5
07/10/2009	574.5	590	573.5	582.5	3621400	582.5
08/10/2009	589.5	591.5	577	581	3641300	581
09/10/2009	578	583.5	576.5	582	2589900	582
12/10/2009	583.5	589.5	580	583.5	2389700	583.5
13/10/2009	580.5	587.5	575.5	580.5	3039100	580.5
14/10/2009	584.5	586.5	568.5	571	5430900	571
15/10/2009	574	574	562	571.5	5568800	571.5
16/10/2009	572.5	578	560	564	5131900	564
19/10/2009	564.5	577	564.5	575	2957100	575
20/10/2009	577	586.5	573.5	582.5	3931100	582.5
21/10/2009	574	579	557	570	6494600	570
22/10/2009	566.5	566.5	554	559.22	4340100	559.22
23/10/2009	577	593	553	553	11809400	553
26/10/2009	553	562.5	537	540	6640000	540
27/10/2009	538.5	550	536.5	544.5	4182100	544.5
28/10/2009	543.5	550.5	534.5	535	5273300	535
29/10/2009	535.5	540.5	533	539	5001400	539
30/10/2009	538	545.5	530.5	533	11525600	533
02/11/2009	531	541.5	531	540	2634900	540
03/11/2009	537	540.5	531	535	13590800	535
04/11/2009	536	544	536	543	2185700	543
05/11/2009	538	547.5	534	542.5	4558100	542.5
06/11/2009	544	549	540.5	546.5	3530300	546.5
09/11/2009	548.5	552	544.5	550.5	6561700	550.5
10/11/2009	553	554	546	547.5	2608500	547.5
11/11/2009	548	550.5	538	540	4263100	540
12/11/2009	540.5	543	535.5	539.5	5200800	539.5
13/11/2009	541.5	541.5	536	541	3179900	541
16/11/2009	544.5	546	539.5	542	3475300	542
17/11/2009	539.5	549.5	539.5	544.5	2327400	544.5
18/11/2009	544.5	554.5	544	550.5	2725100	550.5
19/11/2009	547.5	553.5	539	540	2876200	540
20/11/2009	540	545	534.5	539.5	3854800	539.5
23/11/2009	542.5	550	542	546	2686200	546
24/11/2009	543	545.5	539	541	2377800	541
25/11/2009	546	548.5	537.5	544.5	2537900	544.5
26/11/2009	544	545	532.5	532.5	1971600	532.5
27/11/2009	526.5	534.5	525.5	530.5	2491500	530.5
30/11/2009	530.5	531.5	526.5	529.5	2535900	529.5
01/12/2009	535	547	531.5	545.5	5773700	545.5
02/12/2009	546	554	544.5	552	3232200	552
03/12/2009	555	556.5	541	543.5	4375200	543.5
04/12/2009	544.5	549	538.5	543.5	2451400	543.5
07/12/2009	544	553	537.5	549	1848500	549
08/12/2009	549	561.5	544.5	548	3032100	548
09/12/2009	550	556	540	544	3127100	544
11/12/2009	565	583	565	578	7650700	578
14/12/2009	582.5	582.5	570	572	2946000	572
15/12/2009	574	577	569.5	570.5	3245300	570.5
16/12/2009	567.5	573	563	569.5	4405900	569.5
17/12/2009	565	570.5	564.5	564.72	2097700	564.72
18/12/2009	564	569	553.5	555	6076700	555
21/12/2009	557.5	567.5	554.5	562.5	1553300	562.5
22/12/2009	562	570.5	562	565	1694600	565
23/12/2009	566	568	562.5	563.5	1062000	563.5
24/12/2009	561	562.5	559	561.5	412800	561.5
29/12/2009	565	567.5	562	565	1236200	565
30/12/2009	565	567	559.5	562.5	839200	562.5
31/12/2009	564	566	561	562	258600	562
