Date	Open	High	Low	Close	Volume	Adj Close
03/01/2006	254.75	257.75	251.75	254.25	21868100	254.25
04/01/2006	255.5	256.5	250	251.5	21727300	251.5
05/01/2006	252	252.5	249.75	250.5	23360800	250.5
06/01/2006	251.75	251.75	247.75	249.75	14009200	249.75
09/01/2006	250.75	253	248.5	250	13645200	250
10/01/2006	250.5	255	247.25	250	16308400	250
11/01/2006	250	252	248.75	249.5	14016200	249.5
12/01/2006	248.5	251.75	248.5	250.25	12709100	250.25
13/01/2006	251.25	252.5	246.75	248.25	10805700	248.25
16/01/2006	246.75	251.25	246.75	251.25	7233100	251.25
17/01/2006	250.5	251.5	248.5	251.5	22977700	251.5
18/01/2006	250	261.75	249	258	37602600	258
19/01/2006	258.25	266.5	258	264	41521100	264
20/01/2006	265.25	266.5	262.5	263.25	28577400	263.25
23/01/2006	266	272.25	264	265	49269000	265
24/01/2006	265	269	259.75	262	33114300	262
25/01/2006	264	267	260.25	262.25	23079500	262.25
26/01/2006	264	266	261.25	262	19313900	262
27/01/2006	264.5	273	264	272	33566800	272
30/01/2006	272	272.25	266	271	14444600	271
31/01/2006	269.75	273.25	266.25	266.75	12106100	266.75
01/02/2006	269.25	271	267.75	270	22020000	270
02/02/2006	270.5	337.5	268.75	300	163605700	300
03/02/2006	293	301	285.75	293.25	79721100	293.25
06/02/2006	290.25	295	283.5	284.75	21473200	284.75
07/02/2006	286.5	290	283	286.75	22373200	286.75
08/02/2006	285.25	296.75	282.5	288.75	32589300	288.75
09/02/2006	288.5	290	285.5	285.5	11028000	285.5
10/02/2006	286.25	294.5	284	287.5	14988500	287.5
13/02/2006	289	290	282	283.5	13502600	283.5
14/02/2006	285.75	288.5	279	281.5	30889900	281.5
15/02/2006	283.5	285	278.75	280	21078400	280
16/02/2006	280	283.25	278.25	281	20163200	281
17/02/2006	282.5	297	282.5	286	14752700	286
20/02/2006	285.25	298.25	285.25	296	49372900	296
21/02/2006	299	311.5	296.25	297.25	36467400	297.25
22/02/2006	296	301.75	295	296.25	23049000	296.25
23/02/2006	296	297	283.25	285.75	38968900	285.75
24/02/2006	288	291	283.5	287.75	18027800	287.75
27/02/2006	291	295	289	293	15964300	293
28/02/2006	292	296.5	289.25	290.5	24482600	290.5
01/03/2006	291	295.75	289	294.5	19241400	294.5
02/03/2006	293.25	298	290.5	296	19176900	296
03/03/2006	296	297.75	292.5	296	12578800	296
06/03/2006	297	301	292	299.25	14602200	299.25
07/03/2006	296.5	302.25	296.5	299.25	14765300	299.25
08/03/2006	299.75	304	287.25	289.5	25282800	289.5
09/03/2006	292.25	293.5	285.75	289.75	19370100	289.75
10/03/2006	290	294	289.25	294	17621500	294
13/03/2006	294.25	297.75	291.5	294	11598200	294
14/03/2006	292.5	296.75	290.5	294	10545100	294
15/03/2006	297	300	294.75	298	16379000	298
16/03/2006	300	306.25	297	300.25	24175700	300.25
17/03/2006	305	307.25	298.75	299	28912700	299
20/03/2006	300	302	295.75	296.25	12950900	296.25
21/03/2006	295.25	301	294	300	10716200	300
22/03/2006	298.25	301.75	298	301.75	14348400	301.75
23/03/2006	301.75	304	296.5	298.5	9195600	298.5
24/03/2006	298.75	304.25	293.75	297.25	13267300	297.25
27/03/2006	295.75	300	289.75	289.75	29421400	289.75
28/03/2006	291	292.5	282	284.25	24727600	284.25
29/03/2006	283	291.5	282.5	285	17446700	285
30/03/2006	285.5	288	283.5	285	13461500	285
31/03/2006	285.75	286.5	281	281.5	38933300	281.5
03/04/2006	281.5	284.5	281.25	284	27358700	284
04/04/2006	284.5	285.75	281.5	283.5	46630500	283.5
05/04/2006	282.75	285.5	281.75	283	16666000	283
06/04/2006	283.75	287.5	283.5	287	29876700	287
07/04/2006	287	294	284	284.25	20843100	284.25
10/04/2006	282.5	287	282.5	286.5	18211600	286.5
11/04/2006	285.5	287	280.25	281.5	68342700	281.5
12/04/2006	280.25	285.25	280.25	284.25	36069100	284.25
13/04/2006	284.75	285.75	281.25	285.25	14379300	285.25
14/04/2006	285.25	285.25	285.25	285.25	0	285.25
17/04/2006	285.25	285.25	285.25	285.25	0	285.25
18/04/2006	285	289.5	282	283.5	15251900	283.5
19/04/2006	284.75	291.75	284.75	291.25	23036600	291.25
20/04/2006	290.75	297.25	290	292	21353700	292
21/04/2006	293	299	293	298	23558200	298
24/04/2006	298	306.5	297.75	304.25	35904800	304.25
25/04/2006	304	313	299.75	302.25	16633300	302.25
26/04/2006	304	318.5	304	307.25	58429300	307.25
27/04/2006	306.5	315	298	298.75	24069100	298.75
28/04/2006	298.75	304.75	298	298.75	17292900	298.75
01/05/2006	298.75	298.75	298.75	298.75	0	298.75
02/05/2006	302.5	304.75	298.25	300.5	45044500	300.5
03/05/2006	301.75	308	296.5	298	18083200	298
04/05/2006	297.25	302.25	296.5	298	16593400	298
05/05/2006	297.25	308	297.25	303.5	52018500	303.5
08/05/2006	304	307.5	298.5	299.25	21529800	299.25
09/05/2006	298.25	307	297	300	27580300	300
10/05/2006	301.25	301.5	296	296	32239800	296
11/05/2006	295	299	293.25	293.25	15185100	293.25
12/05/2006	292	297	287.75	290	19595500	290
15/05/2006	289.25	289.75	280.5	288	14380400	288
16/05/2006	289.25	290	283.34	283.5	22894000	283.5
17/05/2006	283	287.91	273.19	274.25	21467400	274.25
18/05/2006	274	277.75	266.75	269.5	21005000	269.5
19/05/2006	260	267	252	264.75	46943400	264.75
22/05/2006	263.75	266.31	259.09	260.75	10541100	260.75
23/05/2006	260.75	270.75	260.58	268	20716600	268
24/05/2006	263.5	274.9	262.53	271	30860200	271
25/05/2006	270	273.5	268.25	270.75	17921500	270.75
26/05/2006	274.5	277.82	271	276.75	10042200	276.75
29/05/2006	276.75	276.75	276.75	276.75	0	276.75
30/05/2006	274	278.64	270.87	271.75	47552500	271.75
31/05/2006	268	282	265.25	278.5	19005500	278.5
01/06/2006	277.25	283.48	271.12	275	21885900	275
02/06/2006	276.5	279.5	274.75	276.25	21886800	276.25
05/06/2006	276.5	277.1	272.59	274.25	7005600	274.25
06/06/2006	272.75	278	270.25	270.25	17326900	270.25
07/06/2006	270.25	278.5	268.25	275	31049600	275
08/06/2006	268.25	287.12	267.25	279	42812200	279
09/06/2006	281	284.13	277.45	279	28349100	279
12/06/2006	279	284.93	278.54	282.75	58963000	282.75
13/06/2006	279	280.14	269.71	270.75	23325000	270.75
14/06/2006	271.75	278.33	267	271	19321700	271
15/06/2006	271.5	276.8	271.04	272	18308900	272
16/06/2006	275.5	277.83	269.25	269.25	36632400	269.25
19/06/2006	272.75	282.77	268.32	271.25	21001300	271.25
20/06/2006	269.75	282.33	269.75	282	37548300	282
21/06/2006	283.25	285.38	280.07	284	22582200	284
22/06/2006	286	287.61	278.11	279.75	25866000	279.75
23/06/2006	278.75	282.42	272.56	274.25	17425000	274.25
26/06/2006	275	277.5	269	269	32732700	269
27/06/2006	272	275.11	269.31	271	17207000	271
28/06/2006	269	275.25	269	272	15175800	272
29/06/2006	275	275.5	271.5	274	19744800	274
30/06/2006	280	293.75	276.75	285.25	38859100	285.25
03/07/2006	285.5	292.25	279.75	282.5	20282800	282.5
04/07/2006	281.5	287.25	278.75	286.25	6953100	286.25
05/07/2006	282	286.5	280.5	282	8977700	282
06/07/2006	282.25	285	280	283.25	14773900	283.25
07/07/2006	281.5	284.25	277	279.25	13012100	279.25
10/07/2006	280.25	281	275.25	278	11933800	278
11/07/2006	278.25	279	273	273.25	16307900	273.25
12/07/2006	274	277	273.25	275.25	11455400	275.25
13/07/2006	273.5	276.5	271.75	272.75	9320000	272.75
14/07/2006	271	273	268	270.25	12515300	270.25
17/07/2006	270	276.5	270	275.25	22339800	275.25
18/07/2006	273	278.5	273	277	16153800	277
19/07/2006	281	283.75	277	282.25	20672400	282.25
20/07/2006	282.5	286	277.25	278.75	13078900	278.75
21/07/2006	278.5	283.75	277	279	18132300	279
24/07/2006	280	287.25	278.5	286	25778000	286
25/07/2006	286.5	288	285.75	286	26639700	286
26/07/2006	286.75	294	284	292.5	34968100	292.5
27/07/2006	289	299	286.75	292.75	32614900	292.75
28/07/2006	292.5	297	292.5	295.75	20373200	295.75
31/07/2006	295.5	297.25	292.5	293	18404300	293
01/08/2006	291.75	296	291.75	295.25	21469700	295.25
02/08/2006	296.5	298	294	296.5	17049600	296.5
04/08/2006	296.25	298	292.5	292.75	12620700	292.75
07/08/2006	290	290.75	288.5	290	13026900	290
08/08/2006	291.25	292.5	289.5	291.5	13196400	291.5
09/08/2006	293.25	295.5	290.5	291.5	17393900	291.5
10/08/2006	289	293.75	286.5	292.75	14969400	292.75
11/08/2006	292.25	295.5	291	293	8864200	293
14/08/2006	294.75	295.25	292.25	294.75	11241300	294.75
15/08/2006	293.5	295.75	292.5	295.5	14921500	295.5
16/08/2006	294.75	299.25	291.75	297.25	17047400	297.25
17/08/2006	297.25	299.75	295.75	297.5	11602700	297.5
18/08/2006	296.5	298.25	295.5	297.25	15075900	297.25
21/08/2006	297.75	299.75	294	296	11141400	296
22/08/2006	295.75	298.75	290.75	290.75	15470700	290.75
23/08/2006	292	292	287	287.75	18493200	287.75
24/08/2006	289	294.25	287	293.25	17208700	293.25
25/08/2006	294.25	296.25	291	293.5	8213800	293.5
29/08/2006	294.5	295.5	291.75	292.75	8940100	292.75
30/08/2006	293.25	295.75	292	294.75	14885300	294.75
31/08/2006	294.5	297.5	294.5	295	14058000	295
01/09/2006	294.75	304	294.75	300.25	22177200	300.25
04/09/2006	299.75	304.5	298.25	302.5	12355600	302.5
05/09/2006	303.25	312.75	303.25	308.25	39933500	308.25
06/09/2006	310	314	306.5	307.25	23789200	307.25
07/09/2006	305.5	313	303.75	311.5	24218500	311.5
08/09/2006	311	313.5	310.75	311.75	18792800	311.75
11/09/2006	310.25	313.25	310	311	7433900	311
12/09/2006	310.5	319.75	310.5	319.75	39243200	319.75
13/09/2006	319	321	312.5	313.75	34404700	313.75
14/09/2006	314.25	316.5	313	313.25	44918800	313.25
15/09/2006	312.25	315.5	310	313.75	55191600	313.75
18/09/2006	315	318	311.75	315.75	10289400	315.75
19/09/2006	316.25	319.25	315.25	317.75	21964800	317.75
20/09/2006	317	319	315.5	318.5	13205800	318.5
21/09/2006	320.5	325.25	318	324.25	39014700	324.25
22/09/2006	321.25	326	319.25	320	17321500	320
25/09/2006	320	325.75	318	318.5	20720100	318.5
26/09/2006	318.5	327.5	318.5	325	27088600	325
27/09/2006	323.25	332.25	321.5	324.25	22503800	324.25
28/09/2006	323.5	328.5	323.25	326.5	18761900	326.5
29/09/2006	326	328.5	324.25	325.25	13036300	325.25
02/10/2006	320.25	328.75	320.25	326.25	15953000	326.25
03/10/2006	323.5	329	321.75	328	22969900	328
04/10/2006	330.25	335	328	334	51835900	334
05/10/2006	335	338.25	333	335	29478100	335
06/10/2006	336.5	338.75	333.25	333.25	12945900	333.25
09/10/2006	334	336.25	328.25	330	18716700	330
11/10/2006	331.25	333.5	327.25	328.5	23688500	328.5
12/10/2006	327.75	334.5	327.75	332.75	13858300	332.75
13/10/2006	333.5	336	325.75	326.75	28418700	326.75
16/10/2006	326	332.5	325	331	9851200	331
17/10/2006	330	333	321.25	326	20834300	326
18/10/2006	326.5	334.25	326.5	331.5	14173700	331.5
19/10/2006	331.75	333	329.25	331	10772100	331
20/10/2006	331.75	337	331	336	18564500	336
23/10/2006	336	337	331.5	333.5	8275100	333.5
24/10/2006	331.5	336	330	334.75	9726400	334.75
25/10/2006	334	337	331.5	333	9169500	333
26/10/2006	332.5	335.25	330	330.75	8777600	330.75
27/10/2006	332	334	329.5	331.75	19772200	331.75
30/10/2006	342	342	332	333.75	16977500	333.75
31/10/2006	332	335.75	330.25	331.25	11385400	331.25
01/11/2006	332.5	336.25	330.25	333.75	13340700	333.75
02/11/2006	333.75	335	328.75	332.75	17198600	332.75
03/11/2006	333.75	335.5	329.75	330.5	10518700	330.5
06/11/2006	331.25	335.25	330.75	334.25	7832800	334.25
07/11/2006	333.5	337.25	333	334.5	10422500	334.5
08/11/2006	334	343	332.25	338.25	27842100	338.25
09/11/2006	337.75	346	337.75	345.25	18652000	345.25
10/11/2006	345.75	349.5	343.25	348	13107900	348
13/11/2006	347	349.75	343.75	346.75	8785400	346.75
14/11/2006	345.5	349.25	344.75	346	7118000	346
15/11/2006	348.75	348.75	343.5	344.75	28972500	344.75
16/11/2006	343.5	347.5	342.5	346.5	90976700	346.5
17/11/2006	347.5	347.75	342	343.25	8144700	343.25
20/11/2006	342	347.25	339.5	346.5	13583900	346.5
21/11/2006	345.25	348.5	343.75	347	8874500	347
22/11/2006	349.75	350	338.75	340	16633000	340
23/11/2006	340	342.75	334.5	339.25	16027000	339.25
24/11/2006	338	341.5	334.75	339.75	15540700	339.75
27/11/2006	338.75	340.75	333.75	334.5	16076000	334.5
28/11/2006	335.75	339	331.25	335.25	15677600	335.25
29/11/2006	335	337.25	332	335	23359000	335
30/11/2006	334.5	335	330.75	330.75	17883600	330.75
01/12/2006	332.25	339	330.5	336	25323300	336
04/12/2006	335.75	339.75	334	339	13123700	339
05/12/2006	339	342.5	337	338.5	9739200	338.5
06/12/2006	337.25	344.75	335.75	344.75	16456200	344.75
07/12/2006	343.75	346.75	341.75	344.25	15850400	344.25
08/12/2006	344	347.5	341.5	347	14171500	347
11/12/2006	345	348	339.75	342.25	20968400	342.25
12/12/2006	343	343.25	335.75	336	21474300	336
13/12/2006	335.5	341.5	333	340.5	24805300	340.5
14/12/2006	340.25	344.5	336.75	343.25	19631900	343.25
15/12/2006	344.5	346	339.25	340.5	26661900	340.5
18/12/2006	340.5	348.5	337.75	345.25	14996900	345.25
19/12/2006	344.75	357	344	352.25	31123700	352.25
20/12/2006	352.5	356.5	345.25	345.5	19120400	345.5
21/12/2006	346	347.75	344	345.5	16925000	345.5
22/12/2006	344.25	357	344.25	356	7057500	356
27/12/2006	359.5	364.75	355.25	359.75	11948000	359.75
28/12/2006	359.25	361	357.5	359	7408000	359
29/12/2006	361	361.5	354.25	354.5	2272400	354.5
02/01/2007	357	360.5	355.5	360.5	7804100	360.5
03/01/2007	361.5	364.25	357.5	362.75	15531200	362.75
04/01/2007	360.75	363.25	356.25	361.25	19796900	361.25
05/01/2007	358.75	361.25	350	350.25	16470100	350.25
08/01/2007	350	354.75	350	352	16120200	352
09/01/2007	352	353	347	348	17904000	348
10/01/2007	346.75	348.25	342.75	345	23193500	345
11/01/2007	345.75	351	345	349.75	17441500	349.75
12/01/2007	349.75	355.25	349.75	353.5	23231100	353.5
15/01/2007	357	359.5	355.75	358.25	12270900	358.25
16/01/2007	358	360.25	354.75	355.25	10890900	355.25
17/01/2007	358.5	365.5	358.25	361.75	36779900	361.75
18/01/2007	361.5	369	361.5	363.75	18889000	363.75
19/01/2007	362.25	366.25	357.75	365	11981500	365
22/01/2007	366.25	369.25	364.5	366.25	9011100	366.25
23/01/2007	367.25	370	364.5	369	15577400	369
24/01/2007	368.75	373.25	366.25	370.5	24504800	370.5
25/01/2007	370	374	366	372.5	30002000	372.5
26/01/2007	370	379	370	376	29205200	376
29/01/2007	372.75	378.75	372.75	378.25	20903100	378.25
30/01/2007	378.25	378.25	374	374	16437500	374
31/01/2007	372	375.25	370.5	371	25378300	371
01/02/2007	373.25	377	370.75	376	27936400	376
02/02/2007	374.5	377.5	369	371	36614700	371
05/02/2007	371	371.25	367.5	369.5	19258600	369.5
06/02/2007	370.75	371.25	365.75	366.5	35071000	366.5
07/02/2007	367	372.5	365.5	371	24091600	371
08/02/2007	374	375.5	367.5	368	16095500	368
09/02/2007	368	373.75	368	373.5	20468100	373.5
12/02/2007	373	373	368	369	16989200	369
13/02/2007	370	370	364.5	365.75	21862900	365.75
14/02/2007	366.5	369.5	365.25	369.25	24357100	369.25
15/02/2007	370	373	368	373	22790100	373
16/02/2007	371.25	375	371	375	19464600	375
20/02/2007	376.75	381.5	375	376.5	26927400	376.5
21/02/2007	378	378.5	369.75	370.25	27700400	370.25
22/02/2007	377	388	375.25	387.5	46354400	387.5
23/02/2007	384.75	386	379.75	384	30434600	384
26/02/2007	386.75	390	385.75	388.5	15849300	388.5
27/02/2007	388.25	390	373.75	375	22476800	375
28/02/2007	368	378.25	365.25	374.25	39383200	374.25
01/03/2007	373	377.25	360.25	366.25	32101700	366.25
02/03/2007	366	370.5	362	369	22451100	369
05/03/2007	363.25	364.75	360	360.75	31120000	360.75
06/03/2007	361.5	365	359.5	362.5	29695100	362.5
07/03/2007	363	365.75	359.25	363	19030100	363
08/03/2007	364.25	367.5	362.75	366.75	18083200	366.75
09/03/2007	368	370.5	364.25	369.5	43288800	369.5
12/03/2007	371.75	373.5	364.25	365.25	14083800	365.25
13/03/2007	367	367	362	362	11087500	362
14/03/2007	359	361	355	355	18372400	355
15/03/2007	358.5	361.5	354.5	361.5	32643600	361.5
16/03/2007	361.5	365.75	360	365	43410000	365
19/03/2007	367.5	372.25	366.75	370.75	34910500	370.75
20/03/2007	372	375	369.25	375	19987700	375
21/03/2007	372	378	372	377.5	16033400	377.5
22/03/2007	382.75	383.75	374	377.5	14953100	377.5
23/03/2007	373.5	380.25	373.5	379.5	15708600	379.5
26/03/2007	378.75	380.5	376.75	378.75	11247900	378.75
27/03/2007	379	381.75	377	378.5	15918200	378.5
28/03/2007	378.75	379	373.75	375.25	18562900	375.25
29/03/2007	377.75	379	373.75	375.5	13936900	375.5
30/03/2007	374.75	387.25	374.75	386.5	32918700	386.5
02/04/2007	385.5	389.75	382.25	386	17027200	386
03/04/2007	390	395.25	388	393.25	53163200	393.25
04/04/2007	395.25	396	390	391.5	72315300	391.5
05/04/2007	392	396	391.75	394.75	38544400	394.75
10/04/2007	393.75	399	390.25	396.25	41666100	396.25
11/04/2007	396.25	399	393	396.75	16106800	396.75
12/04/2007	395.5	397	391	394.5	20016900	394.5
13/04/2007	393.75	395	391.5	393.5	16734000	393.5
16/04/2007	393.75	396.5	391.25	396	16090300	396
17/04/2007	396	397.5	391.75	392.5	25761700	392.5
18/04/2007	390.5	394	387.5	389.25	17993600	389.25
19/04/2007	385.5	390.5	384	389.25	17360200	389.25
20/04/2007	390	392	388.5	389.25	15861800	389.25
23/04/2007	388.25	389	383.5	384.25	18153300	384.25
24/04/2007	384.25	387.75	381.5	384.75	20315100	384.75
26/04/2007	384.5	388.75	381	386	20208600	386
27/04/2007	386	386	380	382	31675100	382
30/04/2007	383	389	381.75	388	20801900	388
01/05/2007	384.5	387.5	383.5	386.25	19477500	386.25
02/05/2007	386.5	390	381.5	384.25	52723100	384.25
03/05/2007	382.75	384.25	380	382	23482800	382
04/05/2007	380	385.5	378.75	382.75	10220000	382.75
08/05/2007	381	384	379	382.25	18147500	382.25
09/05/2007	382.25	387	378.75	380.25	72063400	380.25
10/05/2007	380.75	382.75	376.75	379.75	55720900	379.75
11/05/2007	377.5	385	377.25	385	26587900	385
14/05/2007	389.75	397	389.5	393.25	32973400	393.25
15/05/2007	392	393	386.5	387.25	33997100	387.25
16/05/2007	388	394	385.75	392.5	22741000	392.5
17/05/2007	395.75	398	391.25	393.5	8079700	393.5
18/05/2007	394.75	398.25	392.25	397	15341000	397
21/05/2007	396.5	398.75	393.5	395	9094300	395
22/05/2007	395	396	387	388.5	26036200	388.5
23/05/2007	390	392.75	385.75	387	22665200	387
24/05/2007	384.25	387.75	379.75	380.25	19140400	380.25
25/05/2007	378.5	383.25	376.75	382.5	16759600	382.5
29/05/2007	383	384.75	377.25	381	13280100	381
30/05/2007	376	384	376	383.5	7895200	383.5
31/05/2007	384.75	387.25	380.25	383.25	17713100	383.25
04/06/2007	379.75	380.25	375.25	378	9747400	378
05/06/2007	378	384.25	378	381.5	35400600	381.5
06/06/2007	380.75	381	368	369.25	14636500	369.25
07/06/2007	372.25	373.25	362.75	365	25579300	365
08/06/2007	362.5	364.75	356.25	359.5	23101500	359.5
11/06/2007	367.75	377.75	363	367.25	40539700	367.25
12/06/2007	365.25	370.75	361.75	363	12667400	363
13/06/2007	362.5	365.5	359.25	364.5	13152800	364.5
14/06/2007	373.25	380.75	372	380.75	38583800	380.75
15/06/2007	380.75	386.75	380	384	33747700	384
18/06/2007	388.25	392.5	383.5	385.5	18024100	385.5
19/06/2007	384.25	388.75	384	386.75	13284700	386.75
20/06/2007	387	388	375.25	376.75	26838500	376.75
21/06/2007	375.25	383.75	374.75	379.5	19627200	379.5
22/06/2007	379	387.5	376.75	385.5	25540700	385.5
25/06/2007	385	386.75	380	384.5	18943700	384.5
26/06/2007	384.5	386	381.25	382.75	15996700	382.75
27/06/2007	386	388.75	384	385.75	40231800	385.75
28/06/2007	387.25	388.5	380	386.75	27169700	386.75
29/06/2007	389	391	384.5	388.5	27561800	388.5
02/07/2007	388.5	389.25	382	385.25	18403700	385.25
03/07/2007	386.5	388.5	383.25	384	25167700	384
04/07/2007	383.25	393	383.25	385.25	12710100	385.25
05/07/2007	385.5	386.5	380.75	382	14885600	382
06/07/2007	380.25	384.25	379	383.5	9900700	383.5
09/07/2007	385.5	386.25	379.75	380.25	20401400	380.25
10/07/2007	381.5	385.5	379.25	381	25874200	381
11/07/2007	378.75	380.75	375.25	379	22766200	379
12/07/2007	381.5	381.75	375.75	380.75	20053000	380.75
13/07/2007	384.5	389	383.25	386	23059300	386
16/07/2007	387.5	388.25	383.5	384	12967800	384
17/07/2007	385	386.25	381.5	383.5	20929500	383.5
18/07/2007	381.5	381.75	377	377	15374500	377
19/07/2007	378	384.25	376.75	381.5	18318600	381.5
20/07/2007	380.5	384.75	377.5	378	16035800	378
23/07/2007	378	380	376.5	379.75	16223700	379.75
24/07/2007	377	379.25	374.5	375.25	14949400	375.25
25/07/2007	376.5	383.75	371.25	375.25	24252000	375.25
26/07/2007	375.25	379.5	366.75	368.5	21696000	368.5
27/07/2007	364	372.75	360.75	362.5	28961500	362.5
30/07/2007	362	362.75	357	358	34494300	358
31/07/2007	359	364.75	358	360.25	39700200	360.25
01/08/2007	356	360	354	355	34411800	355
02/08/2007	361	361.5	350.25	351.5	34626900	351.5
03/08/2007	353.5	354	340.5	342.5	29182100	342.5
06/08/2007	336	341.5	334.75	335.5	34353200	335.5
07/08/2007	337	341.75	336.5	340.5	51018800	340.5
08/08/2007	342	346	337.75	342	68435000	342
09/08/2007	344.75	344.75	328.5	338.5	60702800	338.5
10/08/2007	333.75	341	321.5	335	44796600	335
13/08/2007	338.25	349.5	336.75	348.5	37693300	348.5
15/08/2007	346.75	357.75	345.5	356	30003500	356
16/08/2007	352	357.5	350.5	353	35947000	353
17/08/2007	360	364.5	349.25	362.5	42962600	362.5
20/08/2007	362.5	367.75	360	365.25	21273500	365.25
21/08/2007	365.25	370.25	360.75	368.75	27685600	368.75
22/08/2007	372	376.25	368.75	371.75	50207100	371.75
23/08/2007	373.25	375.5	369.25	370.75	20546600	370.75
24/08/2007	370.75	374.5	370.75	374.25	10624400	374.25
28/08/2007	376.75	379	371.5	372.25	15901300	372.25
29/08/2007	370	376	368.75	375.5	34358900	375.5
30/08/2007	378.5	382.25	374.75	381	25349300	381
31/08/2007	384	386	379.5	385.5	20135300	385.5
03/09/2007	387	387	382	383.25	11443500	383.25
04/09/2007	381.75	388	379.75	386.75	20774700	386.75
05/09/2007	387.5	387.5	379.25	381	17616800	381
06/09/2007	385	385	378.75	382.75	15747300	382.75
07/09/2007	381.25	383.75	370.25	372	35944300	372
10/09/2007	373.5	376.5	368.5	369.75	12409900	369.75
11/09/2007	372	377.5	369.25	377.5	25512800	377.5
12/09/2007	377	377.5	373.25	374.75	7910200	374.75
13/09/2007	375.75	378.75	372	377.75	18168600	377.75
14/09/2007	375	380.25	373.75	376.25	12463800	376.25
17/09/2007	376.5	376.5	369.75	370	13372200	370
18/09/2007	367.5	382	367	379.5	19778200	379.5
19/09/2007	385	388.75	379.5	385.75	20503500	385.75
20/09/2007	384	387	380.75	386.25	12179500	386.25
21/09/2007	383.5	389	383.5	384.75	27718400	384.75
24/09/2007	385.75	387	382.5	383.5	6572200	383.5
25/09/2007	383	387.5	377.25	378.75	22097200	378.75
26/09/2007	376.25	383	375	378.75	13814800	378.75
27/09/2007	383.75	384	379.5	380.75	14398500	380.75
28/09/2007	380	382.5	374.75	380.5	15134500	380.5
01/10/2007	377	388.75	376	388.75	16775500	388.75
02/10/2007	390	391.75	380.5	381.25	13936500	381.25
03/10/2007	381.25	387.5	381.25	387	13289100	387
04/10/2007	385.5	390	383.5	388.75	25209900	388.75
05/10/2007	389	392.75	386.25	392.75	17599300	392.75
08/10/2007	392	396.5	385.25	386	12168500	386
09/10/2007	385	396.75	382.25	396.25	18086200	396.25
10/10/2007	397.5	397.5	390.25	395.25	10788400	395.25
11/10/2007	396.5	396.5	388.75	389.5	20992600	389.5
12/10/2007	387	388.5	380.75	383	18787800	383
15/10/2007	382	384	375.75	376.75	24162800	376.75
16/10/2007	377	377.25	367.25	367.5	32901000	367.5
17/10/2007	366.75	372	365	371.25	30712900	371.25
18/10/2007	372.25	375.5	369	372.75	14003300	372.75
19/10/2007	370.75	373.25	367.25	368.75	13497800	368.75
22/10/2007	357	371.5	354	369.75	18361000	369.75
23/10/2007	372.75	380.5	368.75	379	18358500	379
24/10/2007	378.25	383	374	377.25	15002000	377.25
25/10/2007	378.25	379	372.25	372.5	24615700	372.5
26/10/2007	371.75	374.25	362	364.25	28555400	364.25
29/10/2007	368.25	368.75	358.5	359.5	25964400	359.5
30/10/2007	359.5	367.25	359.5	366.5	16032700	366.5
31/10/2007	369	374.25	365.25	368.75	27333800	368.75
01/11/2007	367.5	371.25	359.75	363.75	12278900	363.75
02/11/2007	362.25	365	358.25	362	12623000	362
05/11/2007	358.25	366.75	358.25	364.25	12397600	364.25
06/11/2007	367.25	368.75	359.75	362.25	13606400	362.25
07/11/2007	363	363	352	355.5	19584000	355.5
08/11/2007	355	362	351.25	360.5	17373200	360.5
09/11/2007	361	362.75	353.25	355.25	12637100	355.25
12/11/2007	355	361	351	360.75	13272200	360.75
13/11/2007	356.75	360.5	347.25	349.5	19526900	349.5
14/11/2007	351.75	351.75	342.5	349.75	21610400	349.75
15/11/2007	348.75	353.5	348.25	349	18365800	349
16/11/2007	349	358	347.25	356	21982600	356
19/11/2007	356	356.25	347.5	350.5	17782900	350.5
20/11/2007	351.5	357	350.25	353.25	19693700	353.25
21/11/2007	349.25	350.5	336.25	336.25	23538300	336.25
22/11/2007	341	355.5	338.25	355.5	16938800	355.5
23/11/2007	357	360.25	342.25	347.75	18955800	347.75
26/11/2007	350	351	345	345.75	16283500	345.75
27/11/2007	344	352.75	343.75	350.5	16823100	350.5
28/11/2007	352.5	357.25	346.5	355.75	14921800	355.75
29/11/2007	360.25	360.25	353.75	359.5	14249700	359.5
30/11/2007	359.75	364.75	356.75	364	15040300	364
03/12/2007	365.25	367.5	360.5	366.5	12664600	366.5
04/12/2007	367.5	367.5	362.75	363.25	14658900	363.25
05/12/2007	364.75	369	363.75	369	15898500	369
06/12/2007	370.5	375	365	371.25	12339500	371.25
07/12/2007	373.5	375	368.25	369.25	15178700	369.25
10/12/2007	368.25	372.75	366.75	369	16566600	369
11/12/2007	369.5	371.75	367.5	368.75	13246400	368.75
12/12/2007	368	371.5	364.5	371.5	20331100	371.5
13/12/2007	366	368.25	359.25	364.25	18843600	364.25
14/12/2007	360	372.5	359.25	371	15158500	371
17/12/2007	366.25	368	363.75	365.75	10881000	365.75
18/12/2007	364.75	368.75	362	362.5	13587600	362.5
19/12/2007	363.75	363.75	354.5	355.75	19708700	355.75
20/12/2007	355.5	356.5	349.5	351	12242700	351
21/12/2007	354.5	358.5	349.75	357	18466900	357
24/12/2007	357	360	355.5	359.5	1329800	359.5
27/12/2007	358.25	366	357.75	365	6074600	365
28/12/2007	362.25	366	360.75	363	2212000	363
31/12/2007	359.5	363.5	355.5	358.75	1792900	358.75
02/01/2008	356.75	363.75	353.75	355	5952100	355
03/01/2008	352.75	358.25	349.75	353.25	14010700	353.25
04/01/2008	354.5	354.5	342	342.75	19327600	342.75
07/01/2008	341.75	347.75	340.75	343	12039500	343
08/01/2008	345	349.5	340.5	343.75	22731800	343.75
09/01/2008	342.5	347.25	340.25	345	12696400	345
10/01/2008	349.5	350.25	344.25	346.5	12631400	346.5
11/01/2008	345.75	349	339.25	341.5	14185700	341.5
14/01/2008	341	343	334.75	336.75	18031700	336.75
15/01/2008	335.75	338.25	332	333	17937300	333
16/01/2008	333.5	340.75	327.25	336.5	27468700	336.5
17/01/2008	335	339.75	334	338	21754300	338
18/01/2008	336.5	349	334.75	336.5	24523100	336.5
21/01/2008	332	336	317.25	321.75	23591500	321.75
22/01/2008	315	324.75	308	322.25	31358900	322.25
23/01/2008	327.75	327.75	307.5	308.25	23457900	308.25
24/01/2008	314.75	332.25	311	329.75	24411800	329.75
25/01/2008	338.75	338.75	322	325.5	15180300	325.5
28/01/2008	323.25	325.25	317	321.5	11916700	321.5
29/01/2008	324.5	328.5	319.25	326	14205900	326
30/01/2008	325.5	325.5	317.25	320.75	11647800	320.75
31/01/2008	320.5	334.25	315.75	331.75	17915500	331.75
01/02/2008	334	337.5	328.75	336.25	14711200	336.25
04/02/2008	339	340	334.5	338.25	8553300	338.25
05/02/2008	336	340	329	331	14971500	331
06/02/2008	328.5	337.25	327.25	334.75	16399900	334.75
07/02/2008	335	336.5	326	326.75	20243400	326.75
08/02/2008	329.75	329.75	321.25	325.25	13971200	325.25
11/02/2008	323	327.5	320.75	322	9751700	322
12/02/2008	325	329.75	321.25	329.75	13849400	329.75
13/02/2008	326	337.5	325.5	334.25	17831500	334.25
14/02/2008	335	338.25	332.5	334.25	9899100	334.25
15/02/2008	334	338.5	325.5	328	12085900	328
18/02/2008	329.75	337.75	328.25	336.5	9103500	336.5
19/02/2008	335.75	338.25	329.25	333.5	13246700	333.5
20/02/2008	328.75	332	322	326.75	17363400	326.75
21/02/2008	327.75	330.25	312.25	314	29839400	314
22/02/2008	310	327.25	306	324.5	29672200	324.5
25/02/2008	326	334.5	324	328.5	16793000	328.5
26/02/2008	328.25	329.25	318	323	18500700	323
27/02/2008	324.5	324.5	319.25	323.5	13802100	323.5
28/02/2008	322.5	327.25	318	323.25	17546000	323.25
29/02/2008	322	326	320.75	323	15307200	323
03/03/2008	318	319.25	313	314.5	19443000	314.5
04/03/2008	314.25	319.75	312	318	19632300	318
05/03/2008	323	323	315.5	318.5	22053100	318.5
06/03/2008	320	329	318	322.5	24070400	322.5
07/03/2008	317.25	324.75	314.75	316.25	21260200	316.25
10/03/2008	314.25	316.5	310.5	311.5	20054500	311.5
11/03/2008	311.25	313.5	309	310.5	24599900	310.5
12/03/2008	313.25	314.75	309	311.5	16555600	311.5
13/03/2008	307	312.25	305	307	18306000	307
14/03/2008	306.5	308.75	303.25	305.25	16655500	305.25
18/03/2008	302.5	308.25	300.75	306.75	19158800	306.75
19/03/2008	309.25	309.25	296	297.25	25385700	297.25
20/03/2008	295	301.5	295	297	22897600	297
25/03/2008	303	305.75	299.5	302	21859600	302
26/03/2008	301.5	305.25	299	301.75	13465600	301.75
27/03/2008	301.75	304.5	299.75	301.75	18094300	301.75
28/03/2008	303.75	305.25	299.5	301.5	10381800	301.5
31/03/2008	300.75	302.75	295.75	298.25	18294700	298.25
01/04/2008	296.75	307	296.75	304.25	17633400	304.25
02/04/2008	304	307.75	301	306.25	13452500	306.25
03/04/2008	308	309	303.5	304.5	15104500	304.5
04/04/2008	306.5	308	302.5	303.5	13620900	303.5
07/04/2008	307	318.25	305	315.75	20911500	315.75
08/04/2008	314	318.5	312.5	316.25	13845500	316.25
09/04/2008	315.25	316.75	311	311.75	11850600	311.75
10/04/2008	310.75	315	310.25	313.25	13563800	313.25
11/04/2008	314.75	317.75	311.25	312.75	11807700	312.75
14/04/2008	311	311.75	302.5	303.25	52979500	303.25
15/04/2008	304	308	302	303	11016500	303
16/04/2008	307.5	307.5	302	307	9141500	307
17/04/2008	309.25	312.5	306.5	310.5	13407100	310.5
18/04/2008	312.75	313.25	305.5	307.25	15547100	307.25
21/04/2008	306.5	307.25	299.25	300.5	15431700	300.5
22/04/2008	299.5	308	298.25	305	21609100	305
23/04/2008	295.5	298.75	289	293.25	30486200	293.25
24/04/2008	293.25	296.5	289.75	295.5	17603100	295.5
25/04/2008	297	300.25	294.25	299	12499600	299
28/04/2008	298.25	299.75	297	298.75	9560300	298.75
29/04/2008	299.25	299.25	294.5	296.25	15446000	296.25
30/04/2008	296	296.5	291.5	294	10693300	294
01/05/2008	293	296	288.75	295.25	8080300	295.25
02/05/2008	296.5	305.25	295.25	301	25995300	301
06/05/2008	301.5	301.75	295.5	298	44339700	298
07/05/2008	296.75	297.5	290.75	293.5	14695700	293.5
08/05/2008	290.75	293.5	289.75	292.75	56699500	292.75
09/05/2008	291	291	284.5	287.5	13569900	287.5
12/05/2008	284.75	297.5	281.75	295.25	17410900	295.25
13/05/2008	296.25	296.25	288.5	293.5	13138100	293.5
14/05/2008	294.5	296.75	289	290	17855900	290
15/05/2008	289	293.75	288.5	292.75	12692000	292.75
16/05/2008	292.5	296.25	286	291	11756100	291
19/05/2008	290.25	298	290	297.75	7437500	297.75
20/05/2008	296.5	298.75	293.75	296.5	11713100	296.5
21/05/2008	297.5	298.25	293	294.75	13233900	294.75
22/05/2008	291.75	293.25	288.75	290.25	16706300	290.25
23/05/2008	289.5	290.75	287.25	288	9806300	288
27/05/2008	290.25	292.5	287.25	290	12277700	290
28/05/2008	290.5	296.25	288.25	293.75	10333400	293.75
29/05/2008	294.5	297.5	293.25	297	10741300	297
30/05/2008	298.75	300.5	292	293.75	18822800	293.75
02/06/2008	296.5	296.5	288.5	293.25	10487700	293.25
03/06/2008	294.25	298	292.5	297	11142800	297
04/06/2008	298.25	298.25	293.5	297	12738000	297
05/06/2008	297.75	304.25	297	304	17589400	304
06/06/2008	305	310	297.75	300.25	19968900	300.25
10/06/2008	297.25	298.5	294.5	296.25	8587000	296.25
11/06/2008	298.25	306.75	297.75	305	23673200	305
12/06/2008	304.5	306.75	300	303.25	19842600	303.25
13/06/2008	301	305.75	297.75	305	11351400	305
16/06/2008	307	307.75	303.5	305.75	12349000	305.75
17/06/2008	306	306.75	304.25	304.5	9126100	304.5
18/06/2008	304	307.75	299.5	305.75	12924100	305.75
19/06/2008	303.25	316.5	303.25	312	20475400	312
20/06/2008	311.75	314.5	308	309	17442200	309
23/06/2008	310	320.5	307.5	316.25	15810500	316.25
24/06/2008	315.25	318.25	305.25	309.25	12258300	309.25
25/06/2008	309.75	314.75	307.5	312.75	11702400	312.75
26/06/2008	311.75	311.75	299.75	300	17191800	300
27/06/2008	300	305	298.75	302.5	10696300	302.5
30/06/2008	303	310.25	300.75	310.25	12743200	310.25
01/07/2008	309.25	312	299	300.5	15645500	300.5
02/07/2008	300	306	300	300	13305300	300
03/07/2008	296.25	300.5	291.5	299	17259000	299
04/07/2008	299	299	295	296	7875700	296
07/07/2008	297.75	304.75	296	304.75	10288300	304.75
08/07/2008	298.5	311.75	297	311.75	18317800	311.75
09/07/2008	315.5	316.75	309.25	314.5	13103700	314.5
10/07/2008	308	309	298	299	22292500	299
11/07/2008	299.75	301.25	283.75	285.5	21653400	285.5
14/07/2008	287.75	293.25	286.25	287.5	15324400	287.5
15/07/2008	286.25	289	284	287.75	15550600	287.75
16/07/2008	288	296.25	287.75	295.25	18283500	295.25
17/07/2008	298	299	289.25	291.75	16908300	291.75
18/07/2008	290.25	295.75	287.25	292.75	13798800	292.75
21/07/2008	293.25	295.75	288.25	294	13336200	294
22/07/2008	293.75	304.5	290.75	303.25	17987100	303.25
23/07/2008	303.25	312.25	303.25	310	16130300	310
24/07/2008	310	311	304.25	308.25	13325200	308.25
25/07/2008	306.75	313	305	308.25	11650300	308.25
28/07/2008	308.25	308.75	303.75	305	10099600	305
29/07/2008	303.5	312	301.75	309.75	14633000	309.75
30/07/2008	311.25	320.75	308	318	15009700	318
31/07/2008	321.5	326.75	311.25	314.75	24288400	314.75
01/08/2008	307.75	308.75	293	297	20084300	297
04/08/2008	296	305	291.75	297.25	19007200	297.25
05/08/2008	297.75	303.25	297.5	299.5	8941300	299.5
06/08/2008	300.75	303.25	296.5	303	16669800	303
07/08/2008	300	308	300	306	11491000	306
08/08/2008	302.75	313	302.75	310.75	8552000	310.75
11/08/2008	310.25	317.25	309.75	315.25	10808600	315.25
12/08/2008	314	318	313.5	316.5	10460100	316.5
13/08/2008	316.5	319	309	314.25	10707000	314.25
14/08/2008	314.5	315.25	307.25	308.5	10030500	308.5
15/08/2008	310	311.5	304	307	9611400	307
18/08/2008	306.75	308.25	301.75	306	8075600	306
19/08/2008	304.25	306.5	301.75	302	7054100	302
20/08/2008	303.5	308.5	301.25	304.25	10991400	304.25
21/08/2008	302.75	308.5	299.5	307.75	7946900	307.75
22/08/2008	309.5	313.5	306.25	313.5	8081000	313.5
26/08/2008	310.75	316.5	306.5	314.25	8805100	314.25
27/08/2008	318.25	320.5	313.5	319	12021000	319
28/08/2008	317.75	326.75	315.25	324.75	11475300	324.75
29/08/2008	326.5	329.75	324.75	327.25	15580700	327.25
01/09/2008	325.25	330.75	323	328	7657800	328
02/09/2008	329	334.25	327.75	330.75	9170500	330.75
03/09/2008	328.75	330.25	321	322.75	9890500	322.75
04/09/2008	322	328	314.5	315	7233900	315
05/09/2008	311	318.25	309.25	316	12922600	316
08/09/2008	324.75	331	318.75	324.75	6172200	324.75
09/09/2008	329.25	332.25	322.5	324	19941900	324
10/09/2008	323	326.5	314.75	320	13074900	320
11/09/2008	321	323	310.5	315.25	14319400	315.25
12/09/2008	319.25	321.25	314.5	317.75	9848100	317.75
15/09/2008	318.75	325.5	308.75	322	14727000	322
16/09/2008	312.75	344	312.75	332	41694600	332
17/09/2008	325.5	331.75	322.75	325.5	17876100	325.5
18/09/2008	329.5	329.5	316	319.5	25346200	319.5
19/09/2008	313.25	339.5	310	328.75	15382000	328.75
22/09/2008	338.5	338.5	323.75	326	9375100	326
23/09/2008	332.5	332.5	324	330.5	11042900	330.5
24/09/2008	337	343	322.5	331	32365300	331
25/09/2008	332.75	332.75	319	321.75	15790300	321.75
26/09/2008	320	328.75	318.5	326.75	13228400	326.75
29/09/2008	323	326.25	317.5	319	13113900	319
30/09/2008	307.75	318	307.25	314	16110700	314
01/10/2008	315.75	319.75	310	314	18279200	314
02/10/2008	315	323.5	313	321	10385300	321
03/10/2008	320.5	322.75	312.75	315.25	12944000	315.25
06/10/2008	312	316.5	297	298.75	8145700	298.75
07/10/2008	301	308.75	296.5	302.75	11341800	302.75
08/10/2008	299.75	310	287.25	289.75	21007900	289.75
09/10/2008	293.25	298.25	276.75	281.25	19442900	281.25
10/10/2008	264	290	255	265	27412500	265
13/10/2008	269.25	288	267.75	287	30737300	287
14/10/2008	294.25	306.5	277.25	290.25	19888800	290.25
15/10/2008	291.75	294	281.5	282.25	25839100	282.25
16/10/2008	279.75	290.5	270	285.75	19940800	285.75
17/10/2008	298	306.5	290.25	306	42880600	306
20/10/2008	307	320	298	312.75	28016600	312.75
21/10/2008	319	321.25	304.25	307	16514400	307
22/10/2008	300	314.5	300	304.25	18795900	304.25
23/10/2008	306.75	314.75	301.25	312	22250500	312
24/10/2008	308	310.25	296	307.5	29693800	307.5
27/10/2008	302.75	303.25	293.5	299.5	16487500	299.5
28/10/2008	304	304	289.25	292.25	19613900	292.25
29/10/2008	302.5	305.5	294	303	21486400	303
30/10/2008	308	309.5	297.75	306.25	13680400	306.25
31/10/2008	285	308.25	276.75	304.5	36866000	304.5
03/11/2008	307.25	307.25	291	303.25	22603100	303.25
04/11/2008	305.5	321	301.75	321	18307700	321
05/11/2008	321.25	334.25	314	329.5	19542000	329.5
06/11/2008	325.75	327	311.25	312.5	25937600	312.5
07/11/2008	313.5	325.25	309.25	323	19826100	323
10/11/2008	330	331.5	313.75	318.75	16412500	318.75
11/11/2008	315.25	318.25	311.5	313.25	14226500	313.25
12/11/2008	318.25	320.5	310.75	313.75	17698600	313.75
13/11/2008	310.5	314.75	302.5	307	16674600	307
14/11/2008	314.25	316.5	302.75	307.75	16301000	307.75
17/11/2008	305.75	310	290	301	21665600	301
18/11/2008	301.75	307.5	298.25	306.5	13122600	306.5
19/11/2008	308.25	309	295	295.75	11456800	295.75
20/11/2008	287.5	293.5	282.75	285.75	13200000	285.75
21/11/2008	285	285.75	265.5	267.75	26032300	267.75
24/11/2008	235	274	234.75	274	38074600	274
25/11/2008	268.25	273	250	254.25	43761000	254.25
26/11/2008	253.75	257.75	239.25	240	44532800	240
27/11/2008	240.75	241.5	228.75	232	50513200	232
28/11/2008	234.5	237.25	226.25	236.5	32617600	236.5
01/12/2008	236.5	239.75	205	208.75	54344700	208.75
02/12/2008	207.5	217.75	206.5	217.75	49597800	217.75
03/12/2008	218	218.75	211.25	214.5	44878400	214.5
04/12/2008	215.25	216.5	203.25	207.5	49417200	207.5
05/12/2008	207.5	213.5	205	212.5	71898100	212.5
08/12/2008	225.25	225.75	211	216.25	48191700	216.25
09/12/2008	216	235.25	212.75	232.5	56118600	232.5
10/12/2008	235	240.25	230	240	36323900	240
11/12/2008	240	252.25	237.75	251.5	26882100	251.5
12/12/2008	244.5	253.5	241	252.25	21466900	252.25
15/12/2008	252	252	231.25	234	69980600	234
16/12/2008	236	243.5	233.75	242	26015000	242
17/12/2008	246.5	246.75	237.75	241	20123200	241
18/12/2008	240.25	255	240.25	255	21258200	255
19/12/2008	253.25	254.5	241.5	244	23165100	244
22/12/2008	240	254.5	240	253.5	14133000	253.5
23/12/2008	254.75	261	252.75	253	12280200	253
24/12/2008	250	262.25	250	254.25	2709200	254.25
29/12/2008	257.75	265.5	252.25	262.75	12282300	262.75
30/12/2008	266	266.25	260.75	261.5	8907200	261.5
31/12/2008	263.75	272.5	260	266	5028900	266
02/01/2009	269.5	269.5	260.25	262.5	3585800	262.5
05/01/2009	266.5	275	263	274	8017200	274
06/01/2009	275	277.5	271	277	15772800	277
07/01/2009	275	277	265.5	270	15646200	270
08/01/2009	269.5	272.25	261	270	12456800	270
09/01/2009	269.75	272	263.75	265.5	11682000	265.5
12/01/2009	265.25	269	258.25	264.25	10797200	264.25
13/01/2009	264	271	261.25	270	13145200	270
14/01/2009	272	272	258.75	264	15832700	264
15/01/2009	261	271	261	267.5	18880900	267.5
16/01/2009	273.25	274.25	261.75	263	16696300	263
19/01/2009	268	280.25	266.75	274.5	23769400	274.5
20/01/2009	272	274.75	264	272	21934900	272
21/01/2009	268.5	271	263.25	265.25	24628400	265.25
22/01/2009	268	268.25	253.75	257.5	28151700	257.5
23/01/2009	258	261.25	254	259.75	19045300	259.75
26/01/2009	258.5	270	256.75	268.75	13615500	268.75
27/01/2009	267	268.75	261.75	265.5	12537800	265.5
28/01/2009	266.75	271	262.75	266.75	15208400	266.75
29/01/2009	265.25	268	255.5	257.25	14651500	257.25
30/01/2009	258	263	255.25	258	13559200	258
02/02/2009	257.25	259.75	252	256.5	11529500	256.5
03/02/2009	255.75	264	254.75	262.5	9127100	262.5
04/02/2009	262.25	268.25	260	264.75	12465100	264.75
05/02/2009	263	268.75	262.75	268	14358100	268
06/02/2009	269.5	274.75	266.75	271.25	15354400	271.25
09/02/2009	270.25	276.25	269.25	273.75	8531200	273.75
10/02/2009	273	287	271.75	284.75	59452500	284.75
11/02/2009	282.5	288	276.25	285	23215800	285
12/02/2009	283	284	277	281.5	31883400	281.5
13/02/2009	282.25	288.75	280	285.75	20673600	285.75
16/02/2009	283.5	284.5	276.5	278.25	9307900	278.25
17/02/2009	278.5	280.5	272.25	275.5	14156800	275.5
18/02/2009	277.5	277.5	267	270.5	9603800	270.5
19/02/2009	270.25	272.25	262.5	267.75	17651800	267.75
20/02/2009	265.75	268.75	261.5	264.5	13125700	264.5
23/02/2009	266	267.75	261.25	263.5	10539200	263.5
24/02/2009	262.75	264.75	257.5	259.75	14219900	259.75
25/02/2009	261.75	263	253.5	258.25	14066300	258.25
26/02/2009	257	270	254.25	266	22862500	266
27/02/2009	262.25	270.5	260.25	270.5	27649900	270.5
02/03/2009	268	269	260	261.75	27188500	261.75
03/03/2009	262.5	263.25	247.75	248.75	41292300	248.75
04/03/2009	251.75	254.25	244.25	249.75	15994800	249.75
05/03/2009	248.5	255	242	248.75	18690300	248.75
06/03/2009	247.5	251.25	244	245.5	16190900	245.5
09/03/2009	246.75	247	239.5	240.75	16768600	240.75
10/03/2009	238.25	251.5	237	250	16066400	250
11/03/2009	249	250.75	234.5	235	21991200	235
12/03/2009	237	243.25	234.75	241.25	19442600	241.25
13/03/2009	242.5	247.5	238.75	240	13591500	240
16/03/2009	243	247.75	242.25	244	17935500	244
17/03/2009	244.25	251	243	246.25	12815400	246.25
18/03/2009	248.5	250.5	243.5	247	14522300	247
19/03/2009	248	249.25	235.25	236.25	20117900	236.25
20/03/2009	237	249.5	234.25	248	26793700	248
23/03/2009	251	253.5	237.75	243	17822700	243
24/03/2009	244.5	245.75	236.5	236.75	15877300	236.75
25/03/2009	237	240	233.75	235	34416100	235
26/03/2009	235.25	236.25	223.5	224.75	20247800	224.75
27/03/2009	227	233	225.5	227.25	18110700	227.25
30/03/2009	227.5	229.5	221	221	21106200	221
31/03/2009	224	228.75	222.25	227.75	21314100	227.75
01/04/2009	226.75	232.5	226	230.75	12161600	230.75
02/04/2009	231	234.25	223.5	227.5	28452000	227.5
03/04/2009	228.5	230.75	220.5	221.75	21693600	221.75
06/04/2009	224.5	234.5	224.5	232	15104800	232
07/04/2009	231.5	239.75	228.75	229.5	17119400	229.5
08/04/2009	230	230.5	225.5	229.25	15773400	229.25
09/04/2009	229.5	234.25	227.75	228.5	15025900	228.5
14/04/2009	229.75	231	226.25	227	11707300	227
15/04/2009	227.5	236.25	227.5	236.25	19942400	236.25
16/04/2009	235.5	239.5	234.25	239	17902700	239
17/04/2009	238.75	241	236.5	240	19441200	240
20/04/2009	238	245.5	237.25	243.5	6108600	243.5
21/04/2009	243.25	248.25	240.25	246	7677200	246
22/04/2009	238.5	238.5	231	235	9481700	235
23/04/2009	234.25	236	231	231	4028700	231
24/04/2009	230.5	237.75	230.5	233.5	4872500	233.5
27/04/2009	232.25	241.75	231.25	239	18448300	239
28/04/2009	231	232.75	224.5	225	5177200	225
29/04/2009	226.75	229.5	223	228.25	4237200	228.25
30/04/2009	228.75	230.25	226	227	3156000	227
01/05/2009	225.75	230	225.75	227	1676900	227
05/05/2009	230.25	230.5	225.75	227	5907300	227
06/05/2009	226	232.5	225.75	228.5	12582600	228.5
07/05/2009	227.5	237.75	227.25	232.5	7024600	232.5
08/05/2009	233	234.25	225	227.5	41128100	227.5
11/05/2009	230	244	230	241.25	5951800	241.25
12/05/2009	242.5	242.75	239	240.5	43998900	240.5
13/05/2009	241.5	247.25	241	243	5926700	243
14/05/2009	242	244.25	237	242.75	2103100	242.75
15/05/2009	242.75	244	236	237.5	2582200	237.5
18/05/2009	236	239.5	234	239.5	3350500	239.5
19/05/2009	242.5	244.75	236	244.5	3461900	244.5
20/05/2009	245	251.25	243	248.5	2670200	248.5
21/05/2009	247.75	247.75	243.75	244	2900800	244
22/05/2009	243.75	245.75	241	243	3060800	243
26/05/2009	240.75	249.75	239.25	248.25	4254600	248.25
27/05/2009	248.75	252	247.25	248.75	3508300	248.75
28/05/2009	245	251.5	244.5	249.5	4020600	249.5
29/05/2009	252.25	253.75	244.5	246	5306900	246
01/06/2009	250	250	234.75	237.5	5694700	237.5
02/06/2009	237.5	238	234	236	3808500	236
03/06/2009	237.5	237.75	229.5	230	3325000	230
04/06/2009	230.25	232.25	228	229.25	3033100	229.25
05/06/2009	233.5	234.75	228.75	229.75	2037300	229.75
08/06/2009	228.5	232	226.25	230.5	1915600	230.5
09/06/2009	231.5	232.75	229.5	231	3543500	231
10/06/2009	232.25	234.5	227.75	229	4029200	229
11/06/2009	228	231.75	226.5	229.5	2515100	229.5
12/06/2009	228.75	230.75	227	228	5752600	228
15/06/2009	227	227	223.25	223.5	2403100	223.5
16/06/2009	224.5	227.25	222.75	224	4287300	224
17/06/2009	222.75	224.25	220	222.25	2670600	222.25
18/06/2009	222.25	227.75	221.5	226	7104100	226
19/06/2009	225.75	236	225.75	234.75	25672700	234.75
22/06/2009	233.75	235.5	230	231.25	5521400	231.25
23/06/2009	230	233	228	230.25	2633700	230.25
24/06/2009	230	230.75	224.5	227.75	5692000	227.75
25/06/2009	226.5	231	226	227	4585400	227
26/06/2009	227	231.5	226.75	227.75	2805000	227.75
29/06/2009	227.75	228.5	224.5	226.75	2039100	226.75
30/06/2009	228.25	228.25	223	223	8747400	223
01/07/2009	224.25	226.25	222.5	226.25	3897800	226.25
02/07/2009	226.5	226.5	222	222.25	4044900	222.25
03/07/2009	222.25	223	220.5	221.75	2647700	221.75
06/07/2009	221.75	224	219.25	222	4265600	222
07/07/2009	222.5	222.5	218	218.5	3350100	218.5
08/07/2009	217.5	218.75	214.5	214.75	2954100	214.75
09/07/2009	214.75	217.25	212.5	217	3387600	217
10/07/2009	216	220.25	215.75	218.25	3573600	218.25
13/07/2009	220	224.25	218.5	224.25	2967800	224.25
14/07/2009	224.25	227	222	224.25	8045500	224.25
15/07/2009	224	230	224	230	3851800	230
16/07/2009	229	231.5	227.75	229.5	1471800	229.5
17/07/2009	229.75	232.25	220.75	230.25	3185500	230.25
20/07/2009	230	231.75	228.75	230.25	3669300	230.25
21/07/2009	230	232.5	228.75	230.29	3643400	230.29
22/07/2009	229.75	234.5	228.5	229.97	2335400	229.97
23/07/2009	234.25	234.25	227.5	230.5	11417500	230.5
24/07/2009	228.5	231	226.25	231	12658700	231
27/07/2009	233	233	227.25	228.5	2859700	228.5
28/07/2009	228.75	230.75	226	229.25	4115100	229.25
29/07/2009	230.5	232.25	227.75	231	5136600	231
30/07/2009	226.5	230.25	222.25	224.25	6824800	224.25
31/07/2009	223.25	224.25	219.75	220.34	7530400	220.34
03/08/2009	219.5	219.5	215.5	216.7	4857900	216.7
04/08/2009	216.6	222.3	216.3	220.6	8565600	220.6
05/08/2009	221.5	224.2	218.2	218.2	7603600	218.2
06/08/2009	220	220	216.5	217.6	3941000	217.6
07/08/2009	216.8	219.7	216	218.51	9697800	218.51
10/08/2009	219.7	223.5	218	222.1	7575000	222.1
11/08/2009	221.9	224.5	219.5	221.2	4902800	221.2
12/08/2009	222	226.5	220.9	223.5	6267700	223.5
13/08/2009	221	223.4	218.9	220	4521400	220
14/08/2009	219.2	222.8	219.2	219.6	7249500	219.6
17/08/2009	220.3	220.8	216.9	217	3066400	217
18/08/2009	217.6	221	217.6	220.6	6117900	220.6
19/08/2009	220.4	221.9	217.4	221.2	2945100	221.2
20/08/2009	221.2	224	221.1	223.6	6530400	223.6
21/08/2009	223.5	229.6	222.4	228.8	2677500	228.8
24/08/2009	228.4	237.2	228.4	234.8	15372700	234.8
25/08/2009	232.5	237.8	232.5	236	15337000	236
26/08/2009	236	239.9	233.8	239.1	18275200	239.1
27/08/2009	240	247.3	236	246.3	21245100	246.3
28/08/2009	248	254.3	246.5	251.9	26227300	251.9
01/09/2009	252.5	252.5	246.1	246.3	12805700	246.3
02/09/2009	247.6	255.4	245.7	255	18996500	255
03/09/2009	255	255.2	251.8	251.9	14823600	251.9
04/09/2009	253.9	258.1	253	256.1	12079000	256.1
07/09/2009	257.2	259.8	254.5	259	6894600	259
08/09/2009	259.1	261.2	252.6	253.5	13539300	253.5
09/09/2009	252.2	257.6	252.2	257.4	13242800	257.4
10/09/2009	261.4	264.9	259.4	261.1	16628400	261.1
11/09/2009	261.9	267.9	260.2	265	18933400	265
14/09/2009	262.8	264.6	259.2	264.6	10260600	264.6
15/09/2009	263.7	272.1	262.9	268	15141400	268
16/09/2009	269.4	269.4	264.1	267.9	16107900	267.9
17/09/2009	268.6	269.8	265.3	266	9699000	266
18/09/2009	264	265.4	259.7	260	29291400	260
21/09/2009	260.8	261.8	258.4	260.7	13976000	260.7
22/09/2009	260.8	263.7	260	263.4	15144600	263.4
23/09/2009	259.7	262.2	257.9	260.3	10058200	260.3
24/09/2009	259.2	259.7	254.2	254.2	14482400	254.2
25/09/2009	252.9	260.9	252.9	257.9	15513700	257.9
28/09/2009	257.9	261.3	256.9	258.5	8977700	258.5
29/09/2009	257.2	257.2	253.5	253.9	11236900	253.9
30/09/2009	252	257.7	251	251.6	17256500	251.6
01/10/2009	252.7	253.5	250.1	251.5	9598900	251.5
02/10/2009	250.2	253.5	248.6	248.6	13869700	248.6
05/10/2009	249	250.1	245.4	249.5	10711300	249.5
06/10/2009	252	253.1	248.4	249.6	14288300	249.6
07/10/2009	249	252.6	247.6	249.8	14888800	249.8
08/10/2009	251	255.3	249.6	253.1	13503700	253.1
09/10/2009	251.6	253.2	250.6	252	16024600	252
12/10/2009	251.4	252	247.9	248.6	12757800	248.6
13/10/2009	249.4	249.8	245.8	245.8	14422300	245.8
14/10/2009	249	251.2	244	244.7	22232800	244.7
15/10/2009	244.4	244.9	241.2	241.4	16080500	241.4
16/10/2009	241.4	244.3	237	240	41616500	240
19/10/2009	241.2	241.9	236.3	241.6	28835800	241.6
20/10/2009	240	246.5	239.7	244	19120300	244
21/10/2009	244.1	246.7	241.6	245.4	73566800	245.4
22/10/2009	244.1	246.4	241.8	244	17049300	244
23/10/2009	244.2	245.7	241.2	241.2	18397100	241.2
26/10/2009	242.3	243.1	240.2	240.7	14225100	240.7
27/10/2009	241.7	245.6	238.4	244.2	17294900	244.2
28/10/2009	244	247.8	243.3	246.3	20860100	246.3
29/10/2009	247	252.4	245.8	251.5	19576300	251.5
30/10/2009	250.8	252.6	246.5	248.3	16570100	248.3
02/11/2009	247.4	247.9	244.4	245.9	9310600	245.9
03/11/2009	244	245.2	241.4	244.5	9889600	244.5
04/11/2009	244	247.9	244	247	17729800	247
05/11/2009	246.7	246.7	242.8	245	11798700	245
06/11/2009	244.3	245.2	239.7	241.3	13888400	241.3
09/11/2009	243.5	243.8	240.2	242.7	12370800	242.7
10/11/2009	245	248.3	244.8	245.5	21042200	245.5
11/11/2009	246.8	249.2	243.7	245	25835500	245
12/11/2009	243.5	246.7	243	244.3	25941700	244.3
13/11/2009	244	245.6	243.7	245.5	17550400	245.5
16/11/2009	244.8	247.7	244.7	247.6	15080200	247.6
17/11/2009	249.4	253	248.1	252.2	16293800	252.2
18/11/2009	252	260.4	252	256.7	28361900	256.7
19/11/2009	257.3	261.8	256.4	257.3	21357300	257.3
20/11/2009	257	261.8	255.3	257.2	24376000	257.2
23/11/2009	257.5	261.9	256.7	259.4	11042700	259.4
24/11/2009	257.5	262.5	256.9	261.9	13250200	261.9
25/11/2009	263.5	263.5	259.2	261.1	10606500	261.1
26/11/2009	259.8	261.5	254.2	254.4	9481000	254.4
27/11/2009	252.8	258.4	252	257.3	11782600	257.3
30/11/2009	258.1	258.7	253.5	254.6	10221100	254.6
01/12/2009	255.6	258.9	255.3	258.9	8974200	258.9
02/12/2009	258.4	262.2	256.7	260.8	9367300	260.8
03/12/2009	261	262.1	258.3	260.3	15805900	260.3
04/12/2009	259.5	263.3	259	261.3	6652800	261.3
07/12/2009	260.1	265	258.9	262.5	13466200	262.5
08/12/2009	261.6	263.8	256.8	257	14209800	257
09/12/2009	256.1	259	255.3	257.8	15371000	257.8
11/12/2009	261.1	267.2	261.1	265.6	15105200	265.6
14/12/2009	267.6	267.7	262.7	264	12387900	264
15/12/2009	264	267.3	263	265.4	11607900	265.4
16/12/2009	266.2	271	265.2	271	19627200	271
17/12/2009	270	272.6	266.7	267.5	19594100	267.5
18/12/2009	267.1	271.6	266.2	268	22475800	268
21/12/2009	268.1	273.2	265.7	272.4	10709500	272.4
22/12/2009	273.3	275	272	273.2	8659800	273.2
23/12/2009	274.6	276.4	273.6	276.4	6226600	276.4
24/12/2009	275.4	277.4	273.1	274.6	2811900	274.6
29/12/2009	276	280.4	276	280.4	5380600	280.4
30/12/2009	280.8	282.9	279.1	281.9	5666700	281.9
31/12/2009	282.8	282.8	279	281.1	3265700	281.1
