Date	Open	High	Low	Close	Volume	Adj Close
03/01/2006	860	870	838.5	846	18340900	846
04/01/2006	848	851.5	842.5	848	12959000	848
05/01/2006	850	850	835.5	838.5	16956300	838.5
06/01/2006	838	842.5	836	841	17887000	841
09/01/2006	843.5	847	841	843	19115600	843
10/01/2006	843.5	845.5	838	842.5	21749800	842.5
11/01/2006	847	848.5	844	848.5	12471000	848.5
12/01/2006	846	855	846	852.5	17308100	852.5
13/01/2006	849.5	854	841	844	10033400	844
16/01/2006	845	845.5	832	835	12945000	835
17/01/2006	834.5	836	827	828.5	17817400	828.5
18/01/2006	823	835	819	831.5	16510700	831.5
19/01/2006	832.5	839	830.5	833.5	12289000	833.5
20/01/2006	829.5	840	826.5	829.5	10194500	829.5
23/01/2006	826.5	830	817	823	15696500	823
24/01/2006	823	833	820	830	12054100	830
25/01/2006	829	837	829	836	11763600	836
26/01/2006	840	853.5	839.5	842.5	18462400	842.5
27/01/2006	843	845	832.5	841	15631100	841
30/01/2006	839	841	834	836.5	8419100	836.5
31/01/2006	841	844.5	835	836.5	15010200	836.5
01/02/2006	837	847	835.5	846.5	15018500	846.5
02/02/2006	846.5	858	843.5	850	19400000	850
03/02/2006	854	859.5	848.5	852.5	17922100	852.5
06/02/2006	850	852.5	848	850	21526000	850
07/02/2006	850	851	840	842	32288200	842
08/02/2006	843	850	838	849.5	27043400	849.5
09/02/2006	852	855.5	845	852.5	14817300	852.5
10/02/2006	848	852	844	850	12779000	850
13/02/2006	841.5	853	841.5	849.5	23800900	849.5
14/02/2006	848	853.5	846	853	19756300	853
15/02/2006	853	862	848	855	16984000	855
16/02/2006	868	878	862.5	868.5	31568500	868.5
17/02/2006	868.5	882.5	868.5	879	25862000	879
20/02/2006	880	884	872.5	878	12208800	878
21/02/2006	884	884	873.5	879	17946300	879
22/02/2006	877	879	871.5	877.5	17268500	877.5
23/02/2006	877	878	873.5	874	17772200	874
24/02/2006	877	877.5	872	875.5	17463000	875.5
27/02/2006	872.5	878.5	872.5	877	14012500	877
28/02/2006	878	883	873.5	876	22206100	876
01/03/2006	873	888	873	886.5	27352400	886.5
02/03/2006	889	894.5	882	886.5	13999000	886.5
03/03/2006	884	900	884	895	17289700	895
06/03/2006	895	898	888.5	897	10147300	897
07/03/2006	890	909.5	890	908	13426500	908
08/03/2006	900	900	887.5	893.5	14206700	893.5
09/03/2006	900	900	887.5	893.5	14104800	893.5
10/03/2006	889.5	913	889.5	911.5	15410400	911.5
13/03/2006	919.5	920	909	913	31395500	913
14/03/2006	914	914	906	912	20111500	912
15/03/2006	913.5	917.5	909.5	912.5	20379700	912.5
16/03/2006	918	925.5	911	925	29771200	925
17/03/2006	925	934.5	922	925	21541100	925
20/03/2006	927	927	914.5	916.5	11037700	916.5
21/03/2006	918	921.5	910.5	920.5	15175300	920.5
22/03/2006	915.5	920.5	911.5	913.5	11973600	913.5
23/03/2006	916.5	916.5	906	911	17029200	911
24/03/2006	909.5	919	905	908.5	10954900	908.5
27/03/2006	908	912	898.5	905	19895100	905
28/03/2006	905.5	913.5	905	910	17897800	910
29/03/2006	911.5	912.5	905	909	12522600	909
30/03/2006	911.5	920	908	911	13376200	911
31/03/2006	910.5	911	903.5	906.5	11526800	906.5
03/04/2006	913	916	908	910.5	15401700	910.5
04/04/2006	903.5	908.5	897	898.5	16481700	898.5
05/04/2006	897	910.5	888.5	909.5	17823800	909.5
06/04/2006	913.5	913.5	896.5	898.5	22251600	898.5
07/04/2006	898	906.5	894	900	25609200	900
10/04/2006	895.5	905	895.5	903.5	38188500	903.5
11/04/2006	903.5	904	882.5	886	25582200	886
12/04/2006	887	896.5	877.5	889	25787400	889
13/04/2006	887.5	891.5	885	889	9192200	889
14/04/2006	889	889	889	889	0	889
17/04/2006	889	889	889	889	0	889
18/04/2006	887	887.5	876	880.5	16302900	880.5
19/04/2006	883.5	908	881	897	27641300	897
20/04/2006	901	923	895.5	918	30363500	918
21/04/2006	919	921.5	914.5	916	38947900	916
24/04/2006	916	920.5	909.5	919.5	12702000	919.5
25/04/2006	918	925	914	917.5	14758400	917.5
26/04/2006	922.5	923	915.5	919.5	15573900	919.5
27/04/2006	920	921	903.5	914.5	17335200	914.5
28/04/2006	916.5	916.5	900	905	8708700	905
01/05/2006	905	905	905	905	0	905
02/05/2006	903.5	913	896.5	905.5	21394500	905.5
03/05/2006	907.5	910.5	896.5	898	16092500	898
04/05/2006	897	905	893.5	902	11371700	902
05/05/2006	900	906	896	904	12564300	904
08/05/2006	903	911	900	907	12931600	907
09/05/2006	909.5	912.5	906	910.5	11118000	910.5
10/05/2006	911.5	913.5	900.5	903.5	14824400	903.5
11/05/2006	906	920	904	912	14728200	912
12/05/2006	906	909.5	895.5	896.5	17062500	896.5
15/05/2006	891	894.85	872.23	885.5	15062800	885.5
16/05/2006	870.5	900.12	870.5	892.5	13788500	892.5
17/05/2006	894	894	871	871	14608700	871
18/05/2006	868	878	866	871.5	16053300	871.5
19/05/2006	867	872	861.5	866.5	14246600	866.5
22/05/2006	868	878.5	852.5	869	25214800	869
23/05/2006	875	880	864.5	875	19510200	875
24/05/2006	862.5	876.37	862.5	867.5	11572100	867.5
25/05/2006	866	880.68	865	877	11641500	877
26/05/2006	886	901.5	883.5	898.5	10489600	898.5
29/05/2006	898.5	898.5	898.5	898.5	0	898.5
30/05/2006	899.5	925	871.5	872.5	15664000	872.5
31/05/2006	871	882.5	864	877	19270200	877
01/06/2006	875	890.34	872	887.5	20139500	887.5
02/06/2006	891	897	880.84	889.5	11151500	889.5
05/06/2006	897	903	885.9	898.5	12498000	898.5
06/06/2006	894	898	891	894	11180100	894
07/06/2006	900.5	919.5	900	917.5	24883300	917.5
08/06/2006	904	917.5	902	902	18313400	902
09/06/2006	902	907.5	896.41	906	16945300	906
12/06/2006	900.5	909.13	896.77	904.5	17139200	904.5
13/06/2006	895	906.27	886.89	891	18715800	891
14/06/2006	893	897.87	467.1	895	16310800	895
15/06/2006	896	909.5	889.5	905	17720200	905
16/06/2006	913	916.11	896.2	900	25458800	900
19/06/2006	902.5	910.15	902.5	903	10238500	903
20/06/2006	898.5	925.5	898.5	923	29411900	923
21/06/2006	920	928	910	914	20910800	914
22/06/2006	916.5	920.25	907	913	21306000	913
23/06/2006	912	915.88	907.71	908	18169500	908
26/06/2006	910.5	912.63	906.05	908	21474200	908
27/06/2006	910	913.37	903.5	906	15968700	906
28/06/2006	905.5	918.87	901.08	910.5	16334300	910.5
29/06/2006	900	917.5	886	915.5	37348700	915.5
30/06/2006	924.5	930	904	909.5	22811100	909.5
03/07/2006	914	924	913.5	921	12858800	921
04/07/2006	918	925	909	917	6749200	917
05/07/2006	912.5	919	908	912	9427300	912
06/07/2006	912	919.5	910	914.5	8825300	914.5
07/07/2006	911.5	912	900.5	903	15296500	903
10/07/2006	898.5	921	898	918	12416500	918
11/07/2006	916.5	923	915.5	919.5	10835000	919.5
12/07/2006	922.5	934	921.5	923.5	14543500	923.5
13/07/2006	920	923.5	909	915	12287300	915
14/07/2006	909	911.5	902.5	904.5	9178700	904.5
17/07/2006	904	907	892.5	899.5	11372700	899.5
18/07/2006	896	904	891	895	16384900	895
19/07/2006	905	905	884.5	901	18223100	901
20/07/2006	902	908.5	898.5	904.5	10804100	904.5
21/07/2006	903	910	893.5	901	11122800	901
24/07/2006	904	920	904	916	12723500	916
25/07/2006	916	922	910	919	16629100	919
26/07/2006	919	920.5	914	920	14954500	920
27/07/2006	922.5	941	922	937	22512200	937
28/07/2006	935.5	954.5	930	948.5	10261000	948.5
31/07/2006	948	948	937.5	941	13191300	941
01/08/2006	938.5	945	924	927	12814700	927
02/08/2006	931.5	940.5	924.5	937	11469100	937
03/08/2006	937	937	937	937	0	937
04/08/2006	940	940	919	925.5	9542200	925.5
07/08/2006	919.5	928.5	912.5	919.5	7402300	919.5
08/08/2006	922	924.5	915.5	919	11146300	919
09/08/2006	925.5	931	915	931	8957300	931
10/08/2006	922.5	931	912	927.5	13123900	927.5
11/08/2006	926	933.5	922.5	931.5	6413300	931.5
14/08/2006	939	947	935	944.5	10029600	944.5
15/08/2006	945	965.5	940	962.5	13776700	962.5
16/08/2006	964.5	965	948.5	953.5	9929100	953.5
17/08/2006	958	962	945	949	12625400	949
18/08/2006	949	956	945.5	950	7937400	950
21/08/2006	951.5	960	945	951	5102300	951
22/08/2006	954.5	963.5	953.5	956	11474000	956
23/08/2006	954	956.5	946.5	948.5	11976000	948.5
24/08/2006	953	953	943	950	9503900	950
25/08/2006	949.5	950	941	944	22305300	944
28/08/2006	944	944	944	944	0	944
29/08/2006	948.5	954.5	943	945	19915300	945
30/08/2006	949	970	945	959	16311600	959
31/08/2006	941.5	944.5	926	935	53681400	935
01/09/2006	939.5	947.5	932	940.5	14638700	940.5
04/09/2006	940	950.5	940	948.5	10118800	948.5
05/09/2006	949	949	940	945	10984200	945
06/09/2006	941.5	948	938.5	942.5	12206700	942.5
07/09/2006	942	945.5	935.5	936	17859900	936
08/09/2006	938	942	929	933	11811000	933
11/09/2006	931.5	939.5	926.5	938.5	8709800	938.5
12/09/2006	938.5	949	938.5	944.5	15004300	944.5
13/09/2006	929	934	927.5	930.5	11913300	930.5
14/09/2006	929.5	934	925.5	928	8833600	928
15/09/2006	930	932	926	927.5	22300200	927.5
18/09/2006	928	939.5	927	935.5	7899200	935.5
19/09/2006	933	944	929	936.5	12081000	936.5
20/09/2006	940.5	946	935	941.5	9474600	941.5
21/09/2006	944.5	950	936	944.5	12605700	944.5
22/09/2006	941	941.5	929	935	7001200	935
25/09/2006	939	949	938	944	16050900	944
26/09/2006	946.5	957.5	942.5	953	13866500	953
27/09/2006	953.5	955.5	937	943.5	18302700	943.5
28/09/2006	947	949	938.5	941	10468200	941
29/09/2006	939	949.5	935	943.5	12565100	943.5
02/10/2006	942	951.5	938	941	17196100	941
03/10/2006	958	958	932	940.5	15660600	940.5
04/10/2006	946.5	948.5	936	942	13061900	942
05/10/2006	945	955.5	943.5	954	17286300	954
06/10/2006	958	961.5	947	956	8609800	956
09/10/2006	952.5	956	948	949.5	9032500	949.5
10/10/2006	953	953	945	946.5	9679800	946.5
11/10/2006	944	955	944	950.5	13241800	950.5
12/10/2006	952.5	960.5	948.5	958.5	12911400	958.5
13/10/2006	960	964	952	954.5	8383700	954.5
16/10/2006	952.5	957.5	950.5	952.5	11088400	952.5
17/10/2006	950	964.5	947.5	950	10379600	950
18/10/2006	951.5	963	951.5	957.5	10769500	957.5
19/10/2006	957.5	963	955	957.5	18259600	957.5
20/10/2006	956.5	962	953	959	17295900	959
23/10/2006	964	967	955.5	965	8640200	965
24/10/2006	961	970	957	962	10350200	962
25/10/2006	962	979	959.5	971.5	14262000	971.5
26/10/2006	972	983.5	970	978.5	11149800	978.5
27/10/2006	981	990	973	977	17876800	977
30/10/2006	973.5	991	969	970.5	17655000	970.5
31/10/2006	968	974	965	970	13524400	970
01/11/2006	967	981	962	976.5	45103500	976.5
02/11/2006	973	977	970	971.5	29727700	971.5
03/11/2006	968	976.5	967.5	969.5	13380200	969.5
06/11/2006	972	973.5	968.5	972.5	13023800	972.5
07/11/2006	970	980	967	978.5	11323300	978.5
08/11/2006	977	984	975	978	11629700	978
09/11/2006	978	991.5	974.5	986	19826900	986
10/11/2006	987.5	998	985	990.5	12774800	990.5
13/11/2006	990	1007	986.5	997.5	15674900	997.5
14/11/2006	996.5	1005	992.5	995	9651300	995
15/11/2006	1001	1006	993.5	996	12788500	996
16/11/2006	992.5	999	986	995.5	14488300	995.5
17/11/2006	997.5	1004.5	992	993	10891900	993
20/11/2006	988	1006	988	1001.5	8311700	1001.5
21/11/2006	1004	1006.5	992.5	996	11999000	996
22/11/2006	1000	1003	987	992	10169000	992
23/11/2006	992	997.5	985	992.5	6568700	992.5
24/11/2006	987.5	991	978.5	987	7809500	987
27/11/2006	990.5	990.5	975.5	979.5	18182800	979.5
28/11/2006	981.5	990	977.5	985	13415700	985
29/11/2006	985.5	990.5	980	986.5	11893800	986.5
30/11/2006	986.5	992	975	976.5	16488000	976.5
01/12/2006	981.5	986	970.5	976	22297400	976
04/12/2006	975	982	971.5	975	12423700	975
05/12/2006	975	980.5	969.5	975.5	9947100	975.5
06/12/2006	971	980	970	974	15012300	974
07/12/2006	974.5	981	973.5	979	13664200	979
08/12/2006	978.5	988	978.5	985.5	9809700	985.5
11/12/2006	992	995	988.5	990.5	10666100	990.5
12/12/2006	988	993	986.5	988	15967300	988
13/12/2006	985.5	997	984.5	994	16965400	994
14/12/2006	997	1000	988	995.5	8761700	995.5
15/12/2006	999	1000	991.5	995.5	18651600	995.5
18/12/2006	992	997.5	989.5	995	5470600	995
19/12/2006	994.5	997.5	985.5	988	13257800	988
20/12/2006	993	993.5	984.5	985	9145800	985
21/12/2006	982.5	989.5	981	985	5304500	985
22/12/2006	985.5	989	981	984	2539000	984
25/12/2006	984	984	984	984	0	984
26/12/2006	984	984	984	984	0	984
27/12/2006	998	1009	997	1005.5	7704500	1005.5
28/12/2006	1009	1015	999.5	1010	5037800	1010
29/12/2006	1009	1016.5	999.5	1002.5	7078200	1002.5
01/01/2007	1002.5	1002.5	1002.5	1002.5	0	1002.5
02/01/2007	1009	1016	1004	1012	6627600	1012
03/01/2007	1014.5	1016.5	1008.5	1016.5	9084400	1016.5
04/01/2007	1012.5	1027	1009	1009.5	13315200	1009.5
05/01/2007	1003.5	1005	993.5	996	14392900	996
08/01/2007	996	1000	987.5	990	8779900	990
09/01/2007	991.5	996	984	991	12826000	991
10/01/2007	986.5	993	976.5	986.5	16930100	986.5
11/01/2007	988.5	998	979	992.5	10993400	992.5
12/01/2007	993.5	1008.5	993.5	1008	14124300	1008
15/01/2007	1013	1013	998	1001.5	17595600	1001.5
16/01/2007	998.5	1007	995	998	11728700	998
17/01/2007	1000	1003.5	987.5	993.5	11884200	993.5
18/01/2007	993	996.5	985.5	989.5	12682700	989.5
19/01/2007	990	993	982	984.5	12927800	984.5
22/01/2007	983.5	988.5	977	980	14046200	980
23/01/2007	984.5	990.5	980	981	16463500	981
24/01/2007	981	1002	978.5	1000.5	21304000	1000.5
25/01/2007	1005.5	1013	992.5	993.5	19917600	993.5
26/01/2007	991	1008	989.5	997.5	15369700	997.5
29/01/2007	998	1006	997.5	997.5	9614300	997.5
30/01/2007	993	1006.5	992	1002	10724800	1002
31/01/2007	996.5	1002	988.5	990	20473200	990
01/02/2007	998.5	1007	996.5	1001	45350900	1001
02/02/2007	1000	1006	997.5	1000	32244200	1000
05/02/2007	996.5	1003.5	996	999.5	19157100	999.5
06/02/2007	999	1010	997.5	1007	21310500	1007
07/02/2007	1004	1010	996.5	1005	15387200	1005
08/02/2007	1008.5	1015	1004.5	1006	9668400	1006
09/02/2007	1011	1013	1006	1010.5	11009700	1010.5
12/02/2007	1008	1012.5	1000	1006	21597300	1006
13/02/2007	1007	1021.5	1006.5	1020.5	14787300	1020.5
14/02/2007	1028	1028	1014.5	1021	12207000	1021
15/02/2007	1037	1067	1037	1045	38946900	1045
16/02/2007	1042.5	1047	1028.5	1037.5	14480600	1037.5
19/02/2007	1042.5	1050	1037	1047.5	7465500	1047.5
20/02/2007	1048	1049	1038.5	1042	12286800	1042
21/02/2007	1046.5	1048	1033.5	1036	11300000	1036
22/02/2007	1036	1043.5	1033.5	1036	12155800	1036
23/02/2007	1043.5	1043.5	1030	1042	16772800	1042
26/02/2007	1046	1048.5	1039	1040	18665800	1040
27/02/2007	1037	1041	1015.5	1020.5	14378200	1020.5
28/02/2007	1014	1029	1002	1004.5	29056100	1004.5
01/03/2007	1003	1012.5	980	995.5	17217000	995.5
02/03/2007	1001	1001.5	985	989.5	13463500	989.5
05/03/2007	977	986	966	979.5	12411500	979.5
06/03/2007	990	998	981.5	996	21402500	996
07/03/2007	988.5	992.5	981.5	987	14393100	987
08/03/2007	986.5	994.5	984.5	988	12867900	988
09/03/2007	987	1000	985.5	991	12720600	991
12/03/2007	996.5	999.5	989	991	11242200	991
13/03/2007	991	991.5	979	981	10908500	981
14/03/2007	970.5	980	966	966	25351500	966
15/03/2007	972.5	988.5	966	977	27904600	977
16/03/2007	977	979	969	975	22808700	975
19/03/2007	982	989	978	984	18577700	984
20/03/2007	987.5	994.5	979	983.5	12767600	983.5
21/03/2007	984	997.5	980	992.5	25083000	992.5
22/03/2007	1001	1009	992	1002.5	49853300	1002.5
23/03/2007	999.5	1009	998	1005.5	11122800	1005.5
26/03/2007	1003.5	1009.5	1001.5	1005	40180900	1005
27/03/2007	1014.5	1029	1010	1014	29489400	1014
28/03/2007	1009	1013	1001.5	1012	13523300	1012
29/03/2007	1017	1024	1007	1020.5	17634200	1020.5
30/03/2007	1019	1031	1014	1029.5	17910400	1029.5
02/04/2007	1026.5	1038.5	1024	1031.5	22275600	1031.5
03/04/2007	1033.5	1038	1028	1037.5	27027100	1037.5
04/04/2007	1042.5	1042.5	1035.5	1041	34303300	1041
05/04/2007	1041	1042	1030.5	1038.5	7461700	1038.5
06/04/2007	1038.5	1038.5	1038.5	1038.5	0	1038.5
09/04/2007	1038.5	1038.5	1038.5	1038.5	0	1038.5
10/04/2007	1037	1046.5	1037	1042	7743000	1042
11/04/2007	1039.5	1047	1035.5	1044.5	9432700	1044.5
12/04/2007	1047	1049	1033.5	1043	9110900	1043
13/04/2007	1046.5	1046.5	1031	1034.5	27423300	1034.5
16/04/2007	1035	1040.5	1034	1037	8222200	1037
17/04/2007	1038	1038	1024	1036.5	14684100	1036.5
18/04/2007	1031.5	1039.5	1031.5	1034	10514000	1034
19/04/2007	1032	1044	1026.5	1040.5	12148100	1040.5
20/04/2007	1041.5	1046	1034	1039	10709600	1039
23/04/2007	1036	1045	1036	1043	11195000	1043
24/04/2007	1039.5	1045	1033	1042.5	11497800	1042.5
25/04/2007	1041	1051.5	1041	1050	10712600	1050
26/04/2007	1054	1065.5	1050	1053	14726900	1053
27/04/2007	1050.5	1059	1047	1053.5	12453400	1053.5
30/04/2007	1048.5	1063.5	1048.5	1059	11810900	1059
01/05/2007	1064.5	1068.5	1049	1058	11992900	1058
02/05/2007	1065	1075	1058.5	1072	22440900	1072
03/05/2007	1072	1072	1063	1069	11633100	1069
04/05/2007	1068	1070.5	1061	1068.5	8639800	1068.5
07/05/2007	1068.5	1068.5	1068.5	1068.5	0	1068.5
08/05/2007	1062.5	1072	1057.5	1068	14383000	1068
09/05/2007	1073	1073	1062	1064.5	15719700	1064.5
10/05/2007	1064.5	1069.5	1058	1061	10157000	1061
11/05/2007	1056.5	1064	1051	1062.5	12139500	1062.5
14/05/2007	1061.5	1069.5	1056	1064	6638400	1064
15/05/2007	1060	1075	1057.5	1072.5	16619000	1072.5
16/05/2007	1074	1074.5	1061	1066	11365300	1066
17/05/2007	1067.5	1072	1062	1065	9143300	1065
18/05/2007	1064	1077	1059	1075	15391000	1075
21/05/2007	1075	1075	1063	1066	17032200	1066
22/05/2007	1069.5	1075	1063.5	1069	25906700	1069
23/05/2007	1067.5	1079	1067.5	1074	11137100	1074
24/05/2007	1066.5	1078	1066.5	1073	12069100	1073
25/05/2007	1072	1074	1068	1070	7689400	1070
28/05/2007	1070	1070	1070	1070	0	1070
29/05/2007	1073.5	1083.5	1069.5	1080	5144300	1080
30/05/2007	1076.5	1083.5	1071.5	1075.5	7267400	1075.5
31/05/2007	1080.5	1085.5	1074	1077	12971400	1077
01/06/2007	1077	1077	1077	1077	0	1077
04/06/2007	1079	1093	1079	1083.5	10244800	1083.5
05/06/2007	1082	1085	1074.5	1074.5	14683700	1074.5
06/06/2007	1076.5	1078	1061	1064	12652600	1064
07/06/2007	1072	1072	1048	1055	16732500	1055
08/06/2007	1050.5	1056.5	1044.5	1047	10329300	1047
11/06/2007	1046	1064	1044.5	1062	11661700	1062
12/06/2007	1060.5	1077	1057	1066.5	16809600	1066.5
13/06/2007	1061.5	1068.5	1058	1067.5	9981400	1067.5
14/06/2007	1074	1081.5	1069.5	1080.5	13210000	1080.5
15/06/2007	1080.5	1091.5	1076.5	1087.5	40437700	1087.5
18/06/2007	1095	1098	1088	1094	8828200	1094
19/06/2007	1098	1098	1073	1073	12761300	1073
20/06/2007	1073	1080	1068	1073	14229700	1073
21/06/2007	1067	1070	1054	1056	14846000	1056
22/06/2007	1061	1067	1052	1052	11107600	1052
25/06/2007	1046	1064	1045	1061	11222500	1061
26/06/2007	1055	1069	1051	1066	22660700	1066
27/06/2007	1060	1071	1057	1065	15097200	1065
28/06/2007	1068	1068	1034	1038	22470500	1038
29/06/2007	1034	1047	1032	1037	16301800	1037
02/07/2007	1030	1048	1030	1042	11993900	1042
03/07/2007	1047	1050	1034	1035	25935400	1035
04/07/2007	1033	1049	1033	1045	12337900	1045
05/07/2007	1050	1051	1035	1039	12973500	1039
06/07/2007	1040	1042	1029	1033	13714300	1033
09/07/2007	1038	1050	1035	1046	9795900	1046
10/07/2007	1046	1056	1038	1039	16641300	1039
11/07/2007	1031	1045	1029	1030	10503600	1030
12/07/2007	1035	1052	1029	1047	10181900	1047
13/07/2007	1053	1054	1041	1053	10648300	1053
16/07/2007	1052	1056	1047	1055	19148000	1055
17/07/2007	1057	1057	1041	1046	6379200	1046
18/07/2007	1038	1049	1034	1035	8713200	1035
19/07/2007	1040	1040	1027	1035	15747200	1035
20/07/2007	1030	1051	1030	1040	16339700	1040
23/07/2007	1036	1047	1036	1044	7078300	1044
24/07/2007	1037	1046	1030	1030	10555900	1030
25/07/2007	1030	1037	1017	1021	10382900	1021
26/07/2007	1020	1023	988.5	989.5	14571700	989.5
27/07/2007	982	1008	982	1001	29492700	1001
30/07/2007	997.5	1002	986.5	994	15422700	994
31/07/2007	995	1017	990.5	1012	16869800	1012
01/08/2007	998	1010	988	997.5	15047200	997.5
02/08/2007	1007	1013	997	1002	11461300	1002
03/08/2007	1007	1014	1000	1005	11227100	1005
06/08/2007	1000	1013	997	1001	11045000	1001
07/08/2007	1006	1023	1000	1019	23211200	1019
08/08/2007	1021	1043	1021	1035	16944200	1035
09/08/2007	1042	1073	1033	1043	32062900	1043
10/08/2007	1015	1044	1010	1018	23963100	1018
13/08/2007	1022	1030	1011	1025	17191200	1025
14/08/2007	1014	1034	1013	1015	12068800	1015
15/08/2007	1010	1036	1009	1028	9902800	1028
16/08/2007	1018	1019	991	993	32603100	993
17/08/2007	992	1010	972.5	995.5	26472300	995.5
20/08/2007	991.5	1017	988	1000	13616100	1000
21/08/2007	1006	1006	993	997	11478000	997
22/08/2007	996	1010	996	1009	16916200	1009
23/08/2007	1011	1029	1009	1020	14938300	1020
24/08/2007	1014	1036	1014	1030	9728600	1030
27/08/2007	1030	1030	1030	1030	0	1030
28/08/2007	1025	1031	1017	1018	9915300	1018
29/08/2007	1016	1025	1009	1018	11162700	1018
30/08/2007	1036	1050	1015	1042	30635900	1042
31/08/2007	1041	1064	1032	1059	12825400	1059
03/09/2007	1060	1065	1044	1047	9483700	1047
04/09/2007	1050	1063	1041	1059	9640500	1059
05/09/2007	1060	1067	1047	1051	10688300	1051
06/09/2007	1054	1062	1043	1060	10204800	1060
07/09/2007	1056	1070	1050	1054	44275100	1054
10/09/2007	1054	1058	1032	1037	15131700	1037
11/09/2007	1045	1061	1039	1059	8596200	1059
12/09/2007	1043	1051	1035	1049	8797800	1049
13/09/2007	1051	1061	1043	1058	8932200	1058
14/09/2007	1049	1056	1034	1046	6419400	1046
17/09/2007	1045	1059	1031	1050	12925700	1050
18/09/2007	1047	1075	1042	1070	13651600	1070
19/09/2007	1081	1088	1072	1072	19979400	1072
20/09/2007	1072	1077	1066	1068	9277600	1068
21/09/2007	1062	1079	1062	1073	27917100	1073
24/09/2007	1066	1075	1066	1070	20167500	1070
25/09/2007	1069	1083	1061	1080	32689800	1080
26/09/2007	1081	1090	1080	1086	11388900	1086
27/09/2007	1091	1097	1076	1081	10941000	1081
28/09/2007	1087	1088	1068	1074	9533800	1074
01/10/2007	1080	1090	1068	1089	10316500	1089
02/10/2007	1091	1098	1082	1091	11434100	1091
03/10/2007	1093	1104	1085	1093	21163700	1093
04/10/2007	1095	1117	1093	1112	11679900	1112
05/10/2007	1117	1118	1102	1109	13095000	1109
08/10/2007	1113	1115	1092	1094	18159300	1094
09/10/2007	1093	1107	1090	1096	15080400	1096
10/10/2007	1094	1100	1078	1089	13841400	1089
11/10/2007	1089	1109	1085	1108	10707700	1108
12/10/2007	1106	1106	1090	1105	8473000	1105
15/10/2007	1102	1114	1097	1099	9677300	1099
16/10/2007	1100	1105	1078	1099	18512400	1099
17/10/2007	1098	1129	1095	1119	30618500	1119
18/10/2007	1117	1127	1115	1122	12726500	1122
19/10/2007	1122	1122	1106	1107	34859500	1107
22/10/2007	1093	1104	1087	1100	11161900	1100
23/10/2007	1109	1118	1097	1100	18890300	1100
24/10/2007	1096	1115	1096	1102	8099900	1102
25/10/2007	1112	1112	1095	1100	14702700	1100
26/10/2007	1095	1107	1090	1101	9851100	1101
29/10/2007	1106	1110	1094	1098	11055800	1098
30/10/2007	1094	1101	1091	1097	15037000	1097
31/10/2007	1104	1106	1095	1100	11422100	1100
01/11/2007	1095	1105	1085	1089	6612000	1089
02/11/2007	1086	1102	1086	1092	7687500	1092
05/11/2007	1084	1101	1084	1096	6108800	1096
06/11/2007	1099	1109	1095	1107	35052600	1107
07/11/2007	1114	1115	1095	1095	17016800	1095
08/11/2007	1075	1095	1075	1084	29829900	1084
09/11/2007	1083	1090	1063	1070	7093700	1070
12/11/2007	1065	1080	1059	1076	7333800	1076
13/11/2007	1066	1089	1064	1086	6807300	1086
14/11/2007	1100	1100	1076	1088	6632200	1088
15/11/2007	1090	1101	1084	1091	7126200	1091
16/11/2007	1081	1093	1078	1083	7069600	1083
19/11/2007	1083	1086	1056	1059	6952900	1059
20/11/2007	1060	1087	1060	1083	9454600	1083
21/11/2007	1081	1091	1059	1067	10890400	1067
22/11/2007	1075	1083	1067	1082	7467500	1082
23/11/2007	1088	1099	1074	1085	5929900	1085
26/11/2007	1095	1095	1073	1076	6494200	1076
27/11/2007	1063	1075	1052	1069	6107600	1069
28/11/2007	1071	1112	1063	1105	10962000	1105
29/11/2007	1111	1121	1099	1116	10451000	1116
30/11/2007	1117	1122	1091	1093	14450000	1093
03/12/2007	1100	1103	1074	1079	8967600	1079
04/12/2007	1076	1089	1054	1063	11771000	1063
05/12/2007	1070	1083	1062	1082	8533200	1082
06/12/2007	1084	1093	1065	1071	8625400	1071
07/12/2007	1079	1087	1058	1064	8637900	1064
10/12/2007	1065	1073	1058	1064	6571500	1064
11/12/2007	1063	1073	1062	1065	5835700	1065
12/12/2007	1066	1085	1058	1072	9191800	1072
13/12/2007	1068	1069	1047	1050	9893700	1050
14/12/2007	1055	1066	1046	1058	6700400	1058
17/12/2007	1052	1063	1046	1057	7198200	1057
18/12/2007	1046	1071	1044	1062	10676800	1062
19/12/2007	1063	1069	1054	1060	5477100	1060
20/12/2007	1065	1070	1057	1068	5307600	1068
21/12/2007	1075	1087	1074	1082	10990800	1082
24/12/2007	1072	1093	1072	1083	824400	1083
25/12/2007	1083	1083	1083	1083	0	1083
26/12/2007	1083	1083	1083	1083	0	1083
27/12/2007	1076	1095	1076	1083	4719500	1083
28/12/2007	1077	1085	1068	1081	4403500	1081
31/12/2007	1088	1091	1073	1080	1093600	1080
01/01/2008	1080	1080	1080	1080	0	1080
02/01/2008	1073	1093	1068	1071	6877500	1071
03/01/2008	1071	1082	1059	1079	7236700	1079
04/01/2008	1085	1085	1060	1064	6293900	1064
07/01/2008	1065	1083	1061	1074	9184800	1074
08/01/2008	1079	1091	1074	1075	10013700	1075
09/01/2008	1077	1088	1059	1066	13292800	1066
10/01/2008	1067	1072	1046	1051	11287700	1051
11/01/2008	1052	1055	995.5	1021	21719700	1021
14/01/2008	1018	1039	1015	1028	8438900	1028
15/01/2008	1029	1030	996	997.5	11225400	997.5
16/01/2008	1005	1030	999.5	1018	14070500	1018
17/01/2008	1033	1039	978.5	989.5	22946800	989.5
18/01/2008	991	1005	980	989.5	12456000	989.5
21/01/2008	979.5	997	943	943	16958700	943
22/01/2008	928.5	973	912	967.5	19136000	967.5
23/01/2008	975	977	929.5	959	16029200	959
24/01/2008	984.5	1025	975	1012	17510000	1012
25/01/2008	1027	1029	988	999	10206900	999
28/01/2008	996	1005	974.5	982.5	9823700	982.5
29/01/2008	993	1002	980	994.5	9119300	994.5
30/01/2008	986.5	999	976.5	988	9286000	988
31/01/2008	988	1019	975	1012	18054600	1012
01/02/2008	1022	1034	1012	1032	11616500	1032
04/02/2008	1041	1043	1024	1030	5939800	1030
05/02/2008	1036	1037	1012	1017	7265600	1017
06/02/2008	1016	1035	1008	1029	11083700	1029
07/02/2008	1022	1031	1009	1013	11445400	1013
08/02/2008	1024	1026	1007	1021	7285700	1021
11/02/2008	1018	1034	1018	1028	8033900	1028
12/02/2008	1038	1059	1025	1059	9179100	1059
13/02/2008	1057	1063	1031	1034	12325400	1034
14/02/2008	1067	1102	1050	1081	20034600	1081
15/02/2008	1077	1087	1045	1062	13363100	1062
18/02/2008	1073	1083	1059	1079	7161000	1079
19/02/2008	1071	1071	1048	1052	17775100	1052
20/02/2008	1041	1045	1024	1038	19316800	1038
21/02/2008	1046	1054	1038	1042	7135400	1042
22/02/2008	1045	1047	1028	1040	9506200	1040
25/02/2008	1044	1058	1037	1056	6534700	1056
26/02/2008	1060	1068	1048	1061	6300800	1061
27/02/2008	1064	1075	1049	1068	8008100	1068
28/02/2008	1066	1085	1054	1059	7906400	1059
29/02/2008	1050	1052	1028	1034	11015000	1034
03/03/2008	1025	1042	1015	1033	9281300	1033
04/03/2008	1038	1047	1019	1031	9109000	1031
05/03/2008	1031	1036	1019	1034	10313200	1034
06/03/2008	1040	1040	1012	1016	7068700	1016
07/03/2008	1010	1018	995	1004	11692100	1004
10/03/2008	999	1008	987.5	998	8077700	998
11/03/2008	1003	1022	998	1012	9876700	1012
12/03/2008	1018	1021	1008	1016	5689700	1016
13/03/2008	997	1016	995.5	1010	10151700	1010
14/03/2008	1008	1019	990.5	1002	8936400	1002
17/03/2008	987	997	979	981	11020900	981
18/03/2008	991.5	1018	986.5	1012	12962800	1012
19/03/2008	1020	1028	1005	1009	19623100	1009
20/03/2008	999	1013	996	1002	20090600	1002
21/03/2008	1002	1002	1002	1002	0	1002
24/03/2008	1002	1002	1002	1002	0	1002
25/03/2008	1040	1048	1008	1027	19160700	1027
26/03/2008	1028	1061	1017	1047	19879100	1047
27/03/2008	1043	1050	1035	1040	15753000	1040
28/03/2008	1047	1048	1032	1034	6775400	1034
31/03/2008	1033	1036	1014	1016	11457100	1016
01/04/2008	1022	1061	1022	1058	11216600	1058
02/04/2008	1061	1070	1045	1058	6810700	1058
03/04/2008	1062	1063	1043	1060	6483800	1060
04/04/2008	1065	1075	1055	1075	7042200	1075
07/04/2008	1073	1081	1062	1068	8826300	1068
08/04/2008	1067	1075	1062	1073	4110200	1073
09/04/2008	1070	1075	1058	1065	3973200	1065
10/04/2008	1074	1079	1058	1071	6889300	1071
11/04/2008	1079	1079	1046	1049	7435800	1049
14/04/2008	1045	1067	1044	1056	4906000	1056
15/04/2008	1061	1065	1052	1057	6406200	1057
16/04/2008	1043	1053	1033	1050	11416400	1050
17/04/2008	1064	1067	1037	1038	9481700	1038
18/04/2008	1040	1053	1027	1038	8578200	1038
21/04/2008	1038	1046	1025	1042	5958600	1042
22/04/2008	1041	1043	1029	1036	6213700	1036
23/04/2008	1037	1045	1017	1034	9373600	1034
24/04/2008	1036	1037	1009	1037	10220900	1037
25/04/2008	1040	1040	1021	1027	9142500	1027
28/04/2008	1022	1031	1016	1022	8626200	1022
29/04/2008	1016	1029	1004	1008	7590800	1008
30/04/2008	1005	1044	1005	1033	11081300	1033
01/05/2008	1031	1042	1013	1041	4476100	1041
02/05/2008	1045	1048	1033	1041	7694200	1041
06/05/2008	1043	1043	1023	1031	9277500	1031
07/05/2008	1028	1052	1028	1042	9205900	1042
08/05/2008	1037	1043	1021	1028	7047800	1028
09/05/2008	1023	1045	1019	1041	10938900	1041
12/05/2008	1040	1049	1035	1047	4949000	1047
13/05/2008	1046	1053	1024	1031	11008100	1031
14/05/2008	1031	1035	1019	1021	8280300	1021
15/05/2008	1020	1025	1008	1014	9104000	1014
16/05/2008	1022	1032	1014	1025	7862300	1025
19/05/2008	1041	1041	1022	1026	6260800	1026
20/05/2008	1021	1029	1005	1007	9528200	1007
21/05/2008	1016	1018	994.5	1003	8999200	1003
22/05/2008	998	998.5	978.5	984	13225800	984
23/05/2008	984.5	989	974.5	984	12445400	984
27/05/2008	984	994.5	967	973	15041300	973
28/05/2008	977.5	984.5	972.5	978	9031000	978
29/05/2008	982	996	980.5	988	9943400	988
30/05/2008	996	999	983	985	9291200	985
02/06/2008	984	986.5	966	977.5	8058300	977.5
03/06/2008	974.5	992	972.5	985.5	7446700	985.5
04/06/2008	982.5	990.5	977	985	11054200	985
05/06/2008	989	1015	989	1005	10950200	1005
06/06/2008	1010	1017	982	982.5	8533600	982.5
10/06/2008	984	989	974	983.5	6127600	983.5
11/06/2008	985	986.5	968.5	969.5	7490000	969.5
12/06/2008	970.5	978	962.5	964	13454100	964
13/06/2008	957	976.5	948	973.5	8236200	973.5
16/06/2008	975	975	949	953	8372500	953
17/06/2008	954	974	950.5	957.5	8257500	957.5
18/06/2008	955	959	943.5	946.5	7462600	946.5
19/06/2008	943	946	920	920	12325500	920
20/06/2008	918.5	931	914.5	914.5	10459000	914.5
23/06/2008	924.5	937	920.5	934.5	7542100	934.5
24/06/2008	937	938.5	914	920.5	10212900	920.5
25/06/2008	919	932	914.5	930	8382500	930
26/06/2008	924.5	935	923.5	928.5	14538400	928.5
27/06/2008	921.5	934	910	911	11451300	911
30/06/2008	913	930.5	909.5	924	10076700	924
01/07/2008	914	914	878	899.5	17556700	899.5
02/07/2008	890	900.5	883.5	889	12647900	889
03/07/2008	887	904	878	902.5	9786400	902.5
04/07/2008	900.5	905	876	879.5	6139900	879.5
07/07/2008	884	886.5	877	882	7093900	882
08/07/2008	868	896.5	863	892	12917000	892
09/07/2008	899	906	883.5	903	8939100	903
10/07/2008	896	906	882.5	885	10924000	885
11/07/2008	879	888	857	857	13950500	857
14/07/2008	865.5	883.5	865	870	11126900	870
15/07/2008	872	881	853.5	875	14205000	875
16/07/2008	876	889	868	884	8535400	884
17/07/2008	900	922.5	897	916	15919000	916
18/07/2008	911.5	918	887.5	913	12447000	913
21/07/2008	909.5	911	895.5	905	7854500	905
22/07/2008	894	907	877	903.5	12462300	903.5
23/07/2008	909	915	900	906	9423000	906
24/07/2008	916.5	925	901	902	8994000	902
25/07/2008	892	905	885	887.5	10387900	887.5
28/07/2008	885.5	894.5	879.5	879.5	8005500	879.5
29/07/2008	874	881	871	875.5	7501000	875.5
30/07/2008	885.5	890.5	878	885	8860400	885
31/07/2008	890	890	871	880.5	7984700	880.5
01/08/2008	877.5	889.5	874	878	7459400	878
04/08/2008	888	900	880.5	898	6851700	898
05/08/2008	901	930.5	901	930.5	7339600	930.5
06/08/2008	933.5	942.5	921	939	6249400	939
07/08/2008	940.5	949	936	939.5	7880600	939.5
08/08/2008	936	995	936	990.5	5950900	990.5
11/08/2008	996.5	1006	985	998.5	6748800	998.5
12/08/2008	993	997.5	982.5	992.5	5791800	992.5
13/08/2008	990	996.5	980	984	7765300	984
14/08/2008	990	990	968.5	974.5	6509500	974.5
15/08/2008	978.5	1004	978.5	991	6113900	991
18/08/2008	985	990	971	985.5	5294900	985.5
19/08/2008	985.5	991	975.5	977	7248600	977
20/08/2008	981	983	967	981	4419900	981
21/08/2008	971	982	960	960	4392100	960
22/08/2008	966.5	996	964.5	993.5	6482100	993.5
26/08/2008	985	987	963	981.5	6018200	981.5
27/08/2008	988.5	988.5	972	979.5	15885700	979.5
28/08/2008	975	1004	966.5	1000	9765100	1000
29/08/2008	994	1025	994	1017	17462600	1017
01/09/2008	1014	1014	997	1010	3734000	1010
02/09/2008	1012	1052	1008	1049	8462200	1049
03/09/2008	1039	1045	1016	1020	7069900	1020
04/09/2008	1025	1037	1012	1016	4240000	1016
05/09/2008	1015	1027	999	1003	11495400	1003
08/09/2008	1033	1044	1018	1044	4866700	1044
09/09/2008	1044	1068	1035	1065	11412400	1065
10/09/2008	1044	1047	1028	1045	8423200	1045
11/09/2008	1047	1047	1016	1037	6650800	1037
12/09/2008	1047	1047	1027	1042	4599600	1042
15/09/2008	1025	1046	1020	1025	16554400	1025
16/09/2008	1012	1035	996	1023	12350800	1023
17/09/2008	1020	1039	1005	1008	21405300	1008
18/09/2008	1004	1006	947.5	982.5	31661300	982.5
19/09/2008	964	1060	957	1029	14305300	1029
22/09/2008	1029	1029	975	979	11369800	979
23/09/2008	981	989.5	961	973	9860600	973
24/09/2008	980.5	988.5	964	977	9587100	977
25/09/2008	987	1018	976	1008	9217300	1008
26/09/2008	993	1004	982.5	984.5	6866700	984.5
29/09/2008	968	991	955.5	955.5	6801100	955.5
30/09/2008	929.5	984	927	945	13813600	945
01/10/2008	984	990	946	959	12556500	959
02/10/2008	950	959	940	949.5	7569800	949.5
03/10/2008	962.5	962.5	914.5	923	11545000	923
06/10/2008	910.5	911	823	837	10851700	837
07/10/2008	861.5	919	861.5	882	12262600	882
08/10/2008	861	908	845.5	852	11419500	852
09/10/2008	869	892	833	838	13011100	838
10/10/2008	776.5	846	775	794	14784500	794
13/10/2008	888	888	818.5	873	18127300	873
14/10/2008	900	917	855.5	896	10690700	896
15/10/2008	885.5	890	834.5	847.5	12692800	847.5
16/10/2008	800	869	789.5	821.5	11180900	821.5
17/10/2008	868.5	868.5	797	846	18343500	846
20/10/2008	881.5	901.5	845.5	901.5	17379500	901.5
21/10/2008	923	924	888	907.5	8575900	907.5
22/10/2008	914.5	944	866	872.5	13647900	872.5
23/10/2008	885	896.5	841	873	12144500	873
24/10/2008	829.5	883	784	883	20912600	883
27/10/2008	873	914.5	844	894	15492900	894
28/10/2008	919	938.5	863	902	12850800	902
29/10/2008	948.5	952	908.5	924	10823300	924
30/10/2008	958	958	921	933	11743900	933
31/10/2008	918.5	956	905.5	951	11431100	951
03/11/2008	970.5	987	955.5	987	7902500	987
04/11/2008	980	1000	966	984	11894100	984
05/11/2008	970	975	949	957.5	11576400	957.5
06/11/2008	949	960.5	910	912	17635900	912
07/11/2008	920.5	951	909	919	16228100	919
10/11/2008	955	972	944	952	7126100	952
11/11/2008	922.5	944.5	912.5	920	8792200	920
12/11/2008	935	935	898	902.5	9567900	902.5
13/11/2008	883	909.5	875.5	900.5	10002300	900.5
14/11/2008	932	939.5	912	918	9859000	918
17/11/2008	908	926.5	903	910.5	8527700	910.5
18/11/2008	904.5	928.5	897	926	7757700	926
19/11/2008	936	947	906	910.5	10183700	910.5
20/11/2008	883	903	854.5	869	13998900	869
21/11/2008	857	883	828.5	838.5	13937600	838.5
24/11/2008	859	916	854	912.5	15290300	912.5
25/11/2008	914.5	937.5	882	893	13950600	893
26/11/2008	875.5	903	864.5	892	8014200	892
27/11/2008	910	911.5	874.5	890	5089900	890
28/11/2008	890	912	884	907	9087200	907
01/12/2008	894	910	875.5	885	13768400	885
02/12/2008	872	892	856	879.5	11598000	879.5
03/12/2008	883.5	906.5	852.5	895.5	10440500	895.5
04/12/2008	910	958.5	897.5	910	12329700	910
05/12/2008	914.5	920	871	879.5	12100500	879.5
08/12/2008	914	948	906.5	930.5	12643100	930.5
09/12/2008	931.5	962	919	946.5	8102500	946.5
10/12/2008	946.5	960	933.5	940.5	7393400	940.5
11/12/2008	943	948	921.5	929	6784600	929
12/12/2008	900.5	936	898	928	7769900	928
15/12/2008	946	946	912.5	924	5685500	924
16/12/2008	913.5	946	913.5	932.5	6415400	932.5
17/12/2008	938	950	916	930.5	9433000	930.5
18/12/2008	940.5	946.5	927	937	7467100	937
19/12/2008	937.5	958.5	928.5	948	14401600	948
22/12/2008	932.5	951.5	930.5	932	6062300	932
23/12/2008	930	966	930	945.5	4846600	945.5
24/12/2008	959.5	960	931	934	850100	934
29/12/2008	942	965	932	946.5	3911100	946.5
30/12/2008	954.5	954.5	933.5	949.5	4004500	949.5
31/12/2008	961	979	950	961	1936000	961
02/01/2009	954	976	953.5	976	1601800	976
05/01/2009	980	989.5	967	989	3027500	989
06/01/2009	988.5	988.5	951.5	959.5	7636000	959.5
07/01/2009	960.5	963.5	937.5	947.5	6739100	947.5
08/01/2009	946.5	951	928.5	943.5	4388500	943.5
09/01/2009	949	949	923.5	926	5140300	926
12/01/2009	926	942	925	934.5	8083200	934.5
13/01/2009	932	941.5	916.5	932	7122500	932
14/01/2009	945	945	902.5	911	10424900	911
15/01/2009	913.5	923	895	902	7894300	902
16/01/2009	924	925.5	904.5	905	6499900	905
19/01/2009	916	932	907	919.5	4547800	919.5
20/01/2009	922.5	947	919	938.5	7707400	938.5
21/01/2009	930	950	918	925.5	10263500	925.5
22/01/2009	918	920.5	896.5	915	9636200	915
23/01/2009	911.5	926	890.5	923.5	8978500	923.5
26/01/2009	914	934	911	933	6356200	933
27/01/2009	929	930	915.5	924.5	4839100	924.5
28/01/2009	927.5	951.5	927.5	941	6690300	941
29/01/2009	942	945	928.5	936	5757600	936
30/01/2009	934.5	957.5	930	944	8814000	944
02/02/2009	947.5	947.5	910	915	7094400	915
03/02/2009	922	947.5	918	946	5895100	946
04/02/2009	948.5	962.5	948.5	950	7979300	950
05/02/2009	950	953.5	926	942	11137300	942
06/02/2009	944	945	918.5	931	11804600	931
09/02/2009	930	937.5	914	918	10012300	918
10/02/2009	920	920	892	892	8169800	892
11/02/2009	892	907.5	886.5	907.5	8075500	907.5
12/02/2009	851	880	845.5	877.5	19612500	877.5
13/02/2009	878	892	857	867	11948600	867
16/02/2009	858	879	853	864	4461800	864
17/02/2009	865	868	848.5	856.5	9803800	856.5
18/02/2009	861.5	874.5	848	853.5	8353700	853.5
19/02/2009	862.5	882	859	876	7674400	876
20/02/2009	869.5	875	851.5	861	9280900	861
23/02/2009	862	868	835.5	840	7463600	840
24/02/2009	840	846.5	819.5	830	7318400	830
25/02/2009	835.5	841.5	824.5	835.5	7993900	835.5
26/02/2009	837.5	847.5	818.5	828	10532800	828
27/02/2009	817	830.5	805.5	819	12054400	819
02/03/2009	815	822	804	804	9789700	804
03/03/2009	806.5	811	781	781	12012700	781
04/03/2009	775	785.5	765	782.5	10016400	782.5
05/03/2009	782	791	774	775.5	11823200	775.5
06/03/2009	778.5	781	760.5	763.5	8163500	763.5
09/03/2009	770.5	770.5	741	755	8635200	755
10/03/2009	759.5	782	745	778	8446200	778
11/03/2009	773	782.5	766	774.5	8361000	774.5
12/03/2009	775	775	750	768	8580200	768
13/03/2009	772	782	761	763	9082600	763
16/03/2009	772	793	766.5	792.5	7929100	792.5
17/03/2009	789	795	781.5	786.5	6130800	786.5
18/03/2009	790.5	798	767	774	5737500	774
19/03/2009	782.5	782.5	733	737.5	13485500	737.5
20/03/2009	740	742	727	733	15576100	733
23/03/2009	737	759.5	735.5	752.5	8832000	752.5
24/03/2009	760	771	755	767.5	7597600	767.5
25/03/2009	761.5	776.5	752	755.5	8681800	755.5
26/03/2009	762	768.5	752.5	763	9999900	763
27/03/2009	764	778	761.5	766.5	8155300	766.5
30/03/2009	766	773.5	753	760	8251700	760
31/03/2009	764	787.5	763	786.5	10035700	786.5
01/04/2009	783	790.5	770	790	6588900	790
02/04/2009	800	808	793	802	11572400	802
03/04/2009	805.5	805.5	787	790	6795700	790
06/04/2009	800	811.5	786	790	6534700	790
07/04/2009	796.5	806.5	788	798	7079400	798
08/04/2009	785	790.5	770	782	19084400	782
09/04/2009	783.5	783.5	760	772.5	7906000	772.5
14/04/2009	775	787	763	776	6483400	776
15/04/2009	774	790	772.5	790	7506400	790
16/04/2009	787	800.5	774	799.5	9775300	799.5
17/04/2009	796	802.5	785	795	7236100	795
20/04/2009	795	799.5	775.5	784	1506100	784
21/04/2009	795.5	807	783.5	793.5	1838200	793.5
22/04/2009	789.5	795	780	790	3339600	790
23/04/2009	787.5	791	773.5	779.5	2416900	779.5
24/04/2009	779.5	790	773	788	1302500	788
27/04/2009	784	789.5	780	785	2927700	785
28/04/2009	779.5	785.5	769	776.5	1176800	776.5
29/04/2009	782	799	778	797	3356100	797
30/04/2009	808.5	819	799.5	813	3113100	813
01/05/2009	825	825	807	815	3751900	815
05/05/2009	839	845	813	828	2541600	828
06/05/2009	830	865.5	828.5	854.5	2028800	854.5
07/05/2009	855	900.5	851	881	4532600	881
08/05/2009	890	891	863.5	871	2299800	871
11/05/2009	871	871	855.5	863.5	783600	863.5
12/05/2009	860.5	868.5	847	868.5	1861900	868.5
13/05/2009	874	885	866	870.5	3130400	870.5
14/05/2009	871.5	888.5	850	865	1468700	865
15/05/2009	865.5	869.5	851.5	864.5	2197400	864.5
18/05/2009	857.5	876.5	856	873.5	1217200	873.5
19/05/2009	875	875.5	863.5	875.5	748100	875.5
20/05/2009	876	880	862	867	1291100	867
21/05/2009	865	867.5	851	854.5	1545600	854.5
22/05/2009	865.5	873	845	853.5	1919400	853.5
26/05/2009	854.5	858	840	852.5	1802500	852.5
27/05/2009	850	858.5	833	843.5	1225600	843.5
28/05/2009	841.5	847.5	833.5	837	1251400	837
29/05/2009	844.5	849.5	834.5	843	1541000	843
01/06/2009	850	853.5	838.5	843	998600	843
02/06/2009	847.5	849	835	845	924200	845
03/06/2009	832.5	854.5	832.5	841	2017200	841
04/06/2009	841	849.5	832.5	846	3094400	846
05/06/2009	858.5	859.5	839	844.5	726300	844.5
08/06/2009	840	845.5	829.5	842.5	1631100	842.5
09/06/2009	847.5	849.5	829	840	1207800	840
10/06/2009	845.5	848	836	840	1729400	840
11/06/2009	838	856.5	831.5	854	3353400	854
12/06/2009	850.5	855.5	843.5	845	2102600	845
15/06/2009	846	846	834	841	2993600	841
16/06/2009	843	858.5	839.5	855	2262700	855
17/06/2009	851.5	864	846.5	848	1216000	848
18/06/2009	852	859	839.5	855.5	2971700	855.5
19/06/2009	857	889.5	851	889	11339600	889
22/06/2009	884.5	888	868	872.63	1564200	872.63
23/06/2009	869.5	882	868.5	871.5	1755800	871.5
24/06/2009	876.5	881.5	859	879.38	2191500	879.38
25/06/2009	879.5	883	867	882.5	1673200	882.5
26/06/2009	885.5	891.5	870.5	878.85	1431700	878.85
29/06/2009	874	897.5	874	888	1669300	888
30/06/2009	891	891	867.5	871.5	3772800	871.5
01/07/2009	870	899	869	895.64	2556400	895.64
02/07/2009	898.5	922	891	906.61	2247200	906.61
03/07/2009	903	908	896.5	900.81	1112300	900.81
06/07/2009	890.5	906.5	889.5	901.36	2079800	901.36
07/07/2009	904.5	905.5	892.5	893.5	1313400	893.5
08/07/2009	887	892.5	880	884.54	1323600	884.54
09/07/2009	880.5	882	869	877.27	1047000	877.27
10/07/2009	869	873.5	861.5	867.06	1796800	867.06
13/07/2009	864.5	880	857	878	805700	878
14/07/2009	875	875	861	867.5	1548500	867.5
15/07/2009	872.5	897.5	868.5	892.44	1869400	892.44
16/07/2009	885	889	873.5	880	1757100	880
17/07/2009	883	886.5	870.5	885.35	1794700	885.35
20/07/2009	891	896.5	882.5	885	1008700	885
21/07/2009	886.5	906.5	886.5	904.09	3150400	904.09
22/07/2009	908.5	915	903	908.29	1345300	908.29
23/07/2009	905	920	897.5	918.19	1476100	918.19
24/07/2009	915	916.5	899	908.5	1807500	908.5
27/07/2009	903.5	911	894	905	1601100	905
28/07/2009	902	908	893	902.5	517800	902.5
29/07/2009	900.5	925	900.5	918.87	1671500	918.87
30/07/2009	916	939	916	936	1706000	936
31/07/2009	937.5	955.5	934	938	2960200	938
03/08/2009	940	940.5	929.5	929.5	1246600	929.5
04/08/2009	932	934	914	929.5	1812300	929.5
05/08/2009	932.5	932.5	912.5	917	1788000	917
06/08/2009	920.5	931	914.5	919	880400	919
07/08/2009	921	938	916	925	4060000	925
10/08/2009	927.5	936	918	930.5	1460500	930.5
11/08/2009	941.5	947	934.5	938	1293000	938
12/08/2009	934.5	940	921.5	936	885300	936
13/08/2009	933.5	940.5	922.5	926.5	773800	926.5
14/08/2009	924.5	942	924	933.79	1275600	933.79
17/08/2009	933	937.5	922.5	928.5	808100	928.5
18/08/2009	932	938.5	925.5	938.5	1497900	938.5
19/08/2009	937.5	945	928.5	942.5	1008900	942.5
20/08/2009	933	942.5	928	939.5	2897600	939.5
21/08/2009	939.5	970.5	938	967	1332300	967
24/08/2009	968	974	953.5	963	3773600	963
25/08/2009	965	974.5	956	971.5	5044600	971.5
26/08/2009	977	1003	973.5	993.6	10253000	993.6
27/08/2009	965	969	948	956	10310200	956
28/08/2009	954	960	947.5	954	9249500	954
01/09/2009	959	977.5	957	962.5	8624400	962.5
02/09/2009	959	968.5	957	963.86	5509000	963.86
03/09/2009	968	973.5	948.5	953	7170900	953
04/09/2009	959.5	965	946.5	958	6098100	958
07/09/2009	964.5	977.5	962	972.5	3720000	972.5
08/09/2009	977.5	979	963	970.5	3687500	970.5
09/09/2009	954.5	958.5	945	958.5	4259700	958.5
10/09/2009	958	962	940	948.5	4828200	948.5
11/09/2009	949	951	940	949	5013900	949
14/09/2009	939.5	952	937.5	944.62	4662300	944.62
15/09/2009	951	958	946.5	948.5	4483400	948.5
16/09/2009	949	959	941.5	954.5	4977300	954.5
17/09/2009	953.5	982.5	953	975	6967600	975
18/09/2009	976.5	994.5	972.5	992	13692300	992
21/09/2009	993	993	975.5	982	3393500	982
22/09/2009	987	991.5	976	977.5	10310600	977.5
23/09/2009	978	982.5	970	976	14009800	976
24/09/2009	974	975	954	965.5	6103000	965.5
25/09/2009	970.5	977.5	964	966	5400700	966
28/09/2009	965.5	977.5	965	972	5132300	972
29/09/2009	970.5	975	962.5	966.5	3223900	966.5
30/09/2009	962	970	951	960	5385100	960
01/10/2009	956.5	970	953.5	955	5193900	955
02/10/2009	953.5	959	942	954.5	7295700	954.5
05/10/2009	956	956	943	947	5723700	947
06/10/2009	945	967.5	945	961	5204100	961
07/10/2009	962.5	967	956.5	956.5	4610600	956.5
08/10/2009	961	968	957	960	4769900	960
09/10/2009	959	967	958	966.5	5917300	966.5
12/10/2009	968.5	981.5	966.5	974	6386200	974
13/10/2009	977.5	991.5	975	976	5812300	976
14/10/2009	975	980.5	930.5	956	23353700	956
15/10/2009	960	980	958	961.5	8749500	961.5
16/10/2009	964	965	952	954	7565100	954
19/10/2009	956	984	956	973	5115000	973
20/10/2009	985	997.5	976	988	9394200	988
21/10/2009	987.5	998	971	982.5	6730000	982.5
22/10/2009	980.5	994.5	967	969.5	6321600	969.5
23/10/2009	973	979.5	962.5	962.5	4908300	962.5
26/10/2009	968	971.5	952	956	3944600	956
27/10/2009	960.5	971	951.5	959	5415300	959
28/10/2009	962.5	974	955	957.75	7322900	957.75
29/10/2009	972.5	987.5	965.5	986	9555400	986
30/10/2009	989	1006	984.5	996	10684900	996
02/11/2009	992.5	1016	986	1010	6928500	1010
03/11/2009	1001	1007	990	1000	6231900	1000
04/11/2009	978	1000	978	993	7191100	993
05/11/2009	985	1006	978	1000	6166000	1000
06/11/2009	1001	1011	995.5	1003	3333200	1003
09/11/2009	1011	1015	999	1010	3455800	1010
10/11/2009	1016	1045	1015	1027	8701400	1027
11/11/2009	1033	1035	1017	1017.64	5368900	1017.64
12/11/2009	1019	1024	1012	1016	3049500	1016
13/11/2009	1013	1020	1006	1012.5	3236000	1012.5
16/11/2009	1016	1028	1016	1020	2819200	1020
17/11/2009	1020	1035	1018	1033	4020000	1033
18/11/2009	1051	1079	1027	1030	6419400	1030
19/11/2009	1024	1038	1017	1021	4673300	1021
20/11/2009	1023	1032	1018	1025	7006200	1025
23/11/2009	1033	1046	1031	1039.44	2899900	1039.44
24/11/2009	1034	1050	1034	1040	3802800	1040
25/11/2009	1043	1055	1038	1038	6104900	1038
26/11/2009	1043	1043	1023	1024	3321700	1024
27/11/2009	1016	1035	1015	1030	4332000	1030
30/11/2009	1033	1034	1022	1025	4924500	1025
01/12/2009	1035	1040	1030	1040	4131700	1040
02/12/2009	1043	1046	1035	1040	5008600	1040
03/12/2009	1048	1048	1036	1041	3880100	1041
04/12/2009	1043	1059	1027	1055	5604500	1055
07/12/2009	1053	1069	1046	1063	3771200	1063
08/12/2009	1059	1074	1043	1043	4559600	1043
09/12/2009	1040	1046	1029	1029	5478200	1029
11/12/2009	1048	1060	1045	1053	4374300	1053
14/12/2009	1063	1064	1047	1052	3485200	1052
15/12/2009	1055	1070	1042	1065	7568500	1065
16/12/2009	1054	1070	1042	1057	8586600	1057
17/12/2009	1052	1057	1042	1045	4827100	1045
18/12/2009	1049	1065	1048	1058	13113000	1058
21/12/2009	1053	1067	1052	1063	2761700	1063
22/12/2009	1065	1073	1060	1069	2782600	1069
23/12/2009	1077	1079	1067	1074	12914800	1074
24/12/2009	1069	1087	1069	1085	6286200	1085
29/12/2009	1089	1098	1081	1090	3420500	1090
30/12/2009	1090	1095	1083	1084	1624200	1084
31/12/2009	1086	1090	1077	1084	904200	1084
