Date	Open	High	Low	Close	Volume	Adj Close			
03/01/2006	5618.8	5682.2	5618.8	5681.5	1838004800	5681.5			
04/01/2006	5681.5	5716.4	5681.5	5714.6	2005345000	5714.6			
05/01/2006	5714.6	5722.4	5686.4	5691.2	1862546600	5691.2			
06/01/2006	5691.2	5731.8	5691.2	5731.8	1894952000	5731.8			
09/01/2006	5731.8	5750.3	5725.9	5731.5	1690826200	5731.5			
10/01/2006	5731.5	5731.5	5686.1	5688.8	1799942000	5688.8			
11/01/2006	5688.8	5731.5	5688.8	5731.5	1606590000	5731.5			
12/01/2006	5731.5	5744.6	5724.9	5735.1	2119263800	5735.1			
13/01/2006	5735.1	5735.1	5690.9	5711	1641089400	5711			
16/01/2006	5711	5740.2	5707.2	5740.2	1259420600	5740.2			
17/01/2006	5740.2	5740.2	5693.1	5699	1902898600	5699			
18/01/2006	5699	5699	5634.8	5663.7	1849631400	5663.7			
19/01/2006	5663.7	5710	5663.7	5693.2	2052263400	5693.2			
20/01/2006	5693.2	5729.8	5666.5	5672.4	2131625600	5672.4			
23/01/2006	5672.4	5672.4	5625	5660.9	1658293600	5660.9			
24/01/2006	5660.9	5679	5630.4	5633.8	2113319200	5633.8			
25/01/2006	5633.8	5704.4	5633.8	5704.4	1993671000	5704.4			
26/01/2006	5704.4	5744	5698.5	5722.6	2141267000	5722.6			
27/01/2006	5722.6	5788.2	5722.6	5786.8	2039447400	5786.8			
30/01/2006	5786.8	5796.1	5772.7	5779.8	1414552400	5779.8			
31/01/2006	5779.8	5792.5	5760.3	5760.3	2143520800	5760.3			
01/02/2006	5760.3	5816	5746.2	5801.6	2144570400	5801.6			
02/02/2006	5801.6	5811.8	5743	5747.3	1969273800	5747.3			
03/02/2006	5747.3	5766.7	5728.2	5759.3	1728166400	5759.3			
06/02/2006	5759.3	5790.4	5759.3	5772.4	1681635200	5772.4			
07/02/2006	5772.4	5781.3	5734.7	5746.8	2042239200	5746.8			
08/02/2006	5746.8	5746.8	5681.9	5725.1	2141978600	5725.1			
09/02/2006	5725.1	5808.9	5725.1	5808.7	2138982600	5808.7			
10/02/2006	5808.7	5808.7	5764.1	5764.1	2058495200	5764.1			
13/02/2006	5764.1	5793.5	5760.3	5793.5	1369455600	5793.5			
14/02/2006	5793.5	5828.6	5773.7	5792.3	1706179400	5792.3			
15/02/2006	5792.3	5814.5	5780.9	5791.5	1844068000	5791.5			
16/02/2006	5791.5	5828.9	5791.5	5828.9	1895566200	5828.9			
17/02/2006	5828.9	5863.3	5822.4	5846.2	1741254400	5846.2			
20/02/2006	5846.2	5866.7	5839.4	5863	1094531400	5863			
21/02/2006	5863	5888	5856.9	5857.7	1676916800	5857.7			
22/02/2006	5857.7	5877.6	5836.8	5872.4	1842925400	5872.4			
23/02/2006	5872.4	5878.8	5829.4	5836	2099116600	5836			
24/02/2006	5836	5864	5836	5860.5	2014904800	5860.5			
27/02/2006	5860.5	5893.3	5860.5	5875.9	2036067200	5875.9			
28/02/2006	5875.9	5877.4	5788.7	5791.5	2134114600	5791.5			
01/03/2006	5791.5	5844.1	5783.9	5844.1	1990319400	5844.1			
02/03/2006	5844.1	5880	5803.7	5833	1917206200	5833			
03/03/2006	5833	5864	5803.8	5858.7	2066401600	5858.7			
06/03/2006	5858.7	5924.5	5858.7	5897.8	2147444000	5897.8			
07/03/2006	5897.8	5897.8	5830.7	5857.4	1935777600	5857.4			
08/03/2006	5857.4	5857.6	5790.9	5812.9	1915545600	5812.9			
09/03/2006	5812.9	5857.1	5812.9	5855.9	1640072800	5855.9			
10/03/2006	5855.9	5909.1	5838.2	5907.9	1720750200	5907.9			
13/03/2006	5907.9	5959.9	5907.9	5952.8	2085598400	5952.8			
14/03/2006	5952.8	5978.6	5940.7	5950.6	1998671200	5950.6			
15/03/2006	5950.6	5980.5	5950.6	5965.1	1859456400	5965.1			
16/03/2006	5965.1	5995.2	5951	5993.2	2146858200	5993.2			
17/03/2006	5993.2	6044	5992.8	5999.4	2147369000	5999.4			
20/03/2006	5999.4	6039.1	5986.9	5991.7	1881072000	5991.7			
21/03/2006	5991.7	5992.9	5956.7	5991.3	1771106200	5991.3			
22/03/2006	5991.3	6012.6	5957.8	6007.5	2144835400	6007.5			
23/03/2006	6007.5	6029.4	5974.8	5990.1	2137408800	5990.1			
24/03/2006	5990.1	6037.9	5990.1	6036.3	2097466800	6036.3			
27/03/2006	6036.3	6047	5971.4	5972.2	1526643600	5972.2			
28/03/2006	5972.2	6004.3	5929.7	5935.7	2137043000	5935.7			
29/03/2006	5935.7	5979.7	5927.2	5959.2	1742429400	5959.2			
30/03/2006	5959.2	6036	5959.2	6015.2	1496758000	6015.2			
31/03/2006	6015.2	6019.2	5961.4	5964.6	1650124600	5964.6			
03/04/2006	5964.6	6033.5	5964.6	6024.3	1488772200	6024.3			
04/04/2006	6024.3	6024.3	5984.3	6004.7	1622348200	6004.7			
05/04/2006	6004.7	6047.5	5983.5	6044.1	2111723800	6044.1			
06/04/2006	6044.1	6073.3	6037.6	6045.7	1830574800	6045.7			
07/04/2006	6045.7	6074.2	6020.6	6026.1	1984025400	6026.1			
10/04/2006	6026.1	6067	6024.3	6067	1716789400	6067			
11/04/2006	6067	6092.5	6012.9	6016.5	2013240400	6016.5			
12/04/2006	6016.5	6020	5974.5	6000.8	1851945400	6000.8			
13/04/2006	6000.8	6033.7	5987.2	6029.4	1300431400	6029.4			
18/04/2006	6029.4	6056.1	6026.1	6044.1	1389246800	6044.1			
19/04/2006	6044.1	6100.6	6044.1	6089.8	1703340600	6089.8			
20/04/2006	6089.8	6113.4	6074.2	6081.4	2029861600	6081.4			
21/04/2006	6081.4	6137.1	6077.9	6132.7	1553597400	6132.7			
24/04/2006	6132.7	6136.5	6098.7	6098.7	1338013400	6098.7			
25/04/2006	6098.7	6128.8	6084.6	6086.6	1581336400	6086.6			
26/04/2006	6086.6	6126.5	6086.6	6104.3	1650185400	6104.3			
27/04/2006	6104.3	6104.6	6026.2	6060	1966010000	6060			
28/04/2006	6060	6060	6023.1	6023.1	1644294800	6023.1			
02/05/2006	6023.1	6090.7	6022.3	6082.1	1657637600	6082.1			
03/05/2006	6082.1	6100	6008.7	6010	1886399400	6010			
04/05/2006	6010	6045.8	6001.1	6036.9	1687069400	6036.9			
05/05/2006	6036.9	6093.1	6033.9	6091.7	1852648000	6091.7			
08/05/2006	6091.7	6133.5	6058.8	6067.1	1607859400	6067.1			
09/05/2006	6067.1	6109.7	6054.6	6105.6	2064291600	6105.6			
10/05/2006	6105.6	6110	6079.6	6083.4	1940756400	6083.4			
11/05/2006	6083.4	6114.5	6039.9	6042	1600703400	6042			
12/05/2006	6042	6042	5912.1	5912.1	1697671200	5912.1			
15/05/2006	5912.1	5912.1	5755.4	5841.3	1991604000	5841.3			
16/05/2006	5841.3	5883.2	5807.1	5846.2	2138429000	5846.2			
17/05/2006	5846.2	5871.6	5675.5	5675.5	2145492400	5675.5			
18/05/2006	5675.5	5719.7	5618.7	5671.6	2143472600	5671.6			
19/05/2006	5671.6	5715	5645.4	5657.4	1777461200	5657.4			
22/05/2006	5657.4	5657.4	5510.5	5532.7	2031642400	5532.7			
23/05/2006	5532.7	5705.9	5532.7	5678.7	2147208600	5678.7			
24/05/2006	5678.7	5678.7	5563.5	5587.1	2146770400	5587.1			
25/05/2006	5587.1	5677.7	5562	5677.7	1760626600	5677.7			
26/05/2006	5677.7	5791	5677.7	5791	1627197000	5791			
30/05/2006	5791	5793.6	5643.3	5652	2026626200	5652			
31/05/2006	5652	5743.8	5591.5	5723.8	2119922000	5723.8			
01/06/2006	5723.8	5754.8	5680.6	5749.7	1833351200	5749.7			
02/06/2006	5749.7	5802.9	5745.7	5764.6	1669869800	5764.6			
05/06/2006	5764.6	5789.8	5738.9	5762.1	1072108200	5762.1			
06/06/2006	5762.1	5762.1	5656.6	5669.8	1883561800	5669.8			
07/06/2006	5669.8	5720.6	5638.5	5706.3	1885561000	5706.3			
08/06/2006	5706.3	5706.3	5562.9	5562.9	2135136200	5562.9			
09/06/2006	5562.9	5673.6	5562.9	5655.2	1801661400	5655.2			
12/06/2006	5655.2	5666.3	5612.3	5620.9	1463611000	5620.9			
13/06/2006	5620.9	5620.9	5467.4	5519.6	2146786800	5519.6			
14/06/2006	5519.6	5544.4	5475.6	5506.8	1860632800	5506.8			
15/06/2006	5506.8	5636.8	5506.8	5619.3	1917016000	5619.3			
16/06/2006	5619.3	5701.5	5594.3	5597.4	2134808800	5597.4			
19/06/2006	5597.4	5665.7	5597.4	5626.1	1153580400	5626.1			
20/06/2006	5626.1	5658.2	5585	5658.2	1352420400	5658.2			
21/06/2006	5658.2	5673.5	5610.8	5665	1642751600	5665			
22/06/2006	5665	5736.8	5657.2	5684.1	1611284600	5684.1			
23/06/2006	5684.1	5716.7	5667.8	5692.1	1145495200	5692.1			
26/06/2006	5692.1	5716.5	5677.5	5681.2	1614543500	5681.2			
27/06/2006	5681.2	5729.8	5650	5652.3	1337754500	5652.3			
28/06/2006	5652.3	5702.9	5633.8	5678.6	1267809100	5678.6			
29/06/2006	5678.6	5791.7	5678.6	5791.5	1502990700	5791.5			
30/06/2006	5791.5	5865.7	5791.5	5833.4	1583755600	5833.4			
03/07/2006	5833.4	5884.4	5833.4	5884.4	1194578500	5884.4			
04/07/2006	5884.4	5884.5	5848.3	5883.5	863784700	5883.5			
05/07/2006	5883.5	5883.5	5815.7	5826.7	1138260600	5826.7			
06/07/2006	5826.7	5897.1	5826.7	5890	1312357600	5890			
07/07/2006	5890	5908.5	5858.4	5888.9	1424761200	5888.9			
10/07/2006	5888.9	5901	5856.5	5896.9	880029600	5896.9			
11/07/2006	5896.9	5896.9	5844	5857.3	1162635500	5857.3			
12/07/2006	5857.3	5899.3	5842.7	5860.6	1212975900	5860.6			
13/07/2006	5860.6	5860.6	5751.9	5765	1515312700	5765			
14/07/2006	5765	5765	5707.6	5707.6	1305351900	5707.6			
17/07/2006	5707.6	5721.1	5654.6	5701	1366791200	5701			
18/07/2006	5701	5712.6	5658.3	5681.7	1439566900	5681.7			
19/07/2006	5681.7	5785.3	5680.8	5778	1665784200	5778			
20/07/2006	5778	5819.7	5756.4	5770.9	1308633700	5770.9			
21/07/2006	5770.9	5770.9	5700.7	5719.7	1594082100	5719.7			
24/07/2006	5719.7	5835.2	5719.7	5833.9	1298199400	5833.9			
25/07/2006	5833.9	5872.8	5825.8	5851.2	1547468200	5851.2			
26/07/2006	5851.2	5878.7	5851.2	5877.1	1720193600	5877.1			
27/07/2006	5877.1	5936.8	5877.1	5929.5	1583646400	5929.5			
28/07/2006	5929.5	5982.5	5904.7	5974.9	1401927000	5974.9			
31/07/2006	5974.9	5977.2	5928.3	5928.3	1272181800	5928.3			
01/08/2006	5928.3	5949.8	5867.4	5880.8	1278757400	5880.8			
02/08/2006	5880.8	5932.1	5880.8	5932.1	1329175500	5932.1			
03/08/2006	5932.1	5940.7	5827.1	5838.4	1803150600	5838.4			
04/08/2006	5838.4	5893.3	5836.5	5889.4	1497892000	5889.4			
07/08/2006	5889.4	5889.4	5820.9	5828.8	945153000	5828.8			
08/08/2006	5828.8	5866.6	5818.1	5818.1	1551879200	5818.1			
09/08/2006	5818.1	5865.9	5778.2	5860.5	1440463400	5860.5			
10/08/2006	5860.5	5860.5	5752.6	5823.4	1763427200	5823.4			
11/08/2006	5823.4	5848.2	5797	5820.1	1397317100	5820.1			
14/08/2006	5820.1	5870.9	5820.1	5870.9	1029687300	5870.9			
15/08/2006	5870.9	5903.2	5845	5897.9	1340987000	5897.9			
16/08/2006	5897.9	5902.8	5848.7	5896.6	1734086800	5896.6			
17/08/2006	5896.6	5915	5888.8	5900.4	1391457600	5900.4			
18/08/2006	5900.4	5932.5	5900.2	5903.4	1492403600	5903.4			
21/08/2006	5903.4	5936.6	5883.8	5915.2	978829900	5915.2			
22/08/2006	5915.2	5939.2	5878.4	5902.6	1154758300	5902.6			
23/08/2006	5902.6	5906.3	5853.8	5860	1165203200	5860			
24/08/2006	5860	5892.3	5832.5	5869.1	1211904400	5869.1			
25/08/2006	5869.1	5893.6	5858.6	5878.6	1044447600	5878.6			
29/08/2006	5878.6	5921.3	5878.6	5888.3	1366248500	5888.3			
30/08/2006	5888.3	5945.3	5888.2	5929.3	1477304500	5929.3			
31/08/2006	5929.3	5937	5895	5906.1	1386764500	5906.1			
01/09/2006	5906.1	5967.7	5906.1	5949.1	1146154500	5949.1			
04/09/2006	5949.1	5986.6	5947.7	5986.6	992682800	5986.6			
05/09/2006	5986.6	5991.2	5956.3	5981.7	1190045900	5981.7			
06/09/2006	5981.7	5981.7	5926.2	5929.3	1270011200	5929.3			
07/09/2006	5929.3	5929.3	5853.3	5858.1	1574375200	5858.1			
08/09/2006	5858.1	5899	5858.1	5879.3	1015429900	5879.3			
11/09/2006	5879.3	5879.3	5820	5850.8	1089823200	5850.8			
12/09/2006	5850.8	5896.9	5824.2	5895.5	1864798600	5895.5			
13/09/2006	5895.5	5913.4	5874.5	5892.2	1867392000	5892.2			
14/09/2006	5892.2	5943.7	5869	5877.2	1798578000	5877.2			
15/09/2006	5877.2	5899.2	5864.8	5877	2071064200	5877			
18/09/2006	5877	5911.9	5870.4	5890.2	1211359000	5890.2			
19/09/2006	5890.2	5897.4	5831.8	5831.8	1436161600	5831.8			
20/09/2006	5831.8	5880.8	5820.9	5866.2	1828956400	5866.2			
21/09/2006	5866.2	5898.1	5848.5	5896.7	1846888400	5896.7			
22/09/2006	5896.7	5896.7	5820.4	5822.3	1246627000	5822.3			
25/09/2006	5822.3	5847	5774.5	5798.3	1770395600	5798.3			
26/09/2006	5798.3	5879.2	5798.3	5873.6	1651896700	5873.6			
27/09/2006	5873.6	5942.2	5872.8	5930.1	1883803000	5930.1			
28/09/2006	5930.1	5978.8	5930.1	5971.3	1469060100	5971.3			
29/09/2006	5971.3	6002.9	5950.1	5960.8	1618783100	5960.8			
02/10/2006	5960.8	5985.5	5950.9	5957.8	1628546500	5957.8			
03/10/2006	5957.8	5957.8	5897.3	5937.1	1939007400	5937.1			
04/10/2006	5937.1	5969.1	5921.5	5966.5	2142754800	5966.5			
05/10/2006	5966.5	6016.7	5966.5	6004.5	2145351000	6004.5			
06/10/2006	6004.5	6014.3	5978.1	6001.2	1628449100	6001.2			
09/10/2006	6001.2	6044.5	5994.8	6030.9	1338778100	6030.9			
10/10/2006	6030.9	6076.3	6030.2	6072.7	2058971800	6072.7			
11/10/2006	6072.7	6081.9	6044.7	6073.5	1672596700	6073.5			
12/10/2006	6073.5	6121.7	6069	6121.3	1338882600	6121.3			
13/10/2006	6121.3	6170.5	6105.3	6157.3	1451175800	6157.3			
16/10/2006	6157.3	6184.3	6149.3	6172.4	1285792400	6172.4			
17/10/2006	6172.4	6174.7	6105.8	6108.6	1485665600	6108.6			
18/10/2006	6108.6	6166.8	6108.6	6150.4	1750405800	6150.4			
19/10/2006	6150.4	6183.5	6113.1	6156	1303207100	6156			
20/10/2006	6156	6199.8	6134.3	6155.2	1450615500	6155.2			
23/10/2006	6155.2	6181.1	6129.1	6166.1	1061220800	6166.1			
24/10/2006	6166.1	6186.9	6161.3	6182.5	1238923200	6182.5			
25/10/2006	6182.5	6216.1	6178.8	6214.6	1354486800	6214.6			
26/10/2006	6214.6	6244.6	6179.7	6184.8	1738351600	6184.8			
27/10/2006	6184.8	6206	6132.7	6160.9	1589175500	6160.9			
30/10/2006	6160.9	6160.9	6112.9	6126.8	1366361000	6126.8			
31/10/2006	6126.8	6149.9	6110.9	6129.2	1788183600	6129.2			
01/11/2006	6129.2	6180.7	6129.2	6149.6	1631932500	6149.6			
02/11/2006	6149.6	6172	6112.9	6149.3	1818387200	6149.3			
03/11/2006	6149.3	6177.3	6134	6148.1	1377065100	6148.1			
06/11/2006	6148.1	6224.5	6146.5	6224.5	1139977800	6224.5			
07/11/2006	6224.5	6244.5	6219.7	6244	1341969400	6244			
08/11/2006	6244	6244	6205.7	6239	1555121200	6239			
09/11/2006	6239	6250.4	6205.1	6231.5	1941091600	6231.5			
10/11/2006	6231.5	6233.1	6198.6	6208.4	1540927000	6208.4			
13/11/2006	6208.4	6239.8	6171.9	6194.2	1466749800	6194.2			
14/11/2006	6194.2	6223.9	6167.3	6186.6	1724141400	6186.6			
15/11/2006	6186.6	6229.8	6186.6	6229.8	1709608400	6229.8			
16/11/2006	6229.8	6256.8	6212.1	6254.9	1756639200	6254.9			
17/11/2006	6254.9	6254.9	6178.9	6192	1553257900	6192			
20/11/2006	6192	6218.9	6148.3	6204.5	1583123200	6204.5			
21/11/2006	6204.5	6228.4	6199.7	6202.6	1665305900	6202.6			
22/11/2006	6202.6	6233.1	6146.3	6160.3	1928778000	6160.3			
23/11/2006	6160.3	6181.7	6115.1	6140	1257256000	6140			
24/11/2006	6140	6140	6068.1	6122.1	1335559800	6122.1			
27/11/2006	6122.1	6129.5	6050.1	6050.1	1663486800	6050.1			
28/11/2006	6050.1	6062.8	6011.8	6025.9	1907684800	6025.9			
29/11/2006	6025.9	6098.6	6025.9	6084.4	1725779400	6084.4			
30/11/2006	6084.4	6108.9	6043.9	6048.8	1785469200	6048.8			
01/12/2006	6048.8	6087.4	5985.2	6021.5	1805651200	6021.5			
04/12/2006	6021.5	6058.1	6019.4	6050.4	1286179500	6050.4			
05/12/2006	6050.4	6097.4	6047.1	6086.4	1747636800	6086.4			
06/12/2006	6086.4	6105.7	6068.1	6090.3	1657440700	6090.3			
07/12/2006	6090.3	6145.3	6082.8	6131.5	1715884800	6131.5			
08/12/2006	6131.5	6157.1	6106.6	6152.4	1632000300	6152.4			
11/12/2006	6152.4	6187	6147.1	6159.8	1405243100	6159.8			
12/12/2006	6159.8	6164.8	6137.8	6156.4	1653482400	6156.4			
13/12/2006	6156.4	6196.6	6149.4	6192.5	1783762800	6192.5			
14/12/2006	6192.5	6230.6	6192.5	6228	1484146900	6228			
15/12/2006	6228	6271.4	6228	6260	2140440800	6260			
18/12/2006	6260	6269.1	6240.1	6247.4	1254247300	6247.4			
19/12/2006	6247.4	6247.4	6192	6203.9	1408300700	6203.9			
20/12/2006	6203.9	6240.1	6197.9	6198.6	1203981000	6198.6			
21/12/2006	6198.6	6203.5	6171.2	6183.7	1068612100	6183.7			
22/12/2006	6183.7	6191.1	6175.5	6190	475781100	6190			
27/12/2006	6190	6248.1	6190	6245.2	606891400	6245.2			
28/12/2006	6245.2	6258.7	6232.3	6240.9	512698400	6240.9			
29/12/2006	6240.9	6245.2	6207.6	6220.8	561961300	6220.8			
02/01/2007	6220.8	6312.5	6220.8	6310.9	1074946400	6310.9			
03/01/2007	6310.9	6322	6296	6319	1606892600	6319			
04/01/2007	6319	6319	6261	6287	1902875400	6287			
05/01/2007	6287	6287	6220.1	6220.1	1622439200	6220.1			
08/01/2007	6220.1	6246	6187	6194.2	1326700800	6194.2			
09/01/2007	6194.2	6218.5	6190.4	6196.1	2143699600	6196.1			
10/01/2007	6196.1	6196.1	6142	6160.7	1881991000	6160.7			
11/01/2007	6160.7	6233.1	6130.2	6230.1	2147062400	6230.1			
12/01/2007	6230.1	6247.6	6204.3	6239	1899868000	6239			
15/01/2007	6239	6279.7	6239	6263.5	1143652900	6263.5			
16/01/2007	6263.5	6266.4	6206.4	6215.7	1613624200	6215.7			
17/01/2007	6215.7	6227	6163.5	6204.5	1854154400	6204.5			
18/01/2007	6204.5	6257.2	6204.5	6210.3	1867057600	6210.3			
19/01/2007	6210.3	6243.3	6178	6237.2	1463593700	6237.2			
22/01/2007	6237.2	6270.9	6215.8	6218.4	1491780800	6218.4			
23/01/2007	6218.4	6240.7	6189.2	6227.6	1502967400	6227.6			
24/01/2007	6227.6	6320.9	6227.6	6314.8	1875850200	6314.8			
25/01/2007	6314.8	6335.1	6262.1	6269.3	1785913600	6269.3			
26/01/2007	6269.3	6271.4	6226.4	6228	1577128300	6228			
29/01/2007	6228	6253.7	6216	6239.9	1514653800	6239.9			
30/01/2007	6239.9	6250.1	6212.5	6242	1465861600	6242			
31/01/2007	6242	6257.3	6197.5	6203.1	2141167400	6203.1			
01/02/2007	6203.1	6300.3	6203.1	6282.2	2143964400	6282.2			
02/02/2007	6282.2	6329	6282.2	6310.9	2146065000	6310.9			
05/02/2007	6310.9	6328.9	6294.7	6317.9	1300078600	6317.9			
06/02/2007	6317.9	6369.7	6317.9	6346.3	1863241600	6346.3			
07/02/2007	6346.3	6379.8	6338.2	6369.5	1841128600	6369.5			
08/02/2007	6369.5	6375	6330.1	6346.4	1721451200	6346.4			
09/02/2007	6346.4	6395.4	6346.4	6382.8	1546436000	6382.8			
12/02/2007	6382.8	6383.1	6344.7	6353.5	1494281900	6353.5			
13/02/2007	6353.5	6381.8	6353.5	6381.8	1416286700	6381.8			
14/02/2007	6381.8	6421.2	6378.6	6421.2	1511242400	6421.2			
15/02/2007	6421.2	6435.3	6397.2	6433.3	1416697600	6433.3			
16/02/2007	6433.3	6439.2	6407.3	6419.5	1382320800	6419.5			
19/02/2007	6419.5	6451.4	6419.5	6444.4	924726700	6444.4			
20/02/2007	6444.4	6448.1	6392.4	6412.3	1556580500	6412.3			
21/02/2007	6412.3	6430.4	6352.1	6357.1	1769971000	6357.1			
22/02/2007	6357.1	6416	6357.1	6380.9	1757669200	6380.9			
23/02/2007	6380.9	6401.5	6357.1	6401.5	1661409800	6401.5			
26/02/2007	6401.5	6446.8	6401.5	6434.7	1468711700	6434.7			
27/02/2007	6434.7	6434.7	6270.5	6286.1	2044216000	6286.1			
28/02/2007	6286.1	6286.1	6166.2	6171.5	2147044800	6171.5			
01/03/2007	6171.5	6230.7	6038.9	6116	2147378000	6116			
02/03/2007	6116	6164.4	6085.6	6116.2	1923026800	6116.2			
05/03/2007	6116.2	6116.2	5989.6	6058.7	1913736200	6058.7			
06/03/2007	6058.7	6138.5	6058.7	6138.5	2123082800	6138.5			
07/03/2007	6138.5	6167.6	6106.1	6156.5	1669634300	6156.5			
08/03/2007	6156.5	6233.1	6156.5	6227.7	1542604000	6227.7			
09/03/2007	6227.7	6255.8	6190.3	6245.2	1660715000	6245.2			
12/03/2007	6245.2	6276.3	6219.3	6233.3	1355450200	6233.3			
13/03/2007	6233.3	6240.7	6161.2	6161.2	1595964300	6161.2			
14/03/2007	6161.2	6161.2	6000.7	6000.7	2147069800	6000.7			
15/03/2007	6000.7	6133.2	6000.7	6133.2	2137773200	6133.2			
16/03/2007	6133.2	6142.2	6094.7	6130.6	2116076000	6130.6			
19/03/2007	6130.6	6200.6	6130.6	6189.4	1827203000	6189.4			
20/03/2007	6189.4	6220.3	6159.4	6220.3	2146044000	6220.3			
21/03/2007	6220.3	6287.5	6207.7	6256.8	1776058400	6256.8			
22/03/2007	6256.8	6342.1	6256.8	6318	2143517800	6318			
23/03/2007	6318	6350.4	6296.6	6339.4	2052956800	6339.4			
26/03/2007	6339.4	6355.3	6274.1	6291.9	1766095600	6291.9			
27/03/2007	6291.9	6337.7	6276.8	6292.6	1549551200	6292.6			
28/03/2007	6292.6	6304.9	6250.1	6267.2	1582559700	6267.2			
29/03/2007	6267.2	6334.7	6267.2	6324.2	1534047700	6324.2			
30/03/2007	6324.2	6330	6291.1	6308	1952043600	6308			
02/04/2007	6308	6342.2	6293.9	6315.5	1360638100	6315.5			
03/04/2007	6315.5	6366.1	6315.5	6366.1	1816500000	6366.1			
04/04/2007	6366.1	6380.5	6345.9	6364.7	1749293400	6364.7			
05/04/2007	6364.7	6398.7	6350.3	6397.3	1373407100	6397.3			
10/04/2007	6397.3	6431.7	6394.3	6417.8	1604097700	6417.8			
11/04/2007	6417.8	6445.9	6401.9	6413.3	1995616000	6413.3			
12/04/2007	6413.3	6419.6	6376.4	6416.4	1491396500	6416.4			
13/04/2007	6416.4	6462.4	6416.4	6462.4	1515814000	6462.4			
16/04/2007	6462.4	6516.2	6462.4	6516.2	1504428800	6516.2			
17/04/2007	6516.2	6516.2	6456.4	6497.8	1558112100	6497.8			
18/04/2007	6497.8	6497.8	6440.8	6449.4	1490398100	6449.4			
19/04/2007	6449.4	6451.8	6386.2	6440.6	1447222200	6440.6			
20/04/2007	6440.6	6508.9	6440.6	6486.8	2142959200	6486.8			
23/04/2007	6486.8	6504.5	6466.1	6479.7	1325336900	6479.7			
24/04/2007	6479.7	6493.1	6408.4	6429.5	2082848400	6429.5			
25/04/2007	6429.5	6479	6429.5	6461.9	2141341200	6461.9			
26/04/2007	6461.9	6511.1	6443.7	6469.4	1688938000	6469.4			
27/04/2007	6469.4	6469.4	6410.6	6418.7	1877732000	6418.7			
30/04/2007	6418.7	6474.7	6410.5	6449.2	1386355000	6449.2			
01/05/2007	6449.2	6449.2	6395.5	6419.6	1036351100	6419.6			
02/05/2007	6419.6	6489	6419.6	6484.5	2017407600	6484.5			
03/05/2007	6484.5	6542.5	6484.5	6537.8	1925600400	6537.8			
04/05/2007	6537.8	6614.7	6537.8	6603.7	2099882800	6603.7			
08/05/2007	6603.7	6603.7	6537.5	6550.4	1962124000	6550.4			
09/05/2007	6550.4	6592.4	6529	6549.6	1948521400	6549.6			
10/05/2007	6549.6	6565.1	6515	6524.1	1836226400	6524.1			
11/05/2007	6524.1	6577	6451.9	6565.7	2146800600	6565.7			
14/05/2007	6565.7	6596.3	6530.3	6555.5	1234021300	6555.5			
15/05/2007	6555.5	6579	6532.9	6568.6	2142701600	6568.6			
16/05/2007	6568.6	6578.6	6539.4	6559.5	1834992800	6559.5			
17/05/2007	6559.5	6588.7	6553.6	6579.3	1987515600	6579.3			
18/05/2007	6579.3	6656.3	6579.1	6640.9	1971217200	6640.9			
21/05/2007	6640.9	6675	6619.4	6636.8	1562307500	6636.8			
22/05/2007	6636.8	6641.9	6594.6	6606.6	2147420000	6606.6			
23/05/2007	6606.6	6643.8	6602.5	6616.4	2142740200	6616.4			
24/05/2007	6616.4	6619.5	6560.5	6565.4	2137269600	6565.4			
25/05/2007	6565.4	6575.2	6532.5	6570.5	1649747200	6570.5			
29/05/2007	6570.5	6613.4	6570.5	6606.5	2146616000	6606.5			
30/05/2007	6606.5	6606.5	6533.5	6602.1	2048075400	6602.1			
31/05/2007	6602.1	6650.2	6602.1	6621.4	2067952800	6621.4			
01/06/2007	6621.4	6676.7	6621.3	6676.7	1746554800	6676.7			
04/06/2007	6676.7	6686.1	6641.2	6664.1	1276511200	6664.1			
05/06/2007	6664.1	6686.6	6625.7	6632.8	1790008800	6632.8			
06/06/2007	6632.8	6636.9	6511.7	6522.7	2034886600	6522.7			
07/06/2007	6522.7	6574.9	6478	6505.1	2145944400	6505.1			
08/06/2007	6505.1	6519.4	6451.4	6505.1	2147079600	6505.1			
11/06/2007	6505.1	6567.5	6505.1	6567.5	1400291000	6567.5			
12/06/2007	6567.5	6586.6	6513.7	6520.4	2009952200	6520.4			
13/06/2007	6520.4	6567.3	6483.6	6559.6	1925533000	6559.6			
14/06/2007	6559.6	6654.3	6559.6	6649.9	1889536400	6649.9			
15/06/2007	6649.9	6734.2	6649.9	6732.4	2147134000	6732.4			
18/06/2007	6732.4	6751.3	6696.8	6703.5	1300679000	6703.5			
19/06/2007	6703.5	6721.4	6650.2	6650.2	1713057600	6650.2			
20/06/2007	6650.2	6692.6	6647.6	6649.3	2139497600	6649.3			
21/06/2007	6649.3	6649.3	6563.9	6596	2146364000	6596			
22/06/2007	6596	6612.3	6562.2	6567.4	1591629800	6567.4			
25/06/2007	6567.4	6591.4	6522.3	6588.4	1919506000	6588.4			
26/06/2007	6588.4	6593.5	6539.9	6559.3	1988701200	6559.3			
27/06/2007	6559.3	6559.3	6496.4	6527.6	2144115800	6527.6			
28/06/2007	6527.6	6575.5	6527.6	6571.3	2141633200	6571.3			
29/06/2007	6571.3	6607.9	6519.6	6607.9	2019137800	6607.9			
02/07/2007	6607.9	6612.8	6570.5	6590.6	1617107900	6590.6			
03/07/2007	6590.6	6645.3	6590.6	6639.8	1863055200	6639.8			
04/07/2007	6639.8	6682.9	6639.8	6673.1	1208030100	6673.1			
05/07/2007	6673.1	6691.8	6625.8	6635.2	2094628800	6635.2			
06/07/2007	6635.2	6690.4	6635.2	6690.1	1579720000	6690.1			
09/07/2007	6690.1	6725.9	6690.1	6712.7	1314680000	6712.7			
10/07/2007	6712.7	6734.3	6620.5	6630.9	1764305200	6630.9			
11/07/2007	6630.9	6630.9	6574.2	6615.1	1735622400	6615.1			
12/07/2007	6615.1	6697.7	6594.7	6697.7	1791645200	6697.7			
13/07/2007	6697.7	6754.1	6697.7	6716.7	1459318900	6716.7			
16/07/2007	6716.7	6735.8	6679.2	6697.7	1620914300	6697.7			
17/07/2007	6697.7	6698.5	6628.1	6659.1	1653158100	6659.1			
18/07/2007	6659.1	6659.1	6567.1	6567.1	1649267100	6567.1			
19/07/2007	6567.1	6658.8	6567.1	6640.2	1929774600	6640.2			
20/07/2007	6640.2	6674.3	6580	6585.2	1648459200	6585.2			
23/07/2007	6585.2	6624.4	6583.5	6624.4	1450986400	6624.4			
24/07/2007	6624.4	6624.4	6498.7	6498.7	1858650000	6498.7			
25/07/2007	6498.7	6533.6	6436.7	6454.3	1877530000	6454.3			
26/07/2007	6454.3	6474.7	6251.2	6251.2	2146439200	6251.2			
27/07/2007	6251.2	6315.2	6192.3	6215.2	2146488400	6215.2			
30/07/2007	6215.2	6256.5	6186.2	6206.1	1964464800	6206.1			
31/07/2007	6206.1	6361.1	6206.1	6360.1	2119510400	6360.1			
01/08/2007	6360.1	6360.1	6187.2	6250.6	2124592200	6250.6			
02/08/2007	6250.6	6319.3	6250.6	6300.3	1864279600	6300.3			
03/08/2007	6300.3	6333.5	6212.2	6224.3	1772894000	6224.3			
06/08/2007	6224.3	6245.9	6161.5	6189.1	1727996400	6189.1			
07/08/2007	6189.1	6308.8	6189.1	6308.8	1775851600	6308.8			
08/08/2007	6308.8	6406.3	6308.8	6393.9	2102086800	6393.9			
09/08/2007	6393.9	6393.9	6228	6271.2	2146899400	6271.2			
10/08/2007	6271.2	6271.2	6038.3	6038.3	2146195200	6038.3			
13/08/2007	6038.3	6237.8	6038.3	6219	1990652800	6219			
14/08/2007	6219	6264.9	6132.2	6143.5	1778694000	6143.5			
15/08/2007	6143.5	6143.5	6041.7	6109.3	1773176400	6109.3			
16/08/2007	6109.3	6109.3	5858.9	5858.9	2122855400	5858.9			
17/08/2007	5858.9	6134	5821.7	6064.2	2146704600	6064.2			
20/08/2007	6064.2	6163.4	6064.2	6078.7	1481372100	6078.7			
21/08/2007	6078.7	6118.9	6031.8	6086.1	1563512400	6086.1			
22/08/2007	6086.1	6196.6	6086.1	6196	1720924400	6196			
23/08/2007	6196	6287.2	6194.4	6196.9	1710798800	6196.9			
24/08/2007	6196.9	6232.2	6182.4	6220.1	1064108000	6220.1			
28/08/2007	6220.1	6220.1	6083.9	6102.2	1251576900	6102.2			
29/08/2007	6102.2	6137.9	6056.5	6132.2	1277810500	6132.2			
30/08/2007	6132.2	6220.8	6122.5	6212	1527847600	6212			
31/08/2007	6212	6309.5	6212	6303.3	1405717400	6303.3			
03/09/2007	6303.3	6334.4	6303.2	6315.2	870994100	6315.2			
04/09/2007	6315.2	6378	6274.9	6376.8	1354080100	6376.8			
05/09/2007	6376.8	6390.5	6264.5	6270.7	1382927300	6270.7			
06/09/2007	6270.7	6327.3	6217.5	6313.3	1577759600	6313.3			
07/09/2007	6313.3	6342.7	6179.1	6191.2	1937698000	6191.2			
10/09/2007	6191.2	6232.1	6123.1	6134.1	1358041100	6134.1			
11/09/2007	6134.1	6280.7	6134.1	6280.7	1384825900	6280.7			
12/09/2007	6280.7	6317.1	6232	6306.2	1544617300	6306.2			
13/09/2007	6306.2	6374.5	6280.2	6363.9	1682212000	6363.9			
14/09/2007	6363.9	6363.9	6209.1	6289.3	2147180800	6289.3			
17/09/2007	6289.3	6289.3	6168	6182.8	2013260400	6182.8			
18/09/2007	6182.8	6298.5	6158.8	6283.3	2111940000	6283.3			
19/09/2007	6283.3	6512.4	6283.3	6460	2145890400	6460			
20/09/2007	6460	6460	6395.1	6429	1959086000	6429			
21/09/2007	6429	6481.6	6409.9	6456.7	2138550600	6456.7			
24/09/2007	6456.7	6494.2	6437.3	6465.9	1788563000	6465.9			
25/09/2007	6465.9	6465.9	6367	6396.9	2147378800	6396.9			
26/09/2007	6396.9	6484.4	6396.9	6433	1958384800	6433			
27/09/2007	6433	6508	6433	6486.4	2081502000	6486.4			
28/09/2007	6486.4	6500.4	6411.8	6466.8	2147358800	6466.8			
01/10/2007	6466.8	6514.5	6419.2	6506.2	1668930000	6506.2			
02/10/2007	6506.2	6567	6489.6	6500.4	2147328000	6500.4			
03/10/2007	6500.4	6542.8	6495	6535.2	2036551200	6535.2			
04/10/2007	6535.2	6593.3	6507.2	6547.9	1930898000	6547.9			
05/10/2007	6547.9	6605.1	6547.9	6595.8	1593592300	6595.8			
08/10/2007	6595.8	6605.6	6540.9	6540.9	1642300500	6540.9			
09/10/2007	6540.9	6625.3	6527.5	6615.4	1677935600	6615.4			
10/10/2007	6615.4	6633	6587.7	6633	1753424400	6633			
11/10/2007	6633	6730.1	6633	6724.5	2147272400	6724.5			
12/10/2007	6724.5	6730.7	6660	6730.7	2146771200	6730.7			
15/10/2007	6730.7	6751.7	6632.1	6644.5	1745764800	6644.5			
16/10/2007	6644.5	6644.5	6596.3	6614.3	1860730400	6614.3			
17/10/2007	6614.3	6690.5	6594.9	6677.7	1975530600	6677.7			
18/10/2007	6677.7	6722	6584.9	6609.4	1739688000	6609.4			
19/10/2007	6609.4	6615.8	6523.6	6527.9	1785068800	6527.9			
22/10/2007	6527.9	6527.9	6413.4	6459.3	1579305800	6459.3			
23/10/2007	6459.3	6562.7	6459.3	6514	1660006400	6514			
24/10/2007	6514	6550.9	6460.9	6482	1616236900	6482			
25/10/2007	6482	6587.6	6482	6576.3	1950013600	6576.3			
26/10/2007	6576.3	6684.1	6567.1	6661.3	2090789600	6661.3			
29/10/2007	6661.3	6726.9	6661.3	6706	1586284900	6706			
30/10/2007	6706	6706	6653.8	6659	1470789000	6659			
31/10/2007	6659	6721.6	6636.9	6721.6	1679888400	6721.6			
01/11/2007	6721.6	6723.7	6549.7	6586.1	1488383500	6586.1			
02/11/2007	6586.1	6586.1	6483.4	6530.6	1699776400	6530.6			
05/11/2007	6530.6	6530.6	6420.4	6461.4	1413957200	6461.4			
06/11/2007	6461.4	6512.1	6456.4	6474.9	1422579600	6474.9			
07/11/2007	6474.9	6519.2	6381.3	6385.1	1154914600	6385.1			
08/11/2007	6385.1	6432.3	6290.3	6381.9	2131190800	6381.9			
09/11/2007	6381.9	6442.9	6268.9	6304.9	1789367800	6304.9			
12/11/2007	6304.9	6365.2	6268.6	6337.9	1481929600	6337.9			
13/11/2007	6337.9	6387.4	6279.7	6362.4	1653336000	6362.4			
14/11/2007	6362.4	6460.8	6362.4	6432.1	1656137200	6432.1			
15/11/2007	6432.1	6465.4	6335.5	6359.6	1247280400	6359.6			
16/11/2007	6359.6	6359.6	6283.9	6291.2	1354551300	6291.2			
19/11/2007	6291.2	6331.7	6120.8	6120.8	1376432200	6120.8			
20/11/2007	6120.8	6227.7	6078.7	6226.5	1670833400	6226.5			
21/11/2007	6226.5	6226.5	6041.8	6070.9	1451986300	6070.9			
22/11/2007	6070.9	6155.3	6026.9	6155.3	1057454700	6155.3			
23/11/2007	6155.3	6262.1	6153.6	6262.1	1164111200	6262.1			
26/11/2007	6262.1	6307.8	6180.5	6180.5	1213903200	6180.5			
27/11/2007	6180.5	6197.1	6061.8	6140.7	1522180900	6140.7			
28/11/2007	6140.7	6307.4	6109.6	6306.2	1557515900	6306.2			
29/11/2007	6306.2	6363.5	6273.4	6349.1	1410893500	6349.1			
30/11/2007	6349.1	6455.8	6334	6432.5	1613249400	6432.5			
03/12/2007	6432.5	6456.1	6379.9	6386.6	1171600800	6386.6			
04/12/2007	6386.6	6398.2	6289.3	6315.2	1207162400	6315.2			
05/12/2007	6315.2	6493.8	6315.2	6493.8	1330501300	6493.8			
06/12/2007	6493.8	6591.8	6437.8	6485.6	1518034000	6485.6			
07/12/2007	6485.6	6577.8	6485.6	6554.9	1105835600	6554.9			
10/12/2007	6554.9	6596.7	6523.7	6565.4	1022301600	6565.4			
11/12/2007	6565.4	6597.5	6513.4	6536.9	971129100	6536.9			
12/12/2007	6536.9	6610.9	6429.5	6559.8	1593979100	6559.8			
13/12/2007	6559.8	6559.8	6364.2	6364.2	1406047700	6364.2			
14/12/2007	6364.2	6426.2	6336.7	6397	975937200	6397			
17/12/2007	6397	6397	6264.3	6277.8	1142261800	6277.8			
18/12/2007	6277.8	6344.3	6254.5	6279.3	1177663500	6279.3			
19/12/2007	6279.3	6319.1	6251.8	6284.5	1065834500	6284.5			
20/12/2007	6284.5	6367.7	6284.5	6345.6	1146332700	6345.6			
21/12/2007	6345.6	6451.8	6345.6	6434.1	1557130800	6434.1			
24/12/2007	6434.1	6485.6	6431.2	6479.3	145425600	6479.3			
27/12/2007	6479.3	6504.7	6468.4	6497.8	481185100	6497.8			
28/12/2007	6497.8	6497.8	6436.8	6476.9	420046400	6476.9			
31/12/2007	6476.9	6480.2	6432.8	6456.9	193916400	6456.9			
02/01/2008	6456.9	6512.3	6402.6	6416.7	674073200	6416.7			
03/01/2008	6416.7	6487.8	6394.6	6479.4	932411600	6479.4			
04/01/2008	6479.4	6534.7	6333.2	6348.5	1182595000	6348.5			
07/01/2008	6348.5	6376.5	6275.2	6335.7	1298557100	6335.7			
08/01/2008	6335.7	6399.6	6335.7	6356.5	1418490000	6356.5			
09/01/2008	6356.5	6356.5	6241.8	6272.7	1823908800	6272.7			
10/01/2008	6272.7	6314.5	6213	6222.7	1561764100	6222.7			
11/01/2008	6222.7	6251.8	6147	6202	1585046200	6202			
14/01/2008	6202	6247.3	6173	6215.7	1141689500	6215.7			
15/01/2008	6215.7	6215.7	6025.6	6025.6	1633314400	6025.6			
16/01/2008	6025.6	6031.5	5908.5	5942.9	1891142200	5942.9			
17/01/2008	5942.9	6028.4	5895.4	5902.4	1696753200	5902.4			
18/01/2008	5902.4	6030.9	5856.8	5901.7	2001846000	5901.7			
21/01/2008	5901.7	5901.7	5571	5578.2	2106408800	5578.2			
22/01/2008	5578.2	5764	5338.7	5740.1	2146910000	5740.1			
23/01/2008	5740.1	5844.9	5518.3	5609.3	2146010400	5609.3			
24/01/2008	5609.3	5882.3	5609.3	5875.8	2129111000	5875.8			
25/01/2008	5875.8	5973.3	5848.5	5869	1647164400	5869			
28/01/2008	5869	5869	5705.1	5788.9	1233021300	5788.9			
29/01/2008	5788.9	5885.2	5788.9	5885.2	1144882400	5885.2			
30/01/2008	5885.2	5885.2	5818.6	5837.3	1122769400	5837.3			
31/01/2008	5837.3	5899.5	5689.4	5879.8	1889212600	5879.8			
01/02/2008	5879.8	6044.9	5879.8	6029.2	1791834000	6029.2			
04/02/2008	6029.2	6071.3	6000.2	6026.2	1102822300	6026.2			
05/02/2008	6026.2	6026.2	5852.8	5868	1424460500	5868			
06/02/2008	5868	5892.6	5816.4	5875.4	1319507100	5875.4			
07/02/2008	5875.4	5875.4	5708.8	5724.1	1651444900	5724.1			
08/02/2008	5724.1	5805.3	5703.1	5784	1253695200	5784			
11/02/2008	5784	5789.6	5681.5	5707.7	1130427300	5707.7			
12/02/2008	5707.7	5910	5707.7	5910	1473528000	5910			
13/02/2008	5910	5915	5814.8	5880.1	1282472200	5880.1			
14/02/2008	5880.1	5938.5	5859.4	5879.3	1313155200	5879.3			
15/02/2008	5879.3	5915	5763.5	5787.6	1286214000	5787.6			
18/02/2008	5879.3	5915	5763.5	5787.6	1286214000	5787.6			
19/02/2008	5946.6	6033.7	5884.8	5966.9	1309767300	5966.9			
20/02/2008	5966.9	5966.9	5847.4	5893.6	1483248800	5893.6			
21/02/2008	5893.6	6004.4	5893.6	5932.2	1304872300	5932.2			
22/02/2008	5932.2	5970.9	5863.8	5888.5	1249304400	5888.5			
25/02/2008	5888.5	6011.7	5888.5	5999.5	1214773900	5999.5			
26/02/2008	5999.5	6092.5	5991.6	6087.4	1285073100	6087.4			
27/02/2008	6087.4	6104.5	5989	6076.5	1509729900	6076.5			
28/02/2008	6076.5	6090.8	5960.3	5965.7	1557014700	5965.7			
29/02/2008	5965.7	5986.2	5859.3	5884.3	1558677200	5884.3			
03/03/2008	5884.3	5884.3	5770.1	5818.6	1524223000	5818.6			
04/03/2008	5818.6	5872.9	5719.8	5767.7	1557756500	5767.7			
05/03/2008	5767.7	5860.5	5763.9	5853.5	1416583600	5853.5			
06/03/2008	5853.5	5871.1	5753.1	5766.4	1223869600	5766.4			
07/03/2008	5766.4	5766.4	5655.7	5699.9	1561260200	5699.9			
10/03/2008	5699.9	5718.8	5616.6	5629.1	1311043900	5629.1			
11/03/2008	5629.1	5783.4	5629.1	5690.4	1753848000	5690.4			
12/03/2008	5690.4	5812.7	5690.4	5776.4	1421374500	5776.4			
13/03/2008	5776.4	5776.4	5628.9	5692.4	1628702200	5692.4			
14/03/2008	5692.4	5782	5595.8	5631.7	1551274900	5631.7			
17/03/2008	5631.7	5631.7	5414.4	5414.4	2058764000	5414.4			
18/03/2008	5414.4	5610	5414.4	5605.8	1660294600	5605.8			
19/03/2008	5605.8	5653.6	5524.8	5545.6	2127270600	5545.6			
20/03/2008	5545.6	5545.6	5461.9	5495.2	2137214800	5495.2			
25/03/2008	5495.2	5704.3	5495.2	5689.1	1962218800	5689.1			
26/03/2008	5689.1	5689.1	5639.1	5660.4	1503602200	5660.4			
27/03/2008	5660.4	5735	5650.9	5717.5	1419002800	5717.5			
28/03/2008	5717.5	5747.2	5673.7	5692.9	1045046000	5692.9			
31/03/2008	5692.9	5715.1	5585.6	5702.1	1374906000	5702.1			
01/04/2008	5702.1	5865.8	5670.4	5852.6	1473810500	5852.6			
02/04/2008	5852.6	5920.1	5827.2	5915.9	1317727700	5915.9			
03/04/2008	5915.9	5935.2	5864	5891.3	1065812800	5891.3			
04/04/2008	5891.3	5948	5888	5947.1	955634000	5947.1			
07/04/2008	5947.1	6014.8	5947.1	6014.8	946532500	6014.8			
08/04/2008	6014.8	6014.8	5942.2	5990.2	934848900	5990.2			
09/04/2008	5990.2	6015.6	5947.2	5983.9	955804800	5983.9			
10/04/2008	5983.9	6003.2	5881.9	5965.1	1231191100	5965.1			
11/04/2008	5965.1	6016.3	5866.1	5895.5	1230140800	5895.5			
14/04/2008	5895.5	5895.5	5827	5831.6	1072015700	5831.6			
15/04/2008	5831.6	5943.3	5831.6	5906.9	1265818100	5906.9			
16/04/2008	5906.9	6046.2	5906.9	6046.2	1277224000	6046.2			
17/04/2008	6046.2	6086.4	5973.9	5980.4	1341988500	5980.4			
18/04/2008	5980.4	6062.1	5974.3	6056.5	1420110800	6056.5			
21/04/2008	6056.5	6089.5	6021.2	6053	1173183700	6053			
22/04/2008	6053	6072	6007.5	6034.7	1035231400	6034.7			
23/04/2008	6034.7	6083.6	5978.8	6083.6	1353681200	6083.6			
24/04/2008	6083.6	6083.6	5951.9	6050.7	1145619100	6050.7			
25/04/2008	6050.7	6098.8	6045.5	6091.4	1148950800	6091.4			
28/04/2008	6091.4	6134.5	6083.5	6090.4	781898400	6090.4			
29/04/2008	6090.4	6133.5	6051.6	6089.4	998315800	6089.4			
30/04/2008	6089.4	6120.3	6035.8	6087.3	1156329800	6087.3			
01/05/2008	6087.3	6118.2	6066	6087.3	579875000	6087.3			
02/05/2008	6087.3	6223.9	6087.3	6215.5	1199397100	6215.5			
06/05/2008	6215.5	6233.7	6155.9	6215.2	1079965300	6215.2			
07/05/2008	6215.2	6275	6214.1	6261	1037172400	6261			
08/05/2008	6256.5	6273.3	6217	6270.8	1054319800	6270.8			
09/05/2008	6270.8	6270.8	6167.6	6204.7	965929700	6204.7			
12/05/2008	6204.7	6251.9	6184.8	6220.6	678570700	6220.6			
13/05/2008	6220.6	6268.1	6142.3	6211.9	1049796000	6211.9			
14/05/2008	6211.9	6253.1	6167.9	6216	1161774400	6216			
15/05/2008	6216	6258.5	6168.8	6251.8	1137169700	6251.8			
16/05/2008	6251.8	6348.6	6251.8	6304.3	1197660300	6304.3			
19/05/2008	6304.3	6377	6302.8	6376.5	1110917100	6376.5			
20/05/2008	6376.5	6376.5	6191.6	6191.6	1351934500	6191.6			
21/05/2008	6191.6	6257.3	6183.5	6198.1	1354508000	6198.1			
22/05/2008	6198.1	6226.2	6159.4	6181.6	1551634800	6181.6			
23/05/2008	6181.6	6182.9	6087.3	6087.3	1133051900	6087.3			
27/05/2008	6087.3	6141.7	6048.7	6058.5	1296466600	6058.5			
28/05/2008	6058.5	6122.2	6052.5	6069.6	1344993800	6069.6			
29/05/2008	6069.6	6130.5	6041.1	6068.1	1377028900	6068.1			
30/05/2008	6068.1	6111.6	6044.7	6053.5	1650279200	6053.5			
02/06/2008	6053.5	6060.8	5978.4	6007.6	1276851200	6007.6			
03/06/2008	6007.6	6059	5993.3	6057.7	1331720200	6057.7			
04/06/2008	6057.7	6057.7	5933.3	5970.1	1610558000	5970.1			
05/06/2008	5970.1	6005.1	5941	5995.3	1444749900	5995.3			
06/06/2008	5995.3	6074.5	5906.5	5906.8	1377027600	5906.8			
09/06/2008	5906.8	5938.5	5869.6	5877.6	1314146900	5877.6			
10/06/2008	5877.6	5877.6	5813.4	5827.3	1327223000	5827.3			
11/06/2008	5827.3	5859.4	5708.3	5723.3	1940485200	5723.3			
12/06/2008	5723.3	5797.8	5719.8	5790.5	1871531600	5790.5			
13/06/2008	5790.5	5818.3	5719.5	5802.8	1354166400	5802.8			
16/06/2008	5802.8	5832.6	5759.6	5794.6	1256900600	5794.6			
17/06/2008	5794.6	5930.3	5794.6	5861.9	1313063700	5861.9			
18/06/2008	5861.9	5861.9	5735.4	5756.9	1326674800	5756.9			
19/06/2008	5756.9	5786.4	5707.2	5708.4	1439258100	5708.4			
20/06/2008	5708.4	5731.9	5597	5620.8	1692611200	5620.8			
23/06/2008	5620.8	5679.2	5603.2	5667.2	1290570200	5667.2			
24/06/2008	5667.2	5693.8	5581.6	5634.7	1606100900	5634.7			
25/06/2008	5634.7	5669.6	5634.7	5666.1	1527032600	5666.1			
26/06/2008	5666.1	5666.1	5518.2	5518.2	1603238400	5518.2			
27/06/2008	5518.2	5555.2	5470.9	5529.9	1673088200	5529.9			
30/06/2008	5529.9	5625.9	5520.2	5625.9	1411196600	5625.9			
01/07/2008	5625.9	5625.9	5466.3	5479.9	1767594400	5479.9			
02/07/2008	5479.9	5566.8	5426.3	5426.3	1775871600	5426.3			
03/07/2008	5426.3	5490.6	5358.5	5476.6	1779109000	5476.6			
04/07/2008	5476.6	5490.2	5394	5412.8	965363300	5412.8			
07/07/2008	5412.8	5516.4	5400.1	5512.7	1185721200	5512.7			
08/07/2008	5512.7	5512.7	5358.7	5440.5	1557397800	5440.5			
09/07/2008	5440.5	5538.2	5440.5	5529.6	1482713400	5529.6			
10/07/2008	5529.6	5529.6	5392.6	5406.8	1469240800	5406.8			
11/07/2008	5406.8	5461.8	5261.6	5261.6	1687915400	5261.6			
14/07/2008	5261.6	5373.2	5261.6	5300.4	1335586100	5300.4			
15/07/2008	5300.4	5300.4	5119	5171.9	2029590000	5171.9			
16/07/2008	5171.9	5210.1	5071.1	5150.6	2109417400	5150.6			
17/07/2008	5150.6	5320.5	5150.6	5286.3	2068339200	5286.3			
18/07/2008	5286.3	5376.4	5216.6	5376.4	2061723400	5376.4			
21/07/2008	5376.4	5445.8	5334.6	5404.3	1609589900	5404.3			
22/07/2008	5404.3	5404.3	5282.8	5364.1	1931906200	5364.1			
23/07/2008	5364.1	5467.2	5364.1	5449.9	2126534000	5449.9			
24/07/2008	5449.9	5463.7	5345.1	5362.3	1731840200	5362.3			
25/07/2008	5362.3	5375.2	5291.4	5352.6	1667475500	5352.6			
28/07/2008	5352.6	5365.8	5308.4	5312.6	1076152300	5312.6			
29/07/2008	5312.6	5354.6	5261.4	5319.2	1509528900	5319.2			
30/07/2008	5319.2	5435.9	5319.2	5420.7	1458786200	5420.7			
31/07/2008	5420.7	5456.1	5371.3	5411.9	1768570800	5411.9			
01/08/2008	5411.9	5411.9	5321.3	5354.7	1344622600	5354.7			
04/08/2008	5354.7	5414.7	5310.3	5320.2	972098200	5320.2			
05/08/2008	5320.2	5454.5	5299.7	5454.5	1655152900	5454.5			
06/08/2008	5454.5	5498.6	5440.1	5486.1	1634688400	5486.1			
07/08/2008	5486.1	5539.3	5450.9	5477.5	1552588900	5477.5			
08/08/2008	5477.5	5507.2	5410.8	5489.2	1416497600	5489.2			
11/08/2008	5489.2	5541.8	5477.7	5541.8	1121815500	5541.8			
12/08/2008	5541.8	5569.2	5491.3	5534.5	1249922600	5534.5			
13/08/2008	5534.5	5534.5	5437.1	5448.6	1399993600	5448.6			
14/08/2008	5448.6	5539.6	5445.6	5497.4	1127815600	5497.4			
15/08/2008	5497.4	5538.8	5432.2	5454.8	964805700	5454.8			
18/08/2008	5454.8	5498.7	5425.3	5450.2	727618300	5450.2			
19/08/2008	5450.2	5450.2	5317.1	5320.4	1162376300	5320.4			
20/08/2008	5320.4	5384.2	5320.4	5371.8	1086561800	5371.8			
21/08/2008	5371.8	5408	5311.4	5370.2	1013619100	5370.2			
22/08/2008	5370.2	5505.6	5368	5505.6	1024330700	5505.6			
26/08/2008	5505.6	5505.6	5369.3	5470.7	964507900	5470.7			
27/08/2008	5470.7	5540.8	5434.7	5528.1	879705600	5528.1			
28/08/2008	5528.1	5634	5496.9	5601.2	1098757800	5601.2			
29/08/2008	5601.2	5649.1	5587.4	5636.6	1110243500	5636.6			
01/09/2008	5636.6	5636.6	5573.8	5602.8	590551500	5602.8			
02/09/2008	5602.8	5646.5	5574.9	5620.7	1347035700	5620.7			
03/09/2008	5620.7	5620.7	5492.1	5499.7	1257682600	5499.7			
04/09/2008	5499.7	5541.7	5362.1	5362.1	1424206800	5362.1			
05/09/2008	5362.1	5362.1	5227.6	5240.7	1653449100	5240.7			
08/09/2008	5240.7	5447.6	5240.7	5446.3	808056500	5446.3			
09/09/2008	5446.3	5524.8	5386.9	5415.6	2008764200	5415.6			
10/09/2008	5415.6	5419.5	5327.8	5366.2	1580677300	5366.2			
11/09/2008	5366.2	5377.9	5258.1	5318.4	1448877900	5318.4			
12/09/2008	5318.4	5416.7	5318.4	5416.7	1375294700	5416.7			
15/09/2008	5416.7	5416.7	5124.9	5204.2	2087491400	5204.2			
16/09/2008	5204.2	5204.2	4961.2	5025.6	2146099200	5025.6			
17/09/2008	5025.6	5124.4	4903.3	4912.4	2146561600	4912.4			
18/09/2008	4912.4	5015.9	4860.7	4880	2145521400	4880			
19/09/2008	4880	5351.2	4857.1	5311.3	2147442800	5311.3			
22/09/2008	5311.3	5339.3	5236.3	5236.3	1294511500	5236.3			
23/09/2008	5236.3	5236.3	5076.3	5136.1	1502159000	5136.1			
24/09/2008	5136.1	5167.4	5087.3	5095.6	1259398100	5095.6			
25/09/2008	5095.6	5211.6	5060.7	5197	1428145900	5197			
26/09/2008	5197	5197	5057.3	5088.5	1124378300	5088.5			
29/09/2008	5088.5	5088.5	4818.8	4818.8	1512406900	4818.8			
30/09/2008	4818.8	4953.4	4671	4902.5	1767670400	4902.5			
01/10/2008	4902.5	5012.2	4891.5	4959.6	1532944100	4959.6			
02/10/2008	4959.6	5052	4862.1	4870.3	1321029600	4870.3			
03/10/2008	4870.3	5003.9	4832.1	4980.3	1565720100	4980.3			
06/10/2008	4980.3	4980.3	4549.7	4589.2	1802091400	4589.2			
07/10/2008	4589.2	4745	4517.5	4605.2	2142946800	4605.2			
08/10/2008	4605.2	4654.2	4245.3	4366.7	2146613600	4366.7			
09/10/2008	4366.7	4512.5	4274.4	4313.8	1903576800	4313.8			
10/10/2008	4313.8	4313.8	3874	3932.1	2146498800	3932.1			
13/10/2008	3932.1	4256.9	3932.1	4256.9	2086166600	4256.9			
14/10/2008	4256.9	4534.4	4256.9	4394.2	2146346000	4394.2			
15/10/2008	4394.2	4394.2	4052	4079.6	1647590100	4079.6			
16/10/2008	4079.6	4079.6	3808.1	3861.4	1998661000	3861.4			
17/10/2008	3861.4	4077.6	3861.3	4063	1844506800	4063			
20/10/2008	4063	4282.7	4063	4282.7	1455709900	4282.7			
21/10/2008	4282.7	4347.7	4212.4	4229.7	1277220400	4229.7			
22/10/2008	4229.7	4229.7	4031.8	4040.9	1446139700	4040.9			
23/10/2008	4040.9	4108.4	3927.6	4087.8	1459891400	4087.8			
24/10/2008	4087.8	4087.8	3715.2	3883.4	1831994400	3883.4			
27/10/2008	3883.4	3911.6	3665.2	3852.6	1399046800	3852.6			
28/10/2008	3852.6	4034	3847.6	3926.4	1592948400	3926.4			
29/10/2008	3926.4	4242.5	3926.4	4242.5	1667725800	4242.5			
30/10/2008	4242.5	4352.5	4200.2	4291.6	1363824700	4291.6			
31/10/2008	4291.6	4383.9	4195.1	4377.3	1679929200	4377.3			
03/11/2008	4377.3	4443.3	4348.3	4443.3	1234626600	4443.3			
04/11/2008	4443.3	4639.5	4404.2	4639.5	1492237400	4639.5			
05/11/2008	4639.5	4639.5	4495.7	4530.7	1154349300	4530.7			
06/11/2008	4530.7	4530.7	4260.3	4272.4	1681098800	4272.4			
07/11/2008	4272.4	4408.1	4263.8	4365	1296013900	4365			
10/11/2008	4365	4524.9	4365	4403.9	1096761500	4403.9			
11/11/2008	4403.9	4403.9	4231.5	4246.7	1320674700	4246.7			
12/11/2008	4246.7	4333.4	4134.5	4182	1441079300	4182			
13/11/2008	4182	4198.7	4079.6	4169.2	1418693000	4169.2			
14/11/2008	4169.2	4342.3	4169.2	4233	1228154000	4233			
17/11/2008	4233	4236.4	4110.7	4132.2	1096392800	4132.2			
18/11/2008	4132.2	4208.5	4033.4	4208.5	1317042600	4208.5			
19/11/2008	4208.5	4213.2	3999.1	4005.7	1388499600	4005.7			
20/11/2008	4005.7	4005.7	3812.2	3875	1571801700	3875			
21/11/2008	3875	3946.7	3734.1	3781	1618676700	3781			
24/11/2008	3781	4153.1	3781	4153	1639666200	4153			
25/11/2008	4153	4268.3	4069.3	4171.3	1902844600	4171.3			
26/11/2008	4171.3	4198.7	4050.7	4152.7	1167500600	4152.7			
27/11/2008	4152.7	4241.7	4152.7	4226.1	781558000	4226.1			
28/11/2008	4226.1	4288	4192.5	4288	941923400	4288			
01/12/2008	4288	4288	4038.4	4065.5	1042162300	4065.5			
02/12/2008	4065.5	4137.1	3973.3	4122.9	1586775800	4122.9			
03/12/2008	4122.9	4190.9	4042.3	4170	1201073100	4170			
04/12/2008	4170	4261.1	4090	4163.6	1270801000	4163.6			
05/12/2008	4163.6	4163.6	4002.2	4049.4	1116563000	4049.4			
08/12/2008	4049.4	4318	4049.4	4300.1	1243254500	4300.1			
09/12/2008	4300.1	4413	4232.6	4381.3	1106828600	4381.3			
10/12/2008	4381.3	4407.1	4330	4367.3	1098275500	4367.3			
11/12/2008	4367.3	4430.3	4307.8	4388.7	1054034500	4388.7			
12/12/2008	4388.7	4388.7	4201.9	4280.4	1101084600	4280.4			
15/12/2008	4280.4	4340.7	4238.9	4277.6	879421000	4277.6			
16/12/2008	4277.6	4330.1	4246.1	4309.1	929308800	4309.1			
17/12/2008	4309.1	4341.1	4231.1	4324.2	1135986100	4324.2			
18/12/2008	4324.2	4352.7	4282.6	4330.7	1089175900	4330.7			
19/12/2008	4330.7	4330.7	4200.7	4286.9	1578532100	4286.9			
22/12/2008	4286.9	4305.4	4219.8	4249.2	767254300	4249.2			
23/12/2008	4249.2	4307.1	4244.2	4256	607789500	4256			
24/12/2008	4256	4256	4205.2	4216.6	158370900	4216.6			
29/12/2008	4216.6	4326.3	4216.6	4319.4	441106700	4319.4			
30/12/2008	4319.4	4406.1	4319.4	4392.7	430343800	4392.7			
31/12/2008	4392.7	4456.2	4392.7	4434.2	241902100	4434.2			
02/01/2009	4434.2	4561.8	4430	4561.8	407295400	4561.8			
05/01/2009	4561.8	4618.1	4520.8	4579.6	836676000	4579.6			
06/01/2009	4579.6	4675.7	4562	4638.9	1037315900	4638.9			
07/01/2009	4638.9	4638.9	4478	4507.5	1060111200	4507.5			
08/01/2009	4507.5	4514.7	4410.5	4505.4	924352400	4505.4			
09/01/2009	4505.4	4534.8	4431.9	4448.5	979880000	4448.5			
12/01/2009	4448.5	4471.3	4402.3	4426.2	786091300	4426.2			
13/01/2009	4426.2	4426.2	4321.3	4399.1	963231600	4399.1			
14/01/2009	4399.1	4426.5	4115.4	4180.6	1309107100	4180.6			
15/01/2009	4180.6	4199.4	4090.9	4121.1	1247255200	4121.1			
16/01/2009	4121.1	4251.7	4121.1	4147.1	1386145300	4147.1			
19/01/2009	4147.1	4251.9	4032.4	4108.5	1879365000	4108.5			
20/01/2009	4108.5	4184.3	4060.6	4091.4	2079963600	4091.4			
21/01/2009	4091.4	4112.8	4001.4	4059.9	2068435600	4059.9			
22/01/2009	4059.9	4153.9	4046.4	4052.2	1615353300	4052.2			
23/01/2009	4052.2	4070.8	3956.7	4052.5	1510831400	4052.5			
26/01/2009	4052.5	4225.2	4039.4	4209	1524882700	4209			
27/01/2009	4209	4211	4130.8	4194.4	1264648300	4194.4			
28/01/2009	4194.4	4317.6	4194.4	4295.2	1742248000	4295.2			
29/01/2009	4295.2	4295.2	4147.7	4190.1	1387667100	4190.1			
30/01/2009	4190.1	4228	4125.2	4149.6	1496062600	4149.6			
02/02/2009	4149.6	4149.6	4036.9	4077.8	929235700	4077.8			
03/02/2009	4077.8	4173.2	4043.4	4164.5	1085343200	4164.5			
04/02/2009	4164.5	4262.7	4160.4	4228.6	1197508800	4228.6			
05/02/2009	4228.6	4235.3	4133.5	4228.9	1216488600	4228.9			
06/02/2009	4228.9	4330.7	4225.6	4291.9	1412522800	4291.9			
09/02/2009	4291.9	4334	4244	4307.6	1168750700	4307.6			
10/02/2009	4307.6	4309.5	4210.5	4213.1	1113424700	4213.1			
11/02/2009	4213.1	4244.5	4182.1	4234.3	977770400	4234.3			
12/02/2009	4234.3	4234.3	4135.1	4202.2	1326826600	4202.2			
13/02/2009	4202.2	4291.6	4168	4189.6	1464481700	4189.6			
16/02/2009	4189.6	4189.6	4127.3	4134.8	768227200	4134.8			
17/02/2009	4134.8	4134.8	3995.4	4034.1	1226667100	4034.1			
18/02/2009	4034.1	4056.5	3938.1	4006.8	1276563300	4006.8			
19/02/2009	4006.8	4045.2	3983.9	4018.4	1173914500	4018.4			
20/02/2009	4018.4	4018.4	3877.8	3889.1	1300936000	3889.1			
23/02/2009	3889.1	3960	3844.9	3850.7	985111700	3850.7			
24/02/2009	3850.7	3852.3	3772.4	3816.4	1082778100	3816.4			
25/02/2009	3816.4	3884.1	3803.9	3849	1190213500	3849			
26/02/2009	3849	3948.2	3849	3915.6	2078205800	3915.6			
27/02/2009	3915.6	3915.6	3760.7	3830.1	1662560800	3830.1			
02/03/2009	3830.1	3830.1	3625.8	3625.8	1489496500	3625.8			
03/03/2009	3625.8	3676.9	3497.3	3512.1	1552463400	3512.1			
04/03/2009	3512.1	3649.5	3512.1	3645.9	1282906400	3645.9			
05/03/2009	3645.9	3645.9	3526.4	3529.9	1517533800	3529.9			
06/03/2009	3529.9	3590.2	3492.1	3530.7	1594393900	3530.7			
09/03/2009	3530.7	3564.8	3460.7	3542.4	1568103200	3542.4			
10/03/2009	3542.4	3726.3	3516.3	3715.2	1622535400	3715.2			
11/03/2009	3715.2	3763.2	3652	3693.8	1596496800	3693.8			
12/03/2009	3693.8	3725.6	3616.5	3712.1	1416917400	3712.1			
13/03/2009	3712.1	3816	3712.1	3753.7	1333680600	3753.7			
16/03/2009	3753.7	3864	3753.7	3864	1179782000	3864			
17/03/2009	3864	3864	3793.1	3857.1	1176611600	3857.1			
18/03/2009	3857.1	3901.6	3768.5	3805	1211937800	3805			
19/03/2009	3805	3912.6	3793.7	3816.9	2067532400	3816.9			
20/03/2009	3816.9	3854.9	3777.7	3842.9	2098960800	3842.9			
23/03/2009	3842.9	3978.6	3842.9	3952.8	1440196200	3952.8			
24/03/2009	3952.8	3992.4	3878.4	3911.5	1405266300	3911.5			
25/03/2009	3911.5	3939.2	3853	3900.3	1320622500	3900.3			
26/03/2009	3900.3	3929.5	3877.8	3925.2	1425299200	3925.2			
27/03/2009	3925.2	3950.3	3877.6	3898.9	1489157600	3898.9			
30/03/2009	3898.9	3898.9	3762.9	3762.9	1236804900	3762.9			
31/03/2009	3762.9	3930.6	3762.9	3926.1	1504870500	3926.1			
01/04/2009	3926.1	3972.7	3838.2	3955.6	1290451500	3955.6			
02/04/2009	3955.6	4137.9	3955.6	4125	1638677400	4125			
03/04/2009	4125	4132.9	4015.6	4029.7	1373970900	4029.7			
06/04/2009	4029.7	4097.2	3959.6	3993.5	1210937300	3993.5			
07/04/2009	3993.5	4039.5	3909.9	3930.5	1084528600	3930.5			
08/04/2009	3930.5	3940.4	3876.1	3925.5	1093133600	3925.5			
09/04/2009	3925.5	3986.3	3912	3983.7	1119751900	3983.7			
14/04/2009	3983.7	4039.7	3939.6	3989	1385019600	3989			
15/04/2009	3989	4023.4	3941.6	3968.4	1214774100	3968.4			
16/04/2009	3968.4	4053	3963.6	4053	1235528900	4053			
17/04/2009	4053	4114.3	4043.2	4092.8	1554327900	4092.8			
20/04/2009	4092.8	4112.8	3962.9	3990.9	1222655400	3990.9			
21/04/2009	3990.9	4019.2	3897.3	3987.5	1470879100	3987.5			
22/04/2009	3987.5	4036	3948.2	4030.7	1293877500	4030.7			
23/04/2009	4030.7	4082.3	3999.1	4018.2	1098388900	4018.2			
24/04/2009	4018.2	4156	4018.2	4156	1274518100	4156			
27/04/2009	4156	4179.2	4088.7	4167	975338400	4167			
28/04/2009	4167	4167	4058.7	4096.4	977355800	4096.4			
29/04/2009	4096.4	4193.3	4089.5	4189.6	1155148300	4189.6			
30/04/2009	4189.6	4293.6	4189.6	4243.7	1479187300	4243.7			
01/05/2009	4243.7	4251.6	4210.8	4243.2	600337800	4243.2			
05/05/2009	4243.2	4375.4	4243.2	4336.9	1522095200	4336.9			
06/05/2009	4336.9	4437.6	4317	4396.5	1450005600	4396.5			
07/05/2009	4396.5	4520.8	4380.3	4398.7	2083443200	4398.7			
08/05/2009	4398.7	4487.5	4398.7	4462.1	1375438100	4462.1			
11/05/2009	4462.1	4470	4401.5	4435.5	1174313400	4435.5			
12/05/2009	4435.5	4457.5	4397.4	4425.5	1234467900	4425.5			
13/05/2009	4425.5	4448	4328.2	4331.4	1484087000	4331.4			
14/05/2009	4331.4	4371.3	4295.2	4362.6	1162939100	4362.6			
15/05/2009	4362.6	4400.7	4317.2	4348.1	1035803700	4348.1			
18/05/2009	4348.1	4446.5	4307.7	4446.5	959145000	4446.5			
19/05/2009	4446.5	4512.7	4445.5	4482.3	1395668300	4482.3			
20/05/2009	4482.3	4504.2	4445.1	4468.4	1327645000	4468.4			
21/05/2009	4468.4	4468.4	4325.8	4345.5	1224161500	4345.5			
22/05/2009	4345.5	4393.1	4335	4365.3	995791200	4365.3			
26/05/2009	4365.3	4423.6	4295	4411.7	982428500	4411.7			
27/05/2009	4411.7	4439.8	4390.2	4416.2	921207700	4416.2			
28/05/2009	4416.2	4416.2	4341.1	4387.5	900058900	4387.5			
29/05/2009	4387.5	4469.4	4387.5	4417.9	1114677800	4417.9			
01/06/2009	4417.9	4517.6	4417.9	4506.2	945393800	4506.2			
02/06/2009	4506.2	4506.2	4435.9	4477	1387225300	4477			
03/06/2009	4477	4477.2	4359.3	4383.4	1223552300	4383.4			
04/06/2009	4383.4	4436.3	4359.7	4386.9	1011577700	4386.9			
05/06/2009	4386.9	4495.9	4386.9	4438.6	1214146200	4438.6			
08/06/2009	4438.6	4438.6	4370.5	4405.2	1217751500	4405.2			
09/06/2009	4405.2	4445.5	4387.3	4404.8	984357100	4404.8			
10/06/2009	4404.8	4505.9	4404.8	4436.8	1183668000	4436.8			
11/06/2009	4436.8	4478.4	4409.1	4461.9	1081565300	4461.9			
12/06/2009	4461.9	4472	4427.2	4442	989967800	4442			
15/06/2009	4442	4442	4319.8	4326	975844300	4326			
16/06/2009	4326	4372.9	4321.6	4328.6	1170139100	4328.6			
17/06/2009	4328.6	4328.7	4254.6	4278.5	1167328600	4278.5			
18/06/2009	4278.5	4305.4	4239.7	4280.9	1222484600	4280.9			
19/06/2009	4280.9	4370.3	4279.9	4345.9	1830584200	4345.9			
22/06/2009	4345.9	4345.9	4234	4234	1126564000	4234			
23/06/2009	4234	4264	4214.9	4230	1058413900	4230			
24/06/2009	4230	4293	4218.4	4280	1122599900	4280			
25/06/2009	4280	4290.4	4213.4	4252.6	1082815600	4252.6			
26/06/2009	4252.6	4307.2	4216.5	4241	1021123000	4241			
29/06/2009	4241	4303.5	4235.2	4294	1086737100	4294			
30/06/2009	4294	4311.2	4230.6	4249.2	1281583400	4249.2			
01/07/2009	4249.2	4353	4249.2	4340.7	1191886700	4340.7			
02/07/2009	4340.7	4340.7	4230.8	4234.3	1271763400	4234.3			
03/07/2009	4234.3	4264.8	4221.2	4236.3	905300600	4236.3			
06/07/2009	4236.3	4236.3	4172.3	4194.9	880427600	4194.9			
07/07/2009	4194.9	4242.1	4184.4	4187	847664100	4187			
08/07/2009	4187	4197.5	4130.6	4140.2	1052135100	4140.2			
09/07/2009	4140.2	4186.4	4140.2	4158.7	900971500	4158.7			
10/07/2009	4158.7	4160.5	4123.5	4127.2	814402100	4127.2			
13/07/2009	4127.2	4209.3	4096.1	4202.1	834993700	4202.1			
14/07/2009	4202.1	4256.4	4198.7	4237.7	867775300	4237.7			
15/07/2009	4237.7	4346.5	4237.7	4346.5	916566100	4346.5			
16/07/2009	4346.5	4385.1	4329.4	4361.8	924794400	4361.8			
17/07/2009	4361.8	4411.9	4361.8	4388.8	1076386500	4388.8			
20/07/2009	4388.8	4464.8	4388.8	4443.6	953645300	4443.6			
21/07/2009	4443.6	4502.1	4437.8	4481.2	1080316300	4481.2			
22/07/2009	4481.2	4498	4449.2	4493.7	929533300	4493.7			
23/07/2009	4493.7	4566.8	4472.1	4559.8	1104970600	4559.8			
24/07/2009	4559.8	4603.2	4536.5	4576.6	1145449400	4576.6			
27/07/2009	4576.6	4615.1	4553.1	4586.1	875047700	4586.1			
28/07/2009	4586.1	4616.4	4520.3	4528.8	966741300	4528.8			
29/07/2009	4528.8	4581.8	4512.1	4547.5	895797600	4547.5			
30/07/2009	4547.5	4646.9	4547.5	4631.6	1158922000	4631.6			
31/07/2009	4631.6	4645.5	4599.7	4608.4	1120900800	4608.4			
03/08/2009	4608.4	4710.2	4595.6	4682.5	1178151300	4682.5			
04/08/2009	4682.5	4682.5	4627.7	4671.4	958905000	4671.4			
05/08/2009	4671.4	4696.6	4630.6	4647.1	1393738700	4647.1			
06/08/2009	4647.1	4729.6	4647.1	4690.5	1312467600	4690.5			
07/08/2009	4690.5	4743.6	4632.2	4731.6	1530040700	4731.6			
10/08/2009	4731.6	4731.6	4688.8	4722.2	897231000	4722.2			
11/08/2009	4722.2	4744.1	4657.8	4671.3	1051822000	4671.3			
12/08/2009	4671.3	4722.5	4631.7	4716.8	1010701300	4716.8			
13/08/2009	4716.8	4790	4716.8	4755.5	1014328700	4755.5			
14/08/2009	4755.5	4790.2	4699.5	4714	871182500	4714			
17/08/2009	4714	4714	4610.3	4645	801979300	4645			
18/08/2009	4645	4688.2	4645	4685.8	732862900	4685.8			
19/08/2009	4685.8	4698.5	4625.4	4689.7	774342200	4689.7			
20/08/2009	4689.7	4766.9	4689.7	4756.6	943369200	4756.6			
21/08/2009	4756.6	4858.5	4735.8	4850.9	1320641000	4850.9			
24/08/2009	4850.9	4911.4	4850.9	4896.2	900326800	4896.2			
25/08/2009	4896.2	4923.3	4858.9	4916.8	1044396000	4916.8			
26/08/2009	4916.8	4927	4872.4	4890.6	908111700	4890.6			
27/08/2009	4890.6	4906.2	4855.3	4869.4	912983400	4869.4			
28/08/2009	4869.4	4944.2	4869.4	4908.9	1070449900	4908.9			
01/09/2009	4908.9	4921.2	4819.7	4819.7	1152400000	4819.7			
02/09/2009	4819.7	4821.9	4776.5	4817.5	1274571600	4817.5			
03/09/2009	4817.5	4841.5	4788.9	4796.8	965052300	4796.8			
04/09/2009	4796.8	4873.8	4796.8	4851.7	938072700	4851.7			
07/09/2009	4851.7	4941.7	4851.7	4933.2	762580100	4933.2			
08/09/2009	4933.2	4972	4926	4947.3	1104604300	4947.3			
09/09/2009	4947.3	5004.3	4928.4	5004.3	914448800	5004.3			
10/09/2009	5004.3	5035.3	4956.6	4987.7	1109164700	4987.7			
11/09/2009	4987.7	5038.8	4987.7	5011.5	1012630000	5011.5			
14/09/2009	5011.5	5020.9	4953.7	5018.9	714999200	5018.9			
15/09/2009	5018.9	5062.7	4996.5	5042.1	881002700	5042.1			
16/09/2009	5042.1	5131.3	5042.1	5124.1	1133978800	5124.1			
17/09/2009	5124.1	5173.1	5124.1	5164	1020059800	5164			
18/09/2009	5164	5183.9	5147.1	5172.9	1597538500	5172.9			
21/09/2009	5172.9	5182.2	5107.7	5134.4	967255000	5134.4			
22/09/2009	5134.4	5189.9	5134.4	5142.6	796945400	5142.6			
23/09/2009	5142.6	5175.1	5126.6	5139.4	1014738400	5139.4			
24/09/2009	5139.4	5165.4	5073.4	5079.3	1161742200	5079.3			
25/09/2009	5079.3	5121.9	5079	5082.2	972278100	5082.2			
28/09/2009	5082.2	5170.8	5050.8	5165.7	926279400	5165.7			
29/09/2009	5165.7	5184	5136.5	5159.7	906053700	5159.7			
30/09/2009	5159.7	5190	5092.8	5133.9	1219158600	5133.9			
01/10/2009	5133.9	5164.4	5044	5047.8	1109157200	5047.8			
02/10/2009	5047.8	5047.8	4955	4988.7	1337511300	4988.7			
05/10/2009	4988.7	5024.3	4976.9	5024.3	935716800	5024.3			
06/10/2009	5024.3	5149.9	5024.3	5138	1042875300	5138			
07/10/2009	5138	5156.2	5104.5	5108.9	926710200	5108.9			
08/10/2009	5108.9	5172.8	5108.9	5154.6	1182546100	5154.6			
09/10/2009	5154.6	5171.5	5130.4	5161.9	930744900	5161.9			
12/10/2009	5161.9	5231.2	5161.9	5210.2	779456000	5210.2			
13/10/2009	5210.2	5221.6	5154.1	5154.1	1120979100	5154.1			
14/10/2009	5154.1	5261.3	5154.1	5256.1	1217495700	5256.1			
15/10/2009	5256.1	5267.9	5218.9	5223	1109682600	5223			
16/10/2009	5223	5272.9	5176.4	5190.2	1179478000	5190.2			
19/10/2009	5190.2	5281.5	5190.2	5281.5	827610900	5281.5			
20/10/2009	5281.5	5298.5	5243.4	5243.4	1072976800	5243.4			
21/10/2009	5243.4	5268	5174.5	5257.9	1143500900	5257.9			
22/10/2009	5257.9	5257.9	5166.5	5207.4	1018440400	5207.4			
23/10/2009	5207.4	5299.6	5207.4	5242.6	983285400	5242.6			
26/10/2009	5242.6	5281.1	5166.4	5191.7	934833900	5191.7			
27/10/2009	5191.7	5230.6	5181.9	5201	1445760900	5201			
28/10/2009	5201	5201	5074.1	5080.4	1420507200	5080.4			
29/10/2009	5080.4	5145.6	5042.7	5137.7	1347176800	5137.7			
30/10/2009	5137.7	5169.9	5024.4	5044.5	1402699300	5044.5			
02/11/2009	5044.5	5115.7	5022.5	5104.5	1039674800	5104.5			
03/11/2009	5104.5	5104.5	4985.1	5037.2	1355407100	5037.2			
04/11/2009	5037.2	5120.8	5037.2	5107.9	959549600	5107.9			
05/11/2009	5107.1	5154.6	5036.9	5125.6	1004107600	5125.6			
06/11/2009	5125.6	5159	5077.9	5142.7	1027214100	5142.7			
09/11/2009	5142.7	5240	5142.7	5235.2	868290100	5235.2			
10/11/2009	5235.2	5264.3	5221.5	5230.5	1093802600	5230.5			
11/11/2009	5230.5	5301.1	5230.5	5266.8	1051541500	5266.8			
12/11/2009	5266.8	5304.9	5254.1	5276.5	1026302300	5276.5			
13/11/2009	5276.5	5297.4	5251.3	5296.4	825989300	5296.4			
16/11/2009	5296.4	5397	5296.4	5382.7	786369300	5382.7			
17/11/2009	5382.7	5382.7	5337	5345.9	861148100	5345.9			
18/11/2009	5345.9	5372.1	5331.6	5342.1	1023850900	5342.1			
19/11/2009	5342.1	5343.8	5254.2	5267.7	969705900	5267.7			
20/11/2009	5267.7	5309.4	5224	5251.4	1164314800	5251.4			
23/11/2009	5251.4	5379.5	5251.4	5355.5	721784600	5355.5			
24/11/2009	5355.5	5374.9	5309.1	5324	1133899500	5324			
25/11/2009	5324	5372.2	5324	5364.8	1023165700	5364.8			
26/11/2009	5364.8	5364.8	5189.4	5194.1	1111331100	5194.1			
27/11/2009	5194.1	5271	5103.8	5245.7	1511711500	5245.7			
30/11/2009	5245.7	5270.4	5190.7	5190.7	1277889300	5190.7			
01/12/2009	5190.7	5312.2	5190.7	5312.2	1365285900	5312.2			
02/12/2009	5312.2	5348.5	5283	5327.4	1535114000	5327.4			
03/12/2009	5327.4	5372.4	5311.9	5313	1471991100	5313			
04/12/2009	5313	5373.9	5272.8	5322.4	1344173900	5322.4			
07/12/2009	5322.4	5328.8	5251	5310.7	1072522800	5310.7			
08/12/2009	5310.7	5323.4	5206.4	5223.1	1305308400	5223.1			
09/12/2009	5223.1	5245.9	5175.7	5203.9	1211920900	5203.9			
10/12/2009	5203.9	5254.5	5194.5	5244.4	1108715400	5244.4			
11/12/2009	5244.4	5312	5244.4	5261.6	972486600	5261.6			
14/12/2009	5261.6	5331	5261.6	5315.3	1090034300	5315.3			
15/12/2009	5315.3	5328.1	5250.8	5285.8	822309500	5285.8			
16/12/2009	5285.8	5335.3	5283.9	5320.3	892405400	5320.3			
17/12/2009	5320.3	5320.3	5217.6	5217.6	1164509700	5217.6			
18/12/2009	5217.6	5287.6	5196.8	5196.8	2132556000	5196.8			
21/12/2009	5196.8	5320	5196.8	5294	791039800	5294			
22/12/2009	5294	5361.9	5294	5328.7	556895300	5328.7			
23/12/2009	5328.7	5386.6	5328.7	5372.4	482969800	5372.4			
24/12/2009	5372.4	5402.4	5367.8	5402.4	231029500	5402.4			
29/12/2009	5402.4	5445.2	5402.4	5437.6	387897800	5437.6			
30/12/2009	5437.6	5442.8	5390.6	5397.9	345719600	5397.9			
31/12/2009	5397.9	5431.9	5390.4	5412.9	173847500	5412.9	