Date	Open	High	Low	Close	Volume	Adj Close
03/01/2006	1463	1476	1439	1456	27388700	1456
04/01/2006	1463	1497	1457	1483	16279000	1483
05/01/2006	1483	1507	1477	1496	13732300	1496
06/01/2006	1490	1497	1465	1478	14509800	1478
09/01/2006	1480	1502	1476	1491	16218400	1491
10/01/2006	1491	1499	1472	1473	11511200	1473
11/01/2006	1482	1489	1466	1474	12494500	1474
12/01/2006	1470	1470	1451	1457	13089200	1457
13/01/2006	1457	1465	1446	1456	15227400	1456
16/01/2006	1455	1478	1454	1466	10960900	1466
17/01/2006	1458	1465	1448	1454	17660400	1454
18/01/2006	1438	1448	1426	1442	17851900	1442
19/01/2006	1442	1445	1433	1435	16287100	1435
20/01/2006	1440	1442	1419	1424	16260600	1424
23/01/2006	1417	1427	1410	1426	13888700	1426
24/01/2006	1430	1448	1428	1428	22344400	1428
25/01/2006	1430	1445	1426	1437	14910000	1437
26/01/2006	1437	1445	1428	1440	22188600	1440
27/01/2006	1447	1480	1440	1469	24231100	1469
30/01/2006	1464	1471	1443	1448	15943000	1448
31/01/2006	1442	1458	1434	1438	24956400	1438
01/02/2006	1426	1457	1426	1445	15259400	1445
02/02/2006	1441	1452	1431	1434	22798300	1434
03/02/2006	1439	1462	1431	1448	26524400	1448
06/02/2006	1447	1459	1442	1443	14299900	1443
07/02/2006	1442	1448	1431	1444	23606800	1444
08/02/2006	1445	1470	1428	1457	54678800	1457
09/02/2006	1470	1506	1465	1500	27807600	1500
10/02/2006	1493	1515	1472	1473	25731700	1473
13/02/2006	1466	1501	1466	1497	14623700	1497
14/02/2006	1498	1506	1478	1487	16326600	1487
15/02/2006	1480	1481	1461	1466	21892600	1466
16/02/2006	1461	1471	1457	1471	14491800	1471
17/02/2006	1471	1479	1459	1471	12006000	1471
20/02/2006	1470	1479	1460	1475	6949300	1475
21/02/2006	1479	1485	1467	1468	10324900	1468
22/02/2006	1464	1490	1464	1484	13056500	1484
23/02/2006	1475	1479	1465	1474	13842000	1474
24/02/2006	1473	1483	1452	1461	14672100	1461
27/02/2006	1456	1470	1444	1468	17487500	1468
28/02/2006	1462	1476	1445	1446	26051400	1446
01/03/2006	1451	1470	1447	1468	19325100	1468
02/03/2006	1464	1482	1456	1469	20523000	1469
03/03/2006	1469	1493	1467	1478	18067600	1478
06/03/2006	1480	1496	1474	1491	13375300	1491
07/03/2006	1480	1512	1475	1507	18131500	1507
08/03/2006	1507	1545	1507	1536	35125100	1536
09/03/2006	1552	1578	1546	1559	27221100	1559
10/03/2006	1552	1581	1552	1577	20466700	1577
13/03/2006	1574	1589	1562	1570	17183500	1570
14/03/2006	1567	1583	1560	1574	17756500	1574
15/03/2006	1581	1584	1557	1561	13997300	1561
16/03/2006	1551	1556	1535	1556	21587700	1556
17/03/2006	1556	1563	1537	1547	25608800	1547
20/03/2006	1544	1560	1535	1546	15759900	1546
21/03/2006	1546	1554	1522	1536	19050900	1536
22/03/2006	1543	1567	1536	1540	19127900	1540
23/03/2006	1542	1553	1522	1530	20263100	1530
24/03/2006	1527	1546	1520	1536	11740000	1536
27/03/2006	1537	1544	1524	1528	13594600	1528
28/03/2006	1525	1552	1506	1512	38304900	1512
29/03/2006	1504	1518	1493	1503	15794700	1503
30/03/2006	1505	1517	1502	1509	10181200	1509
31/03/2006	1511	1525	1496	1505	17790000	1505
03/04/2006	1506	1545	1503	1523	20322300	1523
04/04/2006	1508	1522	1491	1500	17328100	1500
05/04/2006	1500	1507	1481	1495	20666200	1495
06/04/2006	1500	1504	1477	1479	25068300	1479
07/04/2006	1473	1495	1459	1477	33871900	1477
10/04/2006	1476	1513	1476	1494	16354300	1494
11/04/2006	1500	1509	1486	1486	15675500	1486
12/04/2006	1491	1505	1479	1485	15747000	1485
13/04/2006	1488	1498	1477	1498	12130200	1498
14/04/2006	1498	1498	1498	1498	0	1498
17/04/2006	1498	1498	1498	1498	0	1498
18/04/2006	1483	1495	1476	1480	15014300	1480
19/04/2006	1494	1495	1475	1484	14724200	1484
20/04/2006	1489	1503	1475	1495	19975200	1495
21/04/2006	1493	1503	1489	1492	14807100	1492
24/04/2006	1483	1485	1470	1477	12516800	1477
25/04/2006	1475	1497	1475	1483	9775900	1483
26/04/2006	1486	1502	1485	1486	12588700	1486
27/04/2006	1483	1553	1480	1532	34687600	1532
28/04/2006	1533	1572	1533	1556	29363900	1556
01/05/2006	1556	1556	1556	1556	0	1556
02/05/2006	1551	1565	1540	1550	19139100	1550
03/05/2006	1547	1553	1534	1548	20175100	1548
04/05/2006	1544	1548	1535	1539	20274900	1539
05/05/2006	1531	1548	1525	1541	16543600	1541
08/05/2006	1545	1549	1523	1539	16974100	1539
09/05/2006	1535	1568	1533	1557	23787100	1557
10/05/2006	1543	1552	1540	1540	15145900	1540
11/05/2006	1535	1549	1519	1520	15037400	1520
12/05/2006	1513	1538	1512	1515	18802000	1515
15/05/2006	1506	1527	1493	1514	19896600	1514
16/05/2006	1510	1553.31	1507.69	1536	26031100	1536
17/05/2006	1537	1543.08	1512	1512	22004600	1512
18/05/2006	1520	1529.4	1489.76	1505	24091000	1505
19/05/2006	1505	1540	1484	1505	18281200	1505
22/05/2006	1490	1507.6	1467.15	1474	22941300	1474
23/05/2006	1474	1489.67	1461.5	1485	28662000	1485
24/05/2006	1478	1489.33	1459.33	1460	17728400	1460
25/05/2006	1465	1492	1457	1478	18699600	1478
26/05/2006	1493	1505	1472.65	1505	16091800	1505
29/05/2006	1505	1505	1505	1505	0	1505
30/05/2006	1492	1503	1463.67	1464	20661700	1464
31/05/2006	1465	1489.41	1448.4	1480	21996500	1480
01/06/2006	1476	1496.6	1466.46	1496	12124500	1496
02/06/2006	1486	1497	1476	1483	16311400	1483
05/06/2006	1492	1501	1476	1494	13211100	1494
06/06/2006	1486	1503.35	1482.2	1488	16764000	1488
07/06/2006	1491	1526.3	1488	1517	18017900	1517
08/06/2006	1504	1509	1480	1489	23817500	1489
09/06/2006	1500	1500.8	1485	1490	21429800	1490
12/06/2006	1488	1493.58	1473.4	1480	15447600	1480
13/06/2006	1472	1479.74	1451.4	1479	21975100	1479
14/06/2006	1476	1487.2	1463.2	1474	17414000	1474
15/06/2006	1478	1487	1450	1458	25357500	1458
16/06/2006	1475	1480	1445	1455	34176500	1455
19/06/2006	1460	1476.8	1457.33	1465	13924300	1465
20/06/2006	1462	1487.4	1462	1482	18799200	1482
21/06/2006	1487	1502.33	1477.33	1492	23471700	1492
22/06/2006	1501	1504.25	1480.65	1487	15773500	1487
23/06/2006	1482	1505.67	1478	1486	10048300	1486
26/06/2006	1490	1490.23	1471.25	1474	24948700	1474
27/06/2006	1480	1485	1461.09	1464	19879500	1464
28/06/2006	1458	1477	1456	1467	19544600	1467
29/06/2006	1473	1503	1473	1500	11400800	1500
30/06/2006	1505	1525	1503	1511	16365900	1511
03/07/2006	1512	1521	1510	1521	8337800	1521
04/07/2006	1516	1521	1495	1506	10317800	1506
05/07/2006	1500	1515	1494	1510	11222500	1510
06/07/2006	1511	1545	1511	1537	15303700	1537
07/07/2006	1537	1543	1526	1540	12668500	1540
10/07/2006	1545	1545	1524	1535	12418200	1535
11/07/2006	1532	1545	1516	1521	16990900	1521
12/07/2006	1527	1536	1503	1513	16071200	1513
13/07/2006	1509	1509	1480	1485	14966200	1485
14/07/2006	1474	1488	1462	1470	12142000	1470
17/07/2006	1476	1485	1455	1478	16084900	1478
18/07/2006	1472	1499	1472	1491	16535400	1491
19/07/2006	1494	1500	1470	1493	18784000	1493
20/07/2006	1494	1507	1487	1493	8550800	1493
21/07/2006	1484	1503	1482	1491	11635900	1491
24/07/2006	1467	1514	1467	1512	17801000	1512
25/07/2006	1516	1555	1515	1530	29774900	1530
26/07/2006	1548	1560	1491	1507	41019900	1507
27/07/2006	1518	1518	1468	1485	29359000	1485
28/07/2006	1485	1498	1472	1493	12509600	1493
31/07/2006	1494	1496	1471	1481	15103900	1481
01/08/2006	1472	1487	1455	1460	26578700	1460
02/08/2006	1441	1449	1419	1434	33875100	1434
04/08/2006	1426	1443	1426	1437	16074300	1437
07/08/2006	1429	1431	1415	1418	12855600	1418
08/08/2006	1425	1434	1416	1419	17640400	1419
09/08/2006	1425	1440	1416	1437	17241800	1437
10/08/2006	1425	1447	1420	1446	22013600	1446
11/08/2006	1452	1458	1447	1452	12847800	1452
14/08/2006	1460	1464	1454	1461	11854500	1461
15/08/2006	1455	1474	1453	1467	10695200	1467
16/08/2006	1466	1475	1448	1466	19712700	1466
17/08/2006	1461	1466	1443	1448	21079300	1448
18/08/2006	1445	1457	1442	1443	16722200	1443
21/08/2006	1446	1457	1434	1437	17189900	1437
22/08/2006	1437	1443	1422	1436	21601300	1436
23/08/2006	1439	1442	1421	1421	14252100	1421
24/08/2006	1427	1454	1425	1444	20212600	1444
25/08/2006	1450	1450	1438	1441	9043200	1441
29/08/2006	1458	1472	1452	1467	20468900	1467
30/08/2006	1468	1500	1468	1491	20440800	1491
31/08/2006	1505	1505	1482	1488	24354000	1488
01/09/2006	1488	1498	1485	1488	15746300	1488
04/09/2006	1488	1497	1481	1497	12833100	1497
05/09/2006	1497	1498	1477	1489	12742500	1489
06/09/2006	1487	1489	1475	1478	9863700	1478
07/09/2006	1473	1475	1457	1464	16383300	1464
08/09/2006	1465	1479	1460	1469	6848500	1469
11/09/2006	1465	1484	1460	1479	10907300	1479
12/09/2006	1484	1499	1477	1499	19372500	1499
13/09/2006	1501	1505	1474	1487	13516800	1487
14/09/2006	1484	1487	1462	1464	14054100	1464
15/09/2006	1459	1495	1452	1467	30975400	1467
18/09/2006	1477	1477	1461	1469	13506500	1469
19/09/2006	1469	1469	1428	1433	27570500	1433
20/09/2006	1437	1441	1426	1429	28533900	1429
21/09/2006	1429	1437	1420	1426	28064100	1426
22/09/2006	1420	1425	1392	1418	30329300	1418
25/09/2006	1418	1435	1414	1422	36634400	1422
26/09/2006	1432	1435	1421	1432	15511300	1432
27/09/2006	1437	1439	1419	1426	20960600	1426
28/09/2006	1423	1432	1417	1424	15440100	1424
29/09/2006	1428	1428	1415	1422	17172000	1422
02/10/2006	1423	1441	1414	1440	22115400	1440
03/10/2006	1445	1459	1440	1457	27777900	1457
04/10/2006	1461	1463	1440	1459	13265700	1459
05/10/2006	1454	1459	1431	1438	29755300	1438
06/10/2006	1441	1466	1430	1445	33360700	1445
09/10/2006	1449	1466	1443	1454	16424100	1454
11/10/2006	1459	1472	1451	1468	22396200	1468
12/10/2006	1473	1483	1465	1468	19246700	1468
13/10/2006	1465	1465	1451	1459	18331700	1459
16/10/2006	1456	1468	1451	1462	19363400	1462
17/10/2006	1457	1477	1457	1464	13335400	1464
18/10/2006	1466	1481	1464	1476	20399800	1476
19/10/2006	1470	1507	1470	1492	25325300	1492
20/10/2006	1490	1503	1476	1486	27771200	1486
23/10/2006	1491	1499	1484	1491	22068200	1491
24/10/2006	1487	1499	1485	1489	15969200	1489
25/10/2006	1490	1528	1490	1511	36167600	1511
26/10/2006	1497	1548	1436	1451	74018300	1451
27/10/2006	1431	1438	1398	1410	68739500	1410
30/10/2006	1401	1410	1389	1400	30691300	1400
31/10/2006	1400	1411	1393	1400	40895700	1400
01/11/2006	1390	1399	1384	1392	27267800	1392
02/11/2006	1394	1431	1386	1414	51645600	1414
03/11/2006	1415	1417	1401	1402	20544800	1402
06/11/2006	1402	1416	1396	1416	18730500	1416
07/11/2006	1418	1429	1415	1427	12857600	1427
08/11/2006	1425	1429	1396	1404	25094900	1404
09/11/2006	1401	1403	1366	1386	43450500	1386
10/11/2006	1360	1370	1353	1360	45420700	1360
13/11/2006	1360	1380	1357	1366	26772400	1366
14/11/2006	1368	1369	1353	1366	24958900	1366
15/11/2006	1375	1380	1359	1365	21070100	1365
16/11/2006	1365	1374	1363	1373	22309400	1373
17/11/2006	1371	1379	1366	1374	18153900	1374
20/11/2006	1364	1376	1359	1370	19251800	1370
21/11/2006	1374	1374	1355	1355	27023100	1355
22/11/2006	1360	1361	1335	1346	30556500	1346
23/11/2006	1352	1353	1326	1339	21748900	1339
24/11/2006	1334	1347	1326	1339	19064400	1339
27/11/2006	1340	1347	1325	1331	16728300	1331
28/11/2006	1334	1349	1321	1331	22675000	1331
29/11/2006	1345	1377	1345	1371	40625800	1371
30/11/2006	1370	1378	1351	1351	27895200	1351
01/12/2006	1355	1366	1340	1360	33308500	1360
04/12/2006	1360	1367	1334	1350	23266100	1350
05/12/2006	1350	1353	1329	1340	21359000	1340
06/12/2006	1341	1344	1325	1338	24264700	1338
07/12/2006	1334	1354	1331	1341	14779100	1341
08/12/2006	1336	1342	1330	1340	19136500	1340
11/12/2006	1349	1356	1336	1338	16327500	1338
12/12/2006	1336	1350	1336	1346	25293900	1346
13/12/2006	1343	1352	1338	1345	20419000	1345
14/12/2006	1348	1360	1343	1347	21387500	1347
15/12/2006	1344	1349	1332	1333	47765500	1333
18/12/2006	1332	1355	1330	1344	28476600	1344
19/12/2006	1340	1354	1325	1332	41285500	1332
20/12/2006	1333	1336	1325	1326	26172800	1326
21/12/2006	1325	1335	1321	1331	20889000	1331
22/12/2006	1323	1339	1323	1339	6342200	1339
27/12/2006	1338	1350	1335	1345	9204000	1345
28/12/2006	1350	1350	1336	1340	8035400	1340
29/12/2006	1344	1350	1333	1344	25684900	1344
02/01/2007	1345	1366	1338	1364	9703600	1364
03/01/2007	1367	1388	1361	1388	21513100	1388
04/01/2007	1384	1415	1381	1411	29797500	1411
05/01/2007	1404	1417	1390	1391	28126400	1391
08/01/2007	1391	1396	1357	1360	25845900	1360
09/01/2007	1360	1367	1354	1360	29583100	1360
10/01/2007	1354	1368	1349	1359	29596500	1359
11/01/2007	1360	1373	1353	1364	26125800	1364
12/01/2007	1367	1379	1359	1371	24787400	1371
15/01/2007	1370	1390	1370	1380	14695400	1380
16/01/2007	1377	1397	1375	1388	26340100	1388
17/01/2007	1391	1415	1389	1398	29510200	1398
18/01/2007	1404	1424	1403	1413	48302100	1413
19/01/2007	1416	1424	1400	1418	23487100	1418
22/01/2007	1419	1419	1400	1406	23742500	1406
23/01/2007	1404	1410	1389	1395	20857100	1395
24/01/2007	1394	1415	1385	1412	19948600	1412
25/01/2007	1406	1409	1390	1393	23571900	1393
26/01/2007	1387	1399	1382	1387	39224000	1387
29/01/2007	1383	1397	1375	1388	23744600	1388
30/01/2007	1388	1393	1380	1387	13391300	1387
31/01/2007	1385	1391	1363	1365	27849200	1365
01/02/2007	1377	1398	1376	1386	27302300	1386
02/02/2007	1394	1421	1386	1420	32830100	1420
05/02/2007	1413	1417	1396	1398	16747100	1398
06/02/2007	1401	1412	1401	1408	15898000	1408
07/02/2007	1403	1406	1390	1400	24393800	1400
08/02/2007	1404	1433	1383	1422	54837900	1422
09/02/2007	1429	1461	1429	1450	38675600	1450
12/02/2007	1440	1468	1439	1460	26757100	1460
13/02/2007	1465	1491	1460	1491	37577500	1491
14/02/2007	1478	1495	1471	1493	35283300	1493
15/02/2007	1488	1490	1475	1477	29703200	1477
16/02/2007	1474	1501	1474	1480	25566200	1480
20/02/2007	1490	1498	1482	1488	19423400	1488
21/02/2007	1485	1486	1457	1459	38911800	1459
22/02/2007	1461	1464	1438	1440	28820000	1440
23/02/2007	1445	1453	1439	1450	17032500	1450
26/02/2007	1449	1460	1447	1455	12781600	1455
27/02/2007	1453	1459	1433	1434	18374200	1434
28/02/2007	1429	1451	1410	1430	41881100	1430
01/03/2007	1427	1433	1411	1426	34391000	1426
02/03/2007	1426	1431	1398	1417	33790600	1417
05/03/2007	1402	1410	1385	1403	24721900	1403
06/03/2007	1408	1421	1390	1421	26688200	1421
07/03/2007	1421	1426	1409	1426	13648000	1426
08/03/2007	1428	1450	1421	1449	20034100	1449
09/03/2007	1439	1449	1421	1435	17896300	1435
12/03/2007	1445	1454	1431	1445	17953300	1445
13/03/2007	1445	1447	1421	1423	17735500	1423
14/03/2007	1420	1428	1394	1396	32833200	1396
15/03/2007	1408	1417	1396	1417	22436300	1417
16/03/2007	1415	1415	1398	1400	30657500	1400
19/03/2007	1410	1422	1390	1411	22339800	1411
20/03/2007	1413	1421	1396	1417	22472700	1417
21/03/2007	1418	1426	1409	1413	17624700	1413
22/03/2007	1425	1428	1402	1414	41632700	1414
23/03/2007	1416	1417	1388	1391	52734800	1391
26/03/2007	1390	1405	1384	1390	32357100	1390
27/03/2007	1395	1399	1371	1385	28917800	1385
28/03/2007	1378	1385	1373	1378	22967600	1378
29/03/2007	1385	1393	1376	1389	16912600	1389
30/03/2007	1394	1401	1386	1397	25765600	1397
02/04/2007	1402	1405	1384	1388	12808300	1388
03/04/2007	1398	1403	1386	1401	17395100	1401
04/04/2007	1402	1412	1393	1408	20820400	1408
05/04/2007	1412	1420	1402	1420	12737500	1420
10/04/2007	1420	1422	1408	1415	35301300	1415
11/04/2007	1418	1422	1404	1412	40356200	1412
12/04/2007	1414	1436	1405	1433	22441200	1433
13/04/2007	1435	1469	1435	1467	24429400	1467
16/04/2007	1475	1481	1468	1481	23976100	1481
17/04/2007	1480	1480	1463	1475	17417500	1475
18/04/2007	1470	1477	1458	1459	20314300	1459
19/04/2007	1455	1488	1450	1480	24415500	1480
20/04/2007	1484	1503	1479	1488	31341700	1488
23/04/2007	1482	1498	1466	1466	20194700	1466
24/04/2007	1476	1489	1467	1471	21220300	1471
26/04/2007	1477	1485	1462	1465	20668500	1465
27/04/2007	1460	1469	1433	1440	28607400	1440
30/04/2007	1441	1454	1441	1449	20089200	1449
01/05/2007	1443	1452	1432	1446	14334300	1446
02/05/2007	1442	1449	1432	1441	19247600	1441
03/05/2007	1442	1448	1435	1447	23752800	1447
04/05/2007	1447	1468	1442	1455	10884100	1455
08/05/2007	1451	1461	1433	1446	15154100	1446
09/05/2007	1446	1456	1435	1438	11912400	1438
10/05/2007	1443	1443	1421	1428	13959700	1428
11/05/2007	1426	1434	1413	1430	22851400	1430
14/05/2007	1431	1437	1422	1424	12563000	1424
15/05/2007	1426	1440	1423	1430	25321400	1430
16/05/2007	1431	1438	1425	1432	14513900	1432
17/05/2007	1441	1458	1434	1451	23702700	1451
18/05/2007	1452	1474	1452	1464	23666300	1464
21/05/2007	1464	1468	1382	1390	35706700	1390
22/05/2007	1340	1371	1333	1371	159175500	1371
23/05/2007	1363	1368	1342	1344	72139700	1344
24/05/2007	1336	1340	1323	1333	62160600	1333
25/05/2007	1326	1351	1324	1334	25829200	1334
29/05/2007	1330	1330	1299	1306	28398500	1306
30/05/2007	1275	1332	1269	1328	35253100	1328
31/05/2007	1325	1332	1306	1310	42101400	1310
04/06/2007	1292	1295	1266	1291	35080900	1291
05/06/2007	1297	1308	1275	1281	38004300	1281
06/06/2007	1288	1313	1270	1272	77966800	1272
07/06/2007	1288	1315	1280	1299	58277200	1299
08/06/2007	1298	1310	1293	1296	32494000	1296
11/06/2007	1300	1320	1300	1320	20570200	1320
12/06/2007	1322	1324	1310	1315	21482700	1315
13/06/2007	1314	1318	1301	1309	25440600	1309
14/06/2007	1320	1321	1301	1314	27522300	1314
15/06/2007	1318	1328	1305	1326	42207500	1326
18/06/2007	1333	1333	1317	1320	17598800	1320
19/06/2007	1322	1324	1310	1310	19115100	1310
20/06/2007	1315	1320	1305	1315	25997900	1315
21/06/2007	1310	1317	1295	1302	29486300	1302
22/06/2007	1303	1305	1291	1298	22634300	1298
25/06/2007	1288	1300	1288	1298	22373800	1298
26/06/2007	1298	1307	1288	1299	27526300	1299
27/06/2007	1293	1324	1293	1314	27798500	1314
28/06/2007	1321	1322	1301	1306	22202100	1306
29/06/2007	1303	1305	1287	1305	32167700	1305
02/07/2007	1300	1306	1289	1291	13239500	1291
03/07/2007	1300	1306	1295	1303	27940800	1303
04/07/2007	1302	1317	1299	1307	11887700	1307
05/07/2007	1303	1310	1290	1290	34006100	1290
06/07/2007	1287	1301	1275	1289	26492500	1289
09/07/2007	1288	1294	1271	1278	24552400	1278
10/07/2007	1278	1285	1269	1274	22551700	1274
11/07/2007	1266	1280	1262	1265	22133700	1265
12/07/2007	1265	1289	1261	1287	27539700	1287
13/07/2007	1299	1299	1285	1289	23733100	1289
16/07/2007	1298	1318	1297	1310	20729400	1310
17/07/2007	1313	1315	1297	1300	15530800	1300
18/07/2007	1288	1299	1265	1269	21847100	1269
19/07/2007	1275	1295	1268	1287	29826300	1287
20/07/2007	1291	1302	1278	1278	22522600	1278
23/07/2007	1274	1280	1264	1272	17509100	1272
24/07/2007	1266	1270	1244	1246	31167000	1246
25/07/2007	1246	1303	1238	1275	59339100	1275
26/07/2007	1275	1292	1247	1247	41989400	1247
27/07/2007	1235	1256	1223	1225	47896300	1225
30/07/2007	1222	1228	1205	1215	27924100	1215
31/07/2007	1270	1283	1247	1255	62342700	1255
01/08/2007	1234	1287	1234	1255	47700400	1255
02/08/2007	1268	1283	1257	1279	32658300	1279
03/08/2007	1279	1291	1261	1266	22567900	1266
06/08/2007	1261	1290	1257	1279	26481900	1279
07/08/2007	1287	1306	1275	1304	44357400	1304
08/08/2007	1304	1327	1269	1300	47296400	1300
09/08/2007	1296	1318	1281	1301	49190000	1301
10/08/2007	1293	1322	1275	1276	45385800	1276
13/08/2007	1284	1287	1260	1284	28863200	1284
15/08/2007	1254	1254	1241	1249	26809700	1249
16/08/2007	1242	1244	1225	1230	35709000	1230
17/08/2007	1242	1284	1230	1271	42630900	1271
20/08/2007	1264	1297	1264	1271	19132300	1271
21/08/2007	1271	1287	1271	1283	19354800	1283
22/08/2007	1290	1298	1274	1287	13204300	1287
23/08/2007	1290	1306	1288	1290	24401000	1290
24/08/2007	1289	1301	1282	1294	13745700	1294
28/08/2007	1289	1295	1274	1280	14627200	1280
29/08/2007	1276	1281	1265	1273	16171000	1273
30/08/2007	1277	1285	1264	1279	12377000	1279
31/08/2007	1287	1298	1268	1295	18413400	1295
03/09/2007	1300	1309	1290	1297	11242200	1297
04/09/2007	1300	1321	1293	1315	14621200	1315
05/09/2007	1311	1322	1302	1308	15309900	1308
06/09/2007	1321	1324	1304	1319	22390200	1319
07/09/2007	1320	1337	1310	1315	26870700	1315
10/09/2007	1310	1320	1301	1305	15345300	1305
11/09/2007	1314	1332	1303	1328	14650200	1328
12/09/2007	1315	1334	1312	1329	14308700	1329
13/09/2007	1328	1341	1318	1340	12623300	1340
14/09/2007	1329	1339	1316	1324	14794700	1324
17/09/2007	1321	1330	1308	1321	15364200	1321
18/09/2007	1323	1325	1306	1318	19940500	1318
19/09/2007	1333	1351	1317	1338	30889200	1338
20/09/2007	1337	1345	1329	1336	17883400	1336
21/09/2007	1341	1350	1335	1341	29635000	1341
24/09/2007	1337	1345	1325	1327	33156500	1327
25/09/2007	1320	1337	1316	1324	52379700	1324
26/09/2007	1331	1337	1311	1318	18292600	1318
27/09/2007	1327	1327	1303	1312	28889000	1312
28/09/2007	1310	1312	1288	1297	24692200	1297
01/10/2007	1292	1318	1291	1313	22471100	1313
02/10/2007	1314	1327	1309	1317	18301500	1317
03/10/2007	1319	1333	1318	1327	16136200	1327
04/10/2007	1323	1334	1318	1333	20371100	1333
05/10/2007	1335	1337	1322	1330	18038800	1330
08/10/2007	1326	1331	1316	1317	30267300	1317
09/10/2007	1316	1330	1310	1315	25582300	1315
10/10/2007	1315	1318	1305	1311	35885900	1311
11/10/2007	1313	1317	1281	1290	63725600	1290
12/10/2007	1288	1293	1275	1280	32512700	1280
15/10/2007	1278	1292	1275	1277	22342400	1277
16/10/2007	1275	1283	1264	1273	21992800	1273
17/10/2007	1270	1282	1262	1266	23335400	1266
18/10/2007	1269	1276	1248	1253	35307200	1253
19/10/2007	1245	1261	1241	1243	64511800	1243
22/10/2007	1227	1250	1226	1239	18706500	1239
23/10/2007	1256	1280	1247	1260	47700500	1260
24/10/2007	1260	1282	1230	1249	43026900	1249
25/10/2007	1250	1250	1223	1240	71216200	1240
26/10/2007	1232	1239	1212	1232	21953800	1232
29/10/2007	1241	1248	1221	1248	24584900	1248
30/10/2007	1238	1243	1222	1236	20154700	1236
31/10/2007	1231	1238	1221	1238	29313600	1238
01/11/2007	1224	1254	1223	1228	19022900	1228
02/11/2007	1225	1242	1208	1214	18760000	1214
05/11/2007	1211	1234	1208	1216	10719600	1216
06/11/2007	1221	1226	1207	1219	13865600	1219
07/11/2007	1220	1223	1200	1201	12006800	1201
08/11/2007	1200	1208	1190	1193	21751300	1193
09/11/2007	1196	1198	1174	1191	20188400	1191
12/11/2007	1190	1202	1171	1195	16604400	1195
13/11/2007	1185	1236	1175	1216	22172900	1216
14/11/2007	1219	1229	1197	1211	19168700	1211
15/11/2007	1217	1222	1205	1205	12782500	1205
16/11/2007	1198	1205	1188	1188	15781300	1188
19/11/2007	1190	1190	1168	1169	17271300	1169
20/11/2007	1170	1178	1146	1169	21784400	1169
21/11/2007	1157	1174	1155	1160	19557900	1160
22/11/2007	1162	1244	1161	1221	30156000	1221
23/11/2007	1225	1262	1219	1238	25651200	1238
26/11/2007	1241	1250	1214	1227	16668300	1227
27/11/2007	1219	1235	1210	1218	14299800	1218
28/11/2007	1222	1299	1212	1240	20479900	1240
29/11/2007	1249	1274	1240	1265	12940500	1265
30/11/2007	1271	1298	1257	1288	25239100	1288
03/12/2007	1287	1301	1278	1294	17474300	1294
04/12/2007	1291	1299	1281	1288	13193600	1288
05/12/2007	1283	1309	1281	1304	18579600	1304
06/12/2007	1302	1311	1291	1301	12414000	1301
07/12/2007	1301	1317	1296	1311	10796400	1311
10/12/2007	1315	1318	1294	1304	10943100	1304
11/12/2007	1303	1310	1287	1306	10235300	1306
12/12/2007	1295	1318	1291	1314	14019900	1314
13/12/2007	1311	1330	1300	1317	20573900	1317
14/12/2007	1309	1329	1308	1323	12796700	1323
17/12/2007	1300	1314	1291	1294	15801900	1294
18/12/2007	1287	1299	1269	1272	17608500	1272
19/12/2007	1268	1287	1262	1275	10319200	1275
20/12/2007	1284	1299	1274	1282	18111900	1282
21/12/2007	1288	1300	1282	1282	23273700	1282
24/12/2007	1282	1295	1280	1291	1361400	1291
27/12/2007	1276	1298	1276	1293	6227300	1293
28/12/2007	1289	1292	1268	1281	7781400	1281
31/12/2007	1279	1285	1269	1279	2375100	1279
02/01/2008	1267	1293	1267	1270	8320600	1270
03/01/2008	1260	1290	1260	1285	11685300	1285
04/01/2008	1289	1312	1271	1276	16586700	1276
07/01/2008	1275	1328	1272	1321	21898100	1321
08/01/2008	1330	1380	1330	1361	31571500	1361
09/01/2008	1368	1396	1352	1385	20946300	1385
10/01/2008	1382	1403	1372	1383	17331800	1383
11/01/2008	1378	1389	1356	1361	17628700	1361
14/01/2008	1361	1367	1342	1354	12260100	1354
15/01/2008	1340	1350	1322	1322	21724200	1322
16/01/2008	1325	1349	1309	1319	23527000	1319
17/01/2008	1311	1329	1292	1298	18081400	1298
18/01/2008	1288	1326	1285	1290	20280700	1290
21/01/2008	1274	1292	1223	1231	25687900	1231
22/01/2008	1201	1243	1160	1235	35096700	1235
23/01/2008	1254	1257	1193	1208	34563900	1208
24/01/2008	1220	1223	1185	1215	32640200	1215
25/01/2008	1229	1232	1186	1189	22832500	1189
28/01/2008	1185	1205	1171	1189	16917500	1189
29/01/2008	1200	1202	1189	1200	14169600	1200
30/01/2008	1189	1192	1170	1174	14953100	1174
31/01/2008	1166	1188	1153	1182	22781100	1182
01/02/2008	1197	1199	1172	1184	19747400	1184
04/02/2008	1197	1197	1171	1178	12142800	1178
05/02/2008	1182	1190	1153	1161	19646000	1161
06/02/2008	1162	1177	1150	1167	21191700	1167
07/02/2008	1166	1190	1056	1078	56852700	1078
08/02/2008	1087	1088	1030	1070	37077800	1070
11/02/2008	1079	1103	1065	1084	27548700	1084
12/02/2008	1095	1120	1082	1120	26191600	1120
13/02/2008	1106	1122	1099	1104	19481100	1104
14/02/2008	1104	1116	1095	1101	12464500	1101
15/02/2008	1115	1128	1101	1112	25253200	1112
18/02/2008	1118	1135	1107	1131	17242300	1131
19/02/2008	1129	1157	1120	1147	20499900	1147
20/02/2008	1143	1152	1116	1123	19890400	1123
21/02/2008	1133	1138	1118	1135	14435600	1135
22/02/2008	1133	1133	1102	1110	32378000	1110
25/02/2008	1115	1135	1111	1134	29347000	1134
26/02/2008	1134	1150	1130	1147	26702600	1147
27/02/2008	1150	1156	1129	1146	27201400	1146
28/02/2008	1148	1152	1124	1128	29277000	1128
29/02/2008	1116	1124	1096	1102	22982800	1102
03/03/2008	1087	1121	1087	1106	31357600	1106
04/03/2008	1104	1115	1082	1093	12921500	1093
05/03/2008	1096	1104	1060	1065	24784300	1065
06/03/2008	1066	1067	1041	1045	19734100	1045
07/03/2008	1037	1053	1031	1047	16608300	1047
10/03/2008	1049	1057	1026	1028	15285800	1028
11/03/2008	1030	1051	1024	1027	16266900	1027
12/03/2008	1038	1051	1032	1041	13191700	1041
13/03/2008	1031	1036	1008	1016	16005100	1016
14/03/2008	1015	1027	993	1001	20575500	1001
18/03/2008	1027	1054	1018	1054	21324800	1054
19/03/2008	1057	1067	1040	1050	21132500	1050
20/03/2008	1043	1083	1042	1069	30867000	1069
25/03/2008	1075	1092	1060	1074	18917600	1074
26/03/2008	1074	1074	1039	1046	15776500	1046
27/03/2008	1042	1067	1039	1064	10968200	1064
28/03/2008	1065	1075	1054	1070	10245100	1070
31/03/2008	1064	1081	1054	1066	12313200	1066
01/04/2008	1073	1119	1059	1115	17998700	1115
02/04/2008	1127	1136	1115	1136	15382400	1136
03/04/2008	1125	1136	1114	1121	11544600	1121
04/04/2008	1132	1144	1125	1135	12127100	1135
07/04/2008	1150	1150	1119	1140	10044800	1140
08/04/2008	1145	1147	1097	1105	21210400	1105
09/04/2008	1105	1110	1088	1094	11854000	1094
10/04/2008	1101	1117	1093	1112	19328700	1112
11/04/2008	1117	1119	1078	1080	21161100	1080
14/04/2008	1075	1085	1065	1067	10861100	1067
15/04/2008	1079	1089	1066	1071	14745300	1071
16/04/2008	1087	1088	1064	1076	13838200	1076
17/04/2008	1076	1087	1061	1066	11658100	1066
18/04/2008	1063	1089	1061	1086	15946900	1086
21/04/2008	1084	1108	1084	1098	12654300	1098
22/04/2008	1095	1106	1075	1102	14271200	1102
23/04/2008	1088	1128	1088	1120	18608800	1120
24/04/2008	1129	1129	1092	1119	14287800	1119
25/04/2008	1132	1144	1125	1134	13185200	1134
28/04/2008	1135	1142	1122	1130	6540000	1130
29/04/2008	1118	1139	1118	1120	9418100	1120
30/04/2008	1105	1131	1104	1121	13306100	1121
01/05/2008	1117	1136	1115	1130	6958600	1130
02/05/2008	1128	1157	1128	1152	14925900	1152
06/05/2008	1141	1148	1124	1129	9849200	1129
07/05/2008	1127	1135	1124	1131	8145200	1131
08/05/2008	1127	1145	1119	1134	10891300	1134
09/05/2008	1133	1147	1124	1132	12489300	1132
12/05/2008	1133	1140	1118	1122	6447800	1122
13/05/2008	1126	1136	1116	1126	12950700	1126
14/05/2008	1132	1132	1110	1118	12137000	1118
15/05/2008	1116	1134	1116	1123	8032600	1123
16/05/2008	1125	1140	1125	1139	13193900	1139
19/05/2008	1146	1163.5	1134.5	1153	10909600	1153
20/05/2008	1156.5	1183	1150	1150	21168600	1150
21/05/2008	1152	1158	1131.5	1134	17417200	1134
22/05/2008	1132.5	1143.5	1125.5	1129.5	9845900	1129.5
23/05/2008	1140	1143	1120	1121	8850900	1121
27/05/2008	1099.5	1118	1090	1104	13126900	1104
28/05/2008	1110	1132	1104	1117	16223300	1117
29/05/2008	1116	1120	1103	1107.5	15286300	1107.5
30/05/2008	1114	1127	1108.5	1113.5	22554700	1113.5
02/06/2008	1119	1129	1107	1114	9121000	1114
03/06/2008	1109	1122	1101	1120	8366300	1120
04/06/2008	1104.5	1113	1093.5	1102	13851100	1102
05/06/2008	1105.5	1118	1096.5	1103	9140200	1103
06/06/2008	1102.5	1114	1073	1075	12053200	1075
10/06/2008	1069.5	1075.5	1050	1064	10914500	1064
11/06/2008	1063	1071	1048	1053	14487800	1053
12/06/2008	1051	1079	1049	1074	14200300	1074
13/06/2008	1070.5	1081	1051	1075	12954100	1075
16/06/2008	1075	1092	1070	1087	14592000	1087
17/06/2008	1085	1102.5	1078	1080	15245100	1080
18/06/2008	1071	1109.5	1068.5	1102	19651100	1102
19/06/2008	1098	1124	1095.5	1111	22212700	1111
20/06/2008	1109	1115.5	1099	1099	27861100	1099
23/06/2008	1094.5	1131	1094	1121.5	17710300	1121.5
24/06/2008	1120.5	1141	1113.5	1123	26440100	1123
25/06/2008	1126	1138.5	1117	1135	13643500	1135
26/06/2008	1125	1147	1118	1129.5	16670800	1129.5
27/06/2008	1120	1132	1105	1112	16688800	1112
30/06/2008	1110	1127	1104.5	1113	17587000	1113
01/07/2008	1113	1115	1083.5	1103	16928700	1103
02/07/2008	1099.5	1169.5	1099.5	1146	24448100	1146
03/07/2008	1137	1188.5	1137	1181	21688900	1181
04/07/2008	1188.5	1188.5	1156.5	1173.5	11368600	1173.5
07/07/2008	1183.5	1186	1152.5	1180.5	11448000	1180.5
08/07/2008	1158.5	1220.5	1155	1216	25675700	1216
09/07/2008	1215.5	1252	1209	1248.5	22186300	1248.5
10/07/2008	1229.5	1256.5	1221	1226.5	23881800	1226.5
11/07/2008	1226.5	1227	1191.5	1191.5	18814300	1191.5
14/07/2008	1200	1209	1180	1181.5	15357400	1181.5
15/07/2008	1175.5	1196	1175.5	1187	20574600	1187
16/07/2008	1188	1199	1162	1167.5	31427700	1167.5
17/07/2008	1163	1182.5	1160	1174	19381300	1174
18/07/2008	1170.5	1215	1168.5	1200	24556300	1200
21/07/2008	1203	1228	1199.5	1226.5	19260200	1226.5
22/07/2008	1208	1230.5	1194	1224	22130500	1224
23/07/2008	1225.5	1238.5	1166	1220.5	53415600	1220.5
24/07/2008	1229	1229	1175.5	1194.5	26805000	1194.5
25/07/2008	1192	1216	1184	1189	16540100	1189
28/07/2008	1182	1187	1149	1150.5	13197300	1150.5
29/07/2008	1148.5	1189	1145	1188	11221400	1188
30/07/2008	1190	1203	1163.5	1167	11005900	1167
31/07/2008	1170	1187.5	1155.5	1176	17341200	1176
01/08/2008	1165	1196.5	1162	1172	10184500	1172
04/08/2008	1165	1210	1164	1204.5	12109200	1204.5
05/08/2008	1217	1248.5	1213.5	1248.5	15898800	1248.5
06/08/2008	1236	1265	1230	1261.5	16516800	1261.5
07/08/2008	1263.5	1263.5	1236.5	1248	14148700	1248
08/08/2008	1250	1268	1231.5	1260	11614900	1260
11/08/2008	1265.5	1275	1247.5	1270	9368500	1270
12/08/2008	1260.5	1272.5	1253	1268	37610600	1268
13/08/2008	1264.5	1291.5	1258.5	1281	17316300	1281
14/08/2008	1284.5	1286	1260	1274	10237400	1274
15/08/2008	1285.5	1289.5	1263	1271	12043600	1271
18/08/2008	1262	1271.5	1254.5	1263	8331200	1263
19/08/2008	1258	1264	1243	1247	10212800	1247
20/08/2008	1252	1254	1230.5	1245	6364000	1245
21/08/2008	1230.5	1239	1219.5	1226	7236100	1226
22/08/2008	1234	1251.5	1220.5	1247	12163700	1247
26/08/2008	1240	1277	1239.5	1268	12240000	1268
27/08/2008	1256	1270.5	1246.5	1266	8413700	1266
28/08/2008	1260	1295	1255	1288	8911700	1288
29/08/2008	1285	1298.5	1282	1296.5	14151300	1296.5
01/09/2008	1291.5	1321	1284	1310	7244300	1310
02/09/2008	1307.5	1339	1307	1327	13446400	1327
03/09/2008	1325	1325	1288	1295	12896600	1295
04/09/2008	1305.5	1305.5	1271.5	1278	8180900	1278
05/09/2008	1279.5	1294	1264.5	1270	16417400	1270
08/09/2008	1268	1272	1228.5	1249.5	11981700	1249.5
09/09/2008	1247	1277	1241.5	1255	21979100	1255
10/09/2008	1261	1281.5	1257	1280	16315800	1280
11/09/2008	1265	1268.5	1240	1254	15352400	1254
12/09/2008	1260	1260	1215.5	1236	19275700	1236
15/09/2008	1217	1239.5	1204	1230	18980300	1230
16/09/2008	1214	1244.5	1202	1206	16803500	1206
17/09/2008	1188	1223.5	1179.5	1204.5	17650200	1204.5
18/09/2008	1210	1211	1172	1185	27064300	1185
19/09/2008	1155	1235	1150	1212.5	22966200	1212.5
22/09/2008	1212.5	1226.5	1198.5	1200	13422200	1200
23/09/2008	1200	1216	1199	1200	16069400	1200
24/09/2008	1207.5	1209.5	1187	1188.5	12956400	1188.5
25/09/2008	1201	1222	1191	1219.5	12494500	1219.5
26/09/2008	1205	1229	1196	1220	13154200	1220
29/09/2008	1214.5	1223.5	1189	1189	15897100	1189
30/09/2008	1170	1237	1170	1211	29681000	1211
01/10/2008	1226	1233	1190	1212	18498400	1212
02/10/2008	1214.5	1263	1213.5	1225	17719500	1225
03/10/2008	1226	1239	1210.5	1229	13889100	1229
06/10/2008	1190	1223	1174	1187	11669200	1187
07/10/2008	1192	1231	1192	1209	10067600	1209
08/10/2008	1180	1211.5	1121	1152	20309400	1152
09/10/2008	1152	1157.5	1058	1083	19170400	1083
10/10/2008	1005	1050	986	995	30220000	995
13/10/2008	1040	1095	1022	1085.5	28348400	1085.5
14/10/2008	1123	1159	1087.5	1118	18809200	1118
15/10/2008	1109.5	1125	1064	1076	22932700	1076
16/10/2008	1054.5	1093	1031	1053	17599000	1053
17/10/2008	1110	1151	1086.5	1144	27860000	1144
20/10/2008	1163.5	1163.5	1098	1147.5	22326100	1147.5
21/10/2008	1155.5	1174.5	1121.5	1128	17099400	1128
22/10/2008	1105	1169	1083.5	1143	23942200	1143
23/10/2008	1177	1178	1131.5	1161.5	17044300	1161.5
24/10/2008	1106	1151	1096.5	1127.5	23200600	1127.5
27/10/2008	1077	1200.5	1077	1184	25343600	1184
28/10/2008	1207.5	1215	1149.5	1165	21340800	1165
29/10/2008	1199	1218	1147	1166	23254300	1166
30/10/2008	1189.5	1195	1110	1147	22784800	1147
31/10/2008	1150	1208	1143	1197	21165500	1197
03/11/2008	1220	1249.5	1200	1249.5	15897800	1249.5
04/11/2008	1240	1268	1229.5	1246	16891600	1246
05/11/2008	1253	1259	1166.5	1191	21861300	1191
06/11/2008	1166	1216	1155	1172.5	17566100	1172.5
07/11/2008	1184	1218.5	1165	1213	14007700	1213
10/11/2008	1248	1258	1201.5	1207.5	11830300	1207.5
11/11/2008	1187	1235	1182	1220	15634600	1220
12/11/2008	1226.5	1247.5	1219.5	1225	16696300	1225
13/11/2008	1210	1232	1197	1208	17155000	1208
14/11/2008	1242	1262	1230	1235	15634600	1235
17/11/2008	1229.5	1238.5	1179.5	1195.5	15037500	1195.5
18/11/2008	1198.5	1245	1190	1243	16384900	1243
19/11/2008	1240	1243	1186.5	1190	14964900	1190
20/11/2008	1155	1174	1133.5	1152	18656500	1152
21/11/2008	1150	1150.5	1051	1072	28040000	1072
24/11/2008	1095	1159.5	1067	1149	25966000	1149
25/11/2008	1147.5	1160	1110	1120	26337500	1120
26/11/2008	1105	1125.5	1071	1078.5	20741100	1078.5
27/11/2008	1094	1100	1052.5	1066	13973300	1066
28/11/2008	1066.5	1122	1066.5	1120	13051400	1120
01/12/2008	1116	1145.5	1099.5	1101.5	14135700	1101.5
02/12/2008	1087	1123	1081	1120.5	13406000	1120.5
03/12/2008	1109	1178.5	1103.5	1170	13530700	1170
04/12/2008	1156	1226	1148	1171.5	17879200	1171.5
05/12/2008	1168	1228	1166	1194	21632100	1194
08/12/2008	1234	1255.5	1215	1228	18999100	1228
09/12/2008	1214.5	1240	1212	1228	11224300	1228
10/12/2008	1225.5	1226	1190	1199.5	12065500	1199.5
11/12/2008	1176.5	1202.5	1168.5	1197.5	14717600	1197.5
12/12/2008	1158	1210	1157	1199.5	11907400	1199.5
15/12/2008	1203	1214.5	1182	1184	12871500	1184
16/12/2008	1183.5	1230	1183.5	1204.5	14425400	1204.5
17/12/2008	1213	1221.5	1181	1200	19008600	1200
18/12/2008	1197.5	1229	1197.5	1229	14055300	1229
19/12/2008	1228	1261.5	1215	1243.5	26623100	1243.5
22/12/2008	1230	1248	1226	1227	9335900	1227
23/12/2008	1218.5	1250	1210	1226	8428900	1226
24/12/2008	1205	1238	1204.5	1222.5	3498800	1222.5
29/12/2008	1233.5	1245	1218	1230	5332500	1230
30/12/2008	1246	1265.5	1232.5	1259	5048000	1259
31/12/2008	1272.5	1291	1263	1284.5	2941800	1284.5
02/01/2009	1260	1272.5	1251	1266.5	4600400	1266.5
05/01/2009	1282	1282	1232	1243	6344900	1243
06/01/2009	1248	1286	1246	1270	14618800	1270
07/01/2009	1270	1287	1261	1282	12434200	1282
08/01/2009	1275	1293.5	1271	1285	14835800	1285
09/01/2009	1288	1319	1280	1289	11046700	1289
12/01/2009	1281.5	1306	1276	1305	9174200	1305
13/01/2009	1290.5	1305	1281	1294	11215500	1294
14/01/2009	1284	1296	1231.5	1249	18843800	1249
15/01/2009	1252.5	1262	1227.5	1235	14317600	1235
16/01/2009	1247.5	1253	1233	1234.5	10336600	1234.5
19/01/2009	1246.5	1285.5	1240.5	1277.5	9380600	1277.5
20/01/2009	1274	1309.5	1266	1294	16579400	1294
21/01/2009	1292	1302	1227	1237.5	20370300	1237.5
22/01/2009	1244	1256.5	1225.5	1241	13010000	1241
23/01/2009	1232	1264.5	1218	1226	15735900	1226
26/01/2009	1226	1279	1222	1268	14427400	1268
27/01/2009	1264.5	1270	1247.5	1265	13069800	1265
28/01/2009	1273	1282	1253	1255.5	11298700	1255.5
29/01/2009	1250.5	1262	1204.5	1215	16788800	1215
30/01/2009	1220	1239	1208.5	1219.5	12338900	1219.5
02/02/2009	1226	1235	1207.5	1230	9701400	1230
03/02/2009	1228.5	1250	1216.5	1246.5	10025900	1246.5
04/02/2009	1250	1278.5	1236.5	1268	17338300	1268
05/02/2009	1262	1289	1214.5	1277	25432000	1277
06/02/2009	1281.5	1282.5	1237	1258	12572900	1258
09/02/2009	1262	1262	1228	1233.5	9593900	1233.5
10/02/2009	1233	1272.5	1228	1250.5	12001800	1250.5
11/02/2009	1230	1248	1213.5	1234	10190700	1234
12/02/2009	1232	1232	1210	1228	10945100	1228
13/02/2009	1228.5	1254.5	1208.5	1213.5	14219100	1213.5
16/02/2009	1213	1222.5	1205	1208	6712100	1208
17/02/2009	1209	1213.5	1172	1177	11129700	1177
18/02/2009	1171	1201	1170.5	1188.5	10532500	1188.5
19/02/2009	1192	1202	1167.5	1170.5	9824400	1170.5
20/02/2009	1176	1176	1137.5	1137.5	17944400	1137.5
23/02/2009	1134.5	1149.5	1114.5	1118	14062800	1118
24/02/2009	1106	1136.5	1104	1106	15820900	1106
25/02/2009	1110.5	1111	1086.5	1094	14837100	1094
26/02/2009	1094.5	1097.5	1060	1080	20000800	1080
27/02/2009	1060	1070	1018	1069	24296200	1069
02/03/2009	1040	1055	1031	1031	19526600	1031
03/03/2009	1031.5	1055.5	1006	1012	16704400	1012
04/03/2009	1027	1031.5	999	1025	15701700	1025
05/03/2009	1024	1041.5	1014	1016.5	15593100	1016.5
06/03/2009	1006	1037	1006	1022.5	17212500	1022.5
09/03/2009	1020.5	1038	995	1006.5	20434200	1006.5
10/03/2009	996.5	1020.5	984.5	1017.5	24879100	1017.5
11/03/2009	1016.5	1027.5	1004	1013	17392000	1013
12/03/2009	1009	1047.5	1007	1041.5	16075000	1041.5
13/03/2009	1054	1063	1026	1033.5	13023900	1033.5
16/03/2009	1054.5	1073.5	1044	1060.5	12959400	1060.5
17/03/2009	1054.5	1069	1026	1036	17244400	1036
18/03/2009	1034.5	1040	1020.5	1035	17741600	1035
19/03/2009	1029.5	1037	989	1003	25072000	1003
20/03/2009	995	1029.5	994	1014.5	38767000	1014.5
23/03/2009	1039.5	1039.5	997	1016.5	12670700	1016.5
24/03/2009	1020	1037.5	999.5	1004	15325500	1004
25/03/2009	1001	1037.5	1001	1032	13359300	1032
26/03/2009	1032.5	1058	1029.5	1055	15184700	1055
27/03/2009	1055	1063.5	1032.5	1038	11031500	1038
30/03/2009	1032.5	1053	1018	1039.5	12071400	1039.5
31/03/2009	1055.5	1090	1046	1087.5	18642700	1087.5
01/04/2009	1088	1089	1057.5	1072.5	10359800	1072.5
02/04/2009	1089	1094	1051	1077	12724300	1077
03/04/2009	1088	1089.5	1041.5	1051.5	13453000	1051.5
06/04/2009	1056.5	1056.5	1022	1035	12149200	1035
07/04/2009	1036	1054.5	1027	1027	11127200	1027
08/04/2009	1025	1047	1016.5	1020	13666100	1020
09/04/2009	1022.5	1025.5	1002.5	1014	14941500	1014
14/04/2009	1016	1016	995.5	1008	15649200	1008
15/04/2009	1007.5	1034	1002.5	1024	13384800	1024
16/04/2009	1029	1036.5	1006.5	1035	19921400	1035
17/04/2009	1028	1043	1019.5	1038	16651200	1038
20/04/2009	1034.5	1051.5	1024	1033.5	2279100	1033.5
21/04/2009	1048	1051	1015	1051	3070100	1051
22/04/2009	1053	1053	1007	1019.5	4209800	1019.5
23/04/2009	1015.5	1018	982	987	5142900	987
24/04/2009	993.5	1010	984.5	1006	5846700	1006
27/04/2009	1025	1070	1021	1063	4567100	1063
28/04/2009	1075	1087.5	1045	1048	3125600	1048
29/04/2009	1042.5	1050.5	1023	1039	3029400	1039
30/04/2009	1045.5	1063	1032	1049	3654600	1049
01/05/2009	1043.5	1049.5	1027	1031	1030300	1031
05/05/2009	1036	1036	1009.5	1018	4866800	1018
06/05/2009	1018.5	1041	1012.5	1028.5	2303600	1028.5
07/05/2009	1030.5	1040	1018.5	1022.5	2377000	1022.5
08/05/2009	1033.5	1037.5	1021.5	1026	2514500	1026
11/05/2009	1018	1035.5	1010.5	1023	2847800	1023
12/05/2009	1026	1056	1019.5	1054	3809600	1054
13/05/2009	1054	1082	1049	1056	3206900	1056
14/05/2009	1050	1070.5	1050	1065	2705400	1065
15/05/2009	1060	1063.5	1050	1051	2418000	1051
18/05/2009	1053.5	1068	1046.5	1057	4622400	1057
19/05/2009	1060	1066.5	1045.5	1059	2685400	1059
20/05/2009	1052.5	1088	1048.5	1058.5	2277500	1058.5
21/05/2009	1053	1070	1046	1063.5	2820200	1063.5
22/05/2009	1050	1060.5	1044	1051.5	3013500	1051.5
26/05/2009	1055	1067	1047	1064.5	1380800	1064.5
27/05/2009	1062.5	1066	1049	1062	2633900	1062
28/05/2009	1048.5	1065	1046	1051	2341900	1051
29/05/2009	1055.5	1058.5	1040	1042	3716700	1042
01/06/2009	1055	1058	1035	1040.5	2171500	1040.5
02/06/2009	1039	1042.5	1018.5	1029	3826500	1029
03/06/2009	1032.5	1035	1015.5	1023	3210500	1023
04/06/2009	1026	1043.5	1024	1032	2192700	1032
05/06/2009	1033	1053.5	1031.5	1032	2649200	1032
08/06/2009	1045.5	1045.5	1023.5	1034	2044100	1034
09/06/2009	1040.5	1049	1032.5	1035	2290300	1035
10/06/2009	1042	1048	1027.5	1032	1679000	1032
11/06/2009	1040	1065.5	1038.5	1058.5	3235600	1058.5
12/06/2009	1060	1118	1053	1115.5	4219900	1115.5
15/06/2009	1109	1113	1086.5	1096.45	2860100	1096.45
16/06/2009	1096	1120	1096	1105	3857000	1105
17/06/2009	1103	1121	1100	1112.44	3222900	1112.44
18/06/2009	1116	1130	1105.5	1115	3886400	1115
19/06/2009	1116.5	1131	1113.5	1116.5	20967100	1116.5
22/06/2009	1110.5	1117.5	1095	1093.91	3267100	1093.91
23/06/2009	1097.5	1119.5	1095.5	1112.5	1818300	1112.5
24/06/2009	1106.5	1114	1092.5	1107	3530800	1107
25/06/2009	1102.5	1107.5	1077	1078.51	3229000	1078.51
26/06/2009	1080	1092.5	1071.5	1079.43	3609000	1079.43
29/06/2009	1078.5	1084.5	1059	1066.97	2860500	1066.97
30/06/2009	1064.5	1087.5	1064	1068.5	7636300	1068.5
01/07/2009	1072.5	1096.5	1072.5	1092.03	7645400	1092.03
02/07/2009	1087	1092.5	1059.5	1065.79	2913800	1065.79
03/07/2009	1067	1070.5	1059	1065.49	1590300	1065.49
06/07/2009	1060	1080.5	1058	1076.48	2923000	1076.48
07/07/2009	1080.5	1082.5	1066.5	1069.5	4864800	1069.5
08/07/2009	1067	1095	1064.5	1083.6	3814000	1083.6
09/07/2009	1089.5	1106.5	1075	1103.34	3963300	1103.34
10/07/2009	1090.5	1095	1076.5	1091.1	2677200	1091.1
13/07/2009	1078	1112.5	1077	1110.09	2116800	1110.09
14/07/2009	1113.5	1118	1102.5	1113	3245500	1113
15/07/2009	1114	1120.5	1107	1113.68	2893800	1113.68
16/07/2009	1106	1124	1103.5	1120.5	2378900	1120.5
17/07/2009	1122.5	1123.5	1108	1112.45	3808000	1112.45
20/07/2009	1116	1156.5	1115	1140.43	3332400	1140.43
21/07/2009	1140	1163.5	1140	1160	4311200	1160
22/07/2009	1161.5	1170	1142.5	1153.5	3145900	1153.5
23/07/2009	1151.5	1174	1143	1165	2376500	1165
24/07/2009	1164.5	1172	1157	1158.42	2280600	1158.42
27/07/2009	1162.5	1174	1158.5	1163	1799700	1163
28/07/2009	1168.5	1182	1167	1000	1731000	1000
29/07/2009	1150	1177	1150	1175.03	1774700	1175.03
30/07/2009	1180	1182	1167.5	1175	2254700	1175
31/07/2009	1168.5	1168.5	1145	1149	4350900	1149
03/08/2009	1152.5	1160	1143	1149	2580200	1149
04/08/2009	1147	1150	1130	1147.5	2148900	1147.5
05/08/2009	1148.5	1159	1143	1145	3049100	1145
06/08/2009	1150	1150	1124.5	1138.93	1847100	1138.93
07/08/2009	1135	1167.5	1135	1166.5	3208800	1166.5
10/08/2009	1170	1181.5	1158.5	1179.41	5303600	1179.41
11/08/2009	1182.5	1185	1169	1175	3992500	1175
12/08/2009	1170	1191.5	1169.5	1189.43	1822100	1189.43
13/08/2009	1187	1187.5	1166	1169	1989100	1169
14/08/2009	1167.5	1173.5	1157.5	1158	2848400	1158
17/08/2009	1162	1170.5	1151	1166.92	2061300	1166.92
18/08/2009	1160	1174	1151.5	1171	3018800	1171
19/08/2009	1170	1187.5	1166	1176.5	2698200	1176.5
20/08/2009	1179	1194	1178	1189.9	3942600	1189.9
21/08/2009	1192.5	1221.5	1185	1218	2488300	1218
24/08/2009	1220.5	1223.5	1192	1202.5	6647900	1202.5
25/08/2009	1203	1214.5	1195.5	1198.5	5962000	1198.5
26/08/2009	1203	1213.5	1196.5	1200.5	5835800	1200.5
27/08/2009	1203.5	1226.5	1201	1212.5	7168800	1212.5
28/08/2009	1218	1218.5	1199.5	1203	8856800	1203
01/09/2009	1213.5	1231	1200.5	1203	8778500	1203
02/09/2009	1204.5	1213	1190	1204	7599600	1204
03/09/2009	1209.5	1209.5	1177	1177	6793000	1177
04/09/2009	1177	1193	1171.5	1188	6986400	1188
07/09/2009	1184	1200	1178	1195	7126600	1195
08/09/2009	1192.5	1198.5	1172	1180	5636000	1180
09/09/2009	1175	1189.5	1164	1189.5	9087300	1189.5
10/09/2009	1194.5	1199	1172.5	1184	6706900	1184
11/09/2009	1187	1190	1177.5	1182	10073000	1182
14/09/2009	1176	1192.5	1174	1188.91	6173700	1188.91
15/09/2009	1187.5	1193	1172	1175.5	8352400	1175.5
16/09/2009	1173.5	1186	1170.5	1176	8596700	1176
17/09/2009	1184	1187.5	1177	1177	8160400	1177
18/09/2009	1175.5	1208	1175.5	1200.5	21650700	1200.5
21/09/2009	1195	1215	1193.5	1202.03	6415700	1202.03
22/09/2009	1208.5	1219	1206	1207	6363600	1207
23/09/2009	1210	1225.5	1203.5	1214	9967300	1214
24/09/2009	1203.5	1224.5	1203	1216.79	10198500	1216.79
25/09/2009	1210.5	1235.5	1206	1210	12306100	1210
28/09/2009	1227	1254	1226	1227	10261900	1227
29/09/2009	1250	1258.5	1238	1243	7766500	1243
30/09/2009	1231.5	1249	1226	1236.64	11038200	1236.64
01/10/2009	1231	1243.5	1221	1231.5	8867300	1231.5
02/10/2009	1214.5	1224.5	1205	1215.34	10850800	1215.34
05/10/2009	1221	1223	1203.5	1219	10522900	1219
06/10/2009	1220.5	1240	1210	1236	9040200	1236
07/10/2009	1232	1242	1222	1236	7438400	1236
08/10/2009	1238.5	1242.5	1226.5	1235	7820100	1235
09/10/2009	1230.5	1244.5	1226.5	1235.34	6893500	1235.34
12/10/2009	1246.5	1266.5	1245	1260.5	7318600	1260.5
13/10/2009	1261.5	1270	1245	1246.5	7047600	1246.5
14/10/2009	1278	1278	1254	1259	10798800	1259
15/10/2009	1260	1278	1259.5	1272.5	11583400	1272.5
16/10/2009	1268.5	1273.5	1255.5	1258	12649300	1258
19/10/2009	1257	1282	1257	1280.5	6038300	1280.5
20/10/2009	1282.5	1285.5	1271	1273.5	6485100	1273.5
21/10/2009	1269.5	1274.5	1252	1261	8877900	1261
22/10/2009	1252	1257	1240.5	1250.5	7996400	1250.5
23/10/2009	1244	1247	1232.5	1236.5	8682500	1236.5
26/10/2009	1240	1249	1226.5	1230	6837400	1230
27/10/2009	1231.5	1269	1219	1256.5	11199200	1256.5
28/10/2009	1251.5	1267	1224	1251	12091800	1251
29/10/2009	1250.5	1259	1230	1254	9846800	1254
30/10/2009	1251	1264.5	1233.5	1250	11678000	1250
02/11/2009	1255	1265	1227.5	1247	8621500	1247
03/11/2009	1231	1234	1210.5	1228.5	10693600	1228.5
04/11/2009	1225	1225.5	1208	1221.5	7953300	1221.5
05/11/2009	1212	1224.5	1204	1220	8743800	1220
06/11/2009	1222	1222.5	1200.5	1219	6315800	1219
09/11/2009	1225.5	1238.5	1212	1234	5515500	1234
10/11/2009	1237.5	1242	1233	1236.5	5287000	1236.5
11/11/2009	1235.5	1251.5	1230	1243.88	7558300	1243.88
12/11/2009	1245	1270.5	1244.5	1259	10453300	1259
13/11/2009	1255	1260.5	1245.5	1251	5785800	1251
16/11/2009	1243	1254	1238	1251	4966900	1251
17/11/2009	1247	1248	1241	1247.5	5490000	1247.5
18/11/2009	1245	1253	1243.5	1247	6947400	1247
19/11/2009	1250	1252	1236.5	1240.5	18008100	1240.5
20/11/2009	1243	1257	1237.5	1253.5	12197200	1253.5
23/11/2009	1262	1286	1259	1277.5	8848100	1277.5
24/11/2009	1266	1282	1260.5	1271.5	10780300	1271.5
25/11/2009	1273.5	1293	1271.5	1289.5	25279400	1289.5
26/11/2009	1283	1289.5	1271	1272	6953600	1272
27/11/2009	1260.5	1286	1249.5	1279	5786700	1279
30/11/2009	1276	1278.5	1257	1257	11392400	1257
01/12/2009	1260.5	1280	1258	1280	6988300	1280
02/12/2009	1275	1288	1271	1282	5278300	1282
03/12/2009	1278	1287	1267	1283	7749000	1283
04/12/2009	1282.5	1313.5	1282	1311.5	10457600	1311.5
07/12/2009	1299	1307	1287.5	1303.5	7139000	1303.5
08/12/2009	1303	1323	1292	1293	10255500	1293
09/12/2009	1285.5	1295.5	1280	1280	9013400	1280
11/12/2009	1299	1314	1298	1303	8505400	1303
14/12/2009	1310	1324	1299	1324	7069000	1324
15/12/2009	1318.5	1325.5	1311.5	1312.5	6923900	1312.5
16/12/2009	1313	1332.5	1312	1319	7307600	1319
17/12/2009	1313	1318	1297	1297	8282400	1297
18/12/2009	1299	1318.5	1295.5	1295.5	22506500	1295.5
21/12/2009	1293	1309.5	1287.5	1301	5657500	1301
22/12/2009	1303	1336.5	1303	1326	6752200	1326
23/12/2009	1328	1337	1315.5	1320	3807700	1320
24/12/2009	1313.5	1337	1313.5	1331	1014600	1331
29/12/2009	1340	1347	1329	1334	2780800	1334
30/12/2009	1330.5	1337.5	1319	1321	1972400	1321
31/12/2009	1326.5	1326.5	1308.5	1319.5	1334200	1319.5
