Date	Open	High	Low	Close	Volume	Adj Close
03/01/2006	991.2291	991.2291	991.2291	991.2291	17514755	0
04/01/2006	974.74194	974.74194	974.74194	974.74194	26021516	0
05/01/2006	966.24854	966.24854	966.24854	966.24854	19959928	0
06/01/2006	960.25323	960.25323	960.25323	960.25323	14509510	0
09/01/2006	974.74194	974.74194	974.74194	974.74194	14832663	0
10/01/2006	959.25397	959.25397	959.25397	959.25397	14648454	0
11/01/2006	974.2423	974.2423	974.2423	974.2423	11667261	0
12/01/2006	981.2369	981.2369	981.2369	981.2369	17874853	0
13/01/2006	977.7396	977.7396	977.7396	977.7396	9248952	0
16/01/2006	974.2423	974.2423	974.2423	974.2423	5801008	0
17/01/2006	959.25397	959.25397	959.25397	959.25397	9185691	0
18/01/2006	952.2594	952.2594	952.2594	952.2594	10173094	0
19/01/2006	959.25397	959.25397	959.25397	959.25397	8971859	0
20/01/2006	956.2563	956.2563	956.2563	956.2563	9125277	0
23/01/2006	950.7606	950.7606	950.7606	950.7606	9399773	0
24/01/2006	949.76135	949.76135	949.76135	949.76135	13699894	0
25/01/2006	974.2423	974.2423	974.2423	974.2423	30044180	0
26/01/2006	980.2377	980.2377	980.2377	980.2377	12449541	0
27/01/2006	993.7272	993.7272	993.7272	993.7272	13970329	0
30/01/2006	977.24	977.24	977.24	977.24	9583078	0
31/01/2006	987.7318	987.7318	987.7318	987.7318	13537975	0
01/02/2006	1007.2167	1007.2167	1007.2167	1007.2167	21245531	0
02/02/2006	987.23224	987.23224	987.23224	987.23224	17314092	0
03/02/2006	989.23065	989.23065	989.23065	989.23065	11750945	0
06/02/2006	984.7342	984.7342	984.7342	984.7342	18773011	0
07/02/2006	978.2392	978.2392	978.2392	978.2392	17637569	0
08/02/2006	976.2408	976.2408	976.2408	976.2408	18910170	0
09/02/2006	1004.219	1004.219	1004.219	1004.219	20791894	0
10/02/2006	995.72565	995.72565	995.72565	995.72565	21153049	0
13/02/2006	1009.7147	1009.7147	1009.7147	1009.7147	27825135	0
14/02/2006	1015.2105	1015.2105	1015.2105	1015.2105	16746784	0
15/02/2006	1020.2066	1020.2066	1020.2066	1020.2066	18488704	0
16/02/2006	1028.7	1028.7	1028.7	1028.7	8765964	0
17/02/2006	1028.2004	1028.2004	1028.2004	1028.2004	12289068	0
20/02/2006	1022.205	1022.205	1022.205	1022.205	6529484	0
21/02/2006	1035.195	1035.195	1035.195	1035.195	10124081	0
22/02/2006	1039.1918	1039.1918	1039.1918	1039.1918	8366468	0
23/02/2006	1045.1873	1045.1873	1045.1873	1045.1873	9322082	0
24/02/2006	1050.6829	1050.6829	1050.6829	1050.6829	12455248	0
27/02/2006	1055.1794	1055.1794	1055.1794	1055.1794	9355966	0
28/02/2006	1061.1747	1061.1747	1061.1747	1061.1747	26846331	0
01/03/2006	1016.7093	1016.7093	1016.7093	1016.7093	56222046	0
02/03/2006	998.2237	998.2237	998.2237	998.2237	33859094	0
03/03/2006	988.7311	988.7311	988.7311	988.7311	15782178	0
06/03/2006	1006.7171	1006.7171	1006.7171	1006.7171	8753032	0
07/03/2006	993.22754	993.22754	993.22754	993.22754	9432785	0
08/03/2006	993.22754	993.22754	993.22754	993.22754	18564321	0
09/03/2006	996.2252	996.2252	996.2252	996.2252	18704431	0
10/03/2006	998.72327	998.72327	998.72327	998.72327	13375530	0
13/03/2006	1012.2128	1012.2128	1012.2128	1012.2128	15161786	0
14/03/2006	999.72253	999.72253	999.72253	999.72253	14864150	0
15/03/2006	979.23846	979.23846	979.23846	979.23846	12795557	0
16/03/2006	991.2291	991.2291	991.2291	991.2291	18484489	0
17/03/2006	988.23145	988.23145	988.23145	988.23145	21162656	0
20/03/2006	986.233	986.233	986.233	986.233	12778172	0
21/03/2006	984.23456	984.23456	984.23456	984.23456	20202866	0
22/03/2006	1000.7217	1000.7217	1000.7217	1000.7217	71010996	0
23/03/2006	985.23376	985.23376	985.23376	985.23376	24162350	0
24/03/2006	979.73804	979.73804	979.73804	979.73804	44421034	0
27/03/2006	966.24854	966.24854	966.24854	966.24854	13473394	0
28/03/2006	965.7489	965.7489	965.7489	965.7489	21014932	0
29/03/2006	958.25476	958.25476	958.25476	958.25476	22696716	0
30/03/2006	975.74115	975.74115	975.74115	975.74115	11872828	0
31/03/2006	960.25323	960.25323	960.25323	960.25323	31172609	0
03/04/2006	963.7505	963.7505	963.7505	963.7505	17640809	0
04/04/2006	961.752	961.752	961.752	961.752	13499928	0
05/04/2006	966.74817	966.74817	966.74817	966.74817	67735798	0
06/04/2006	958.25476	958.25476	958.25476	958.25476	17768443	0
07/04/2006	937.27106	937.27106	937.27106	937.27106	38833564	0
10/04/2006	948.76215	948.76215	948.76215	948.76215	35841607	0
11/04/2006	932.7746	932.7746	932.7746	932.7746	29288541	0
12/04/2006	934.773	934.773	934.773	934.773	38986775	0
13/04/2006	942.7668	942.7668	942.7668	942.7668	19658643	0
18/04/2006	938.2703	938.2703	938.2703	938.2703	39126161	0
19/04/2006	954.2579	954.2579	954.2579	954.2579	33709806	0
20/04/2006	955.7567	955.7567	955.7567	955.7567	30991537	0
21/04/2006	967.24774	967.24774	967.24774	967.24774	16585269	0
24/04/2006	951.2602	951.2602	951.2602	951.2602	30817429	0
25/04/2006	965.7489	965.7489	965.7489	965.7489	20948032	0
26/04/2006	973.2431	973.2431	973.2431	973.2431	13916158	0
27/04/2006	961.752	961.752	961.752	961.752	15523645	0
28/04/2006	961.752	961.752	961.752	961.752	10910361	0
02/05/2006	964.2501	964.2501	964.2501	964.2501	12486996	0
03/05/2006	958.25476	958.25476	958.25476	958.25476	7655970	0
04/05/2006	956.2563	956.2563	956.2563	956.2563	14938346	0
05/05/2006	965.7489	965.7489	965.7489	965.7489	9605012	0
08/05/2006	960.25323	960.25323	960.25323	960.25323	10141337	0
09/05/2006	960.25323	960.25323	960.25323	960.25323	13901757	0
10/05/2006	966.24854	966.24854	966.24854	966.24854	23183829	0
11/05/2006	961.25244	961.25244	961.25244	961.25244	9744612	0
12/05/2006	939.26953	939.26953	939.26953	939.26953	18957976	0
15/05/2006	944.2656	944.2656	944.2656	944.2656	14848945	0
16/05/2006	939.76917	939.76917	939.76917	939.76917	13007195	0
17/05/2006	907.794	907.794	907.794	907.794	11259422	0
18/05/2006	906.29517	906.29517	906.29517	906.29517	35317479	0
19/05/2006	896.80255	896.80255	896.80255	896.80255	23528524	0
22/05/2006	894.3045	894.3045	894.3045	894.3045	21142170	0
23/05/2006	912.7901	912.7901	912.7901	912.7901	17550434	0
24/05/2006	901.79865	901.79865	901.79865	901.79865	14535559	0
25/05/2006	910.7917	910.7917	910.7917	910.7917	9972874	0
26/05/2006	925.78	925.78	925.78	925.78	11019283	0
30/05/2006	897.3022	897.3022	897.3022	897.3022	10473722	0
31/05/2006	913.78937	913.78937	913.78937	913.78937	15542146	0
01/06/2006	915.2882	915.2882	915.2882	915.2882	11373921	0
02/06/2006	933.7738	933.7738	933.7738	933.7738	17258861	0
05/06/2006	929.7769	929.7769	929.7769	929.7769	6809763	0
06/06/2006	914.7886	914.7886	914.7886	914.7886	15511521	0
07/06/2006	934.27344	934.27344	934.27344	934.27344	12187903	0
08/06/2006	935.27264	935.27264	935.27264	935.27264	27152167	0
09/06/2006	964.2501	964.2501	964.2501	964.2501	25453252	0
12/06/2006	951.7598	951.7598	951.7598	951.7598	16096714	0
13/06/2006	932.7746	932.7746	932.7746	932.7746	19080233	0
14/06/2006	931.27576	931.27576	931.27576	931.27576	14020308	0
15/06/2006	940.7684	940.7684	940.7684	940.7684	14572717	0
16/06/2006	938.7699	938.7699	938.7699	938.7699	20419458	0
19/06/2006	947.76294	947.76294	947.76294	947.76294	8436295	0
20/06/2006	952.2594	952.2594	952.2594	952.2594	9219266	0
21/06/2006	937.7707	937.7707	937.7707	937.7707	27955091	0
22/06/2006	933.2742	933.2742	933.2742	933.2742	12288945	0
23/06/2006	930.7761	930.7761	930.7761	930.7761	6474277	0
26/06/2006	934.773	934.773	934.773	934.773	15266788	0
27/06/2006	926.77924	926.77924	926.77924	926.77924	8286081	0
28/06/2006	936.7715	936.7715	936.7715	936.7715	10672068	0
29/06/2006	939.26953	939.26953	939.26953	939.26953	30651337	0
30/06/2006	939.26953	939.26953	939.26953	939.26953	18368003	0
03/07/2006	946.2641	946.2641	946.2641	946.2641	8232243	0
04/07/2006	958.7544	958.7544	958.7544	958.7544	8096218	0
05/07/2006	948.2625	948.2625	948.2625	948.2625	7743421	0
06/07/2006	962.7513	962.7513	962.7513	962.7513	8268271	0
07/07/2006	963.25085	963.25085	963.25085	963.25085	12732686	0
10/07/2006	969.74585	969.74585	969.74585	969.74585	8906413	0
11/07/2006	964.7497	964.7497	964.7497	964.7497	11382188	0
12/07/2006	954.7575	954.7575	954.7575	954.7575	11619822	0
13/07/2006	936.27185	936.27185	936.27185	936.27185	12083307	0
14/07/2006	926.77924	926.77924	926.77924	926.77924	11202082	0
17/07/2006	929.2773	929.2773	929.2773	929.2773	10961453	0
18/07/2006	921.2835	921.2835	921.2835	921.2835	10714331	0
19/07/2006	949.76135	949.76135	949.76135	949.76135	14099301	0
20/07/2006	942.2672	942.2672	942.2672	942.2672	7859590	0
21/07/2006	935.7722	935.7722	935.7722	935.7722	7511036	0
24/07/2006	956.7559	956.7559	956.7559	956.7559	5505555	0
25/07/2006	958.7544	958.7544	958.7544	958.7544	7377719	0
26/07/2006	956.7559	956.7559	956.7559	956.7559	14813387	0
27/07/2006	972.74347	972.74347	972.74347	972.74347	10081469	0
28/07/2006	987.7318	987.7318	987.7318	987.7318	12328107	0
31/07/2006	973.74274	973.74274	973.74274	973.74274	13873976	0
01/08/2006	971.74426	971.74426	971.74426	971.74426	16546888	0
02/08/2006	988.23145	988.23145	988.23145	988.23145	11853723	0
03/08/2006	958.25476	958.25476	958.25476	958.25476	24529556	0
04/08/2006	973.2431	973.2431	973.2431	973.2431	13932807	0
07/08/2006	973.2431	973.2431	973.2431	973.2431	6436578	0
08/08/2006	969.74585	969.74585	969.74585	969.74585	14846074	0
09/08/2006	972.74347	972.74347	972.74347	972.74347	9246847	0
10/08/2006	964.7497	964.7497	964.7497	964.7497	13071289	0
11/08/2006	966.74817	966.74817	966.74817	966.74817	7819512	0
14/08/2006	979.23846	979.23846	979.23846	979.23846	6110048	0
15/08/2006	989.7303	989.7303	989.7303	989.7303	7134121	0
16/08/2006	998.2237	998.2237	998.2237	998.2237	15421143	0
17/08/2006	998.2237	998.2237	998.2237	998.2237	9072212	0
18/08/2006	1000.7217	1000.7217	1000.7217	1000.7217	10826596	0
21/08/2006	994.7264	994.7264	994.7264	994.7264	8796043	0
22/08/2006	995.226	995.226	995.226	995.226	5192594	0
23/08/2006	990.2299	990.2299	990.2299	990.2299	8087316	0
24/08/2006	998.72327	998.72327	998.72327	998.72327	10877661	0
25/08/2006	997.2244	997.2244	997.2244	997.2244	10119680	0
29/08/2006	1004.7186	1004.7186	1004.7186	1004.7186	12218129	0
30/08/2006	1011.7132	1011.7132	1011.7132	1011.7132	6792480	0
31/08/2006	1002.2206	1002.2206	1002.2206	1002.2206	9007276	0
01/09/2006	1007.7163	1007.7163	1007.7163	1007.7163	6592535	0
04/09/2006	1014.2112	1014.2112	1014.2112	1014.2112	5926565	0
05/09/2006	1008.7155	1008.7155	1008.7155	1008.7155	9030152	0
06/09/2006	1003.7194	1003.7194	1003.7194	1003.7194	14664435	0
07/09/2006	999.2229	999.2229	999.2229	999.2229	9326275	0
08/09/2006	1002.7202	1002.7202	1002.7202	1002.7202	4358841	0
11/09/2006	1005.2182	1005.2182	1005.2182	1005.2182	4837826	0
12/09/2006	1013.7116	1013.7116	1013.7116	1013.7116	12693620	0
13/09/2006	1006.7171	1006.7171	1006.7171	1006.7171	10165157	0
14/09/2006	1012.7124	1012.7124	1012.7124	1012.7124	10431743	0
15/09/2006	1049.184	1049.184	1049.184	1049.184	40412201	0
18/09/2006	1034.1957	1034.1957	1034.1957	1034.1957	13524404	0
19/09/2006	1038.1926	1038.1926	1038.1926	1038.1926	21872696	0
20/09/2006	1054.1802	1054.1802	1054.1802	1054.1802	24605772	0
21/09/2006	1056.1786	1056.1786	1056.1786	1056.1786	10643696	0
22/09/2006	1039.1918	1039.1918	1039.1918	1039.1918	7524555	0
25/09/2006	1042.1895	1042.1895	1042.1895	1042.1895	17558671	0
26/09/2006	1059.1763	1059.1763	1059.1763	1059.1763	14820855	0
27/09/2006	1057.1779	1057.1779	1057.1779	1057.1779	9281620	0
28/09/2006	1056.1786	1056.1786	1056.1786	1056.1786	7554275	0
29/09/2006	1056.1786	1056.1786	1056.1786	1056.1786	11690089	0
02/10/2006	1058.177	1058.177	1058.177	1058.177	8781144	0
03/10/2006	1065.1716	1065.1716	1065.1716	1065.1716	11121394	0
04/10/2006	1089.153	1089.153	1089.153	1089.153	14894479	0
05/10/2006	1081.1592	1081.1592	1081.1592	1081.1592	22110435	0
06/10/2006	1085.1561	1085.1561	1085.1561	1085.1561	10557049	0
09/10/2006	1082.1584	1082.1584	1082.1584	1082.1584	7708741	0
10/10/2006	1089.153	1089.153	1089.153	1089.153	17085983	0
11/10/2006	1082.1584	1082.1584	1082.1584	1082.1584	9065470	0
12/10/2006	1092.1506	1092.1506	1092.1506	1092.1506	9415653	0
13/10/2006	1097.1467	1097.1467	1097.1467	1097.1467	14391425	0
16/10/2006	1103.1421	1103.1421	1103.1421	1103.1421	10592078	0
17/10/2006	1084.1569	1084.1569	1084.1569	1084.1569	11919706	0
18/10/2006	1088.1537	1088.1537	1088.1537	1088.1537	12226431	0
19/10/2006	1076.1631	1076.1631	1076.1631	1076.1631	10365854	0
20/10/2006	1068.1693	1068.1693	1068.1693	1068.1693	15696162	0
23/10/2006	1079.1606	1079.1606	1079.1606	1079.1606	8791549	0
24/10/2006	1085.1561	1085.1561	1085.1561	1085.1561	8866364	0
25/10/2006	1085.1561	1085.1561	1085.1561	1085.1561	5780666	0
26/10/2006	1090.1522	1090.1522	1090.1522	1090.1522	17439374	0
27/10/2006	1088.1537	1088.1537	1088.1537	1088.1537	9720793	0
30/10/2006	1088.1537	1088.1537	1088.1537	1088.1537	6170453	0
31/10/2006	1086.1553	1086.1553	1086.1553	1086.1553	12035409	0
01/11/2006	1083.1576	1083.1576	1083.1576	1083.1576	13645909	0
02/11/2006	1082.1584	1082.1584	1082.1584	1082.1584	11762585	0
03/11/2006	1082.1584	1082.1584	1082.1584	1082.1584	5209771	0
06/11/2006	1093.1499	1093.1499	1093.1499	1093.1499	6960450	0
07/11/2006	1089.153	1089.153	1089.153	1089.153	16394340	0
08/11/2006	1086.1553	1086.1553	1086.1553	1086.1553	11629514	0
09/11/2006	1079.1606	1079.1606	1079.1606	1079.1606	16570102	0
10/11/2006	1074.1646	1074.1646	1074.1646	1074.1646	9923520	0
13/11/2006	1079.1606	1079.1606	1079.1606	1079.1606	9691110	0
14/11/2006	1070.1677	1070.1677	1070.1677	1070.1677	12604764	0
15/11/2006	1078.1615	1078.1615	1078.1615	1078.1615	9672011	0
16/11/2006	1087.1545	1087.1545	1087.1545	1087.1545	7383847	0
17/11/2006	1083.1576	1083.1576	1083.1576	1083.1576	9187679	0
20/11/2006	1080.16	1080.16	1080.16	1080.16	7159989	0
21/11/2006	1078.1615	1078.1615	1078.1615	1078.1615	6182166	0
22/11/2006	1078.1615	1078.1615	1078.1615	1078.1615	13424851	0
23/11/2006	1068.1693	1068.1693	1068.1693	1068.1693	17186324	0
24/11/2006	1059.1763	1059.1763	1059.1763	1059.1763	9419933	0
27/11/2006	1047.1855	1047.1855	1047.1855	1047.1855	13397173	0
28/11/2006	1046.1864	1046.1864	1046.1864	1046.1864	11130131	0
29/11/2006	1049.184	1049.184	1049.184	1049.184	5978647	0
30/11/2006	1040.191	1040.191	1040.191	1040.191	9724383	0
01/12/2006	1038.1926	1038.1926	1038.1926	1038.1926	9452398	0
04/12/2006	1043.1887	1043.1887	1043.1887	1043.1887	6982969	0
05/12/2006	1036.1941	1036.1941	1036.1941	1036.1941	11232648	0
06/12/2006	1047.1855	1047.1855	1047.1855	1047.1855	14133491	0
07/12/2006	1060.1755	1060.1755	1060.1755	1060.1755	14949377	0
08/12/2006	1075.1638	1075.1638	1075.1638	1075.1638	21308140	0
11/12/2006	1075.1638	1075.1638	1075.1638	1075.1638	11820708	0
12/12/2006	1075.1638	1075.1638	1075.1638	1075.1638	11017045	0
13/12/2006	1083.1576	1083.1576	1083.1576	1083.1576	12997260	0
14/12/2006	1100.1444	1100.1444	1100.1444	1100.1444	31269682	0
15/12/2006	1113.1343	1113.1343	1113.1343	1113.1343	27386019	0
18/12/2006	1109.1375	1109.1375	1109.1375	1109.1375	15126660	0
19/12/2006	1110.1366	1110.1366	1110.1366	1110.1366	17789788	0
20/12/2006	1118.1304	1118.1304	1118.1304	1118.1304	10279082	0
21/12/2006	1117.1312	1117.1312	1117.1312	1117.1312	7035245	0
22/12/2006	1124.1259	1124.1259	1124.1259	1124.1259	2135900	0
27/12/2006	1132.1195	1132.1195	1132.1195	1132.1195	3742942	0
28/12/2006	1136.1165	1136.1165	1136.1165	1136.1165	3244667	0
29/12/2006	1131.1202	1131.1202	1131.1202	1131.1202	6823212	0
02/01/2007	1153.1031	1153.1031	1153.1031	1153.1031	11756805	0
03/01/2007	1145.1094	1145.1094	1145.1094	1145.1094	16477848	0
04/01/2007	1145.1094	1145.1094	1145.1094	1145.1094	11813171	0
05/01/2007	1141.1125	1141.1125	1141.1125	1141.1125	9460431	0
08/01/2007	1131.1202	1131.1202	1131.1202	1131.1202	13597879	0
09/01/2007	1164.0947	1164.0947	1164.0947	1164.0947	28067781	0
10/01/2007	1155.1017	1155.1017	1155.1017	1155.1017	17922287	0
11/01/2007	1144.1102	1144.1102	1144.1102	1144.1102	32836734	0
12/01/2007	1141.1125	1141.1125	1141.1125	1141.1125	17842338	0
15/01/2007	1148.107	1148.107	1148.107	1148.107	11314254	0
16/01/2007	1130.1211	1130.1211	1130.1211	1130.1211	19756375	0
17/01/2007	1123.1265	1123.1265	1123.1265	1123.1265	20612399	0
18/01/2007	1116.132	1116.132	1116.132	1116.132	11755207	0
19/01/2007	1106.1396	1106.1396	1106.1396	1106.1396	28876010	0
22/01/2007	1109.1375	1109.1375	1109.1375	1109.1375	18320858	0
23/01/2007	1111.1359	1111.1359	1111.1359	1111.1359	10984836	0
24/01/2007	1139.1141	1139.1141	1139.1141	1139.1141	22610825	0
25/01/2007	1133.1188	1133.1188	1133.1188	1133.1188	10494296	0
26/01/2007	1126.1241	1126.1241	1126.1241	1126.1241	11746449	0
29/01/2007	1130.1211	1130.1211	1130.1211	1130.1211	6462306	0
30/01/2007	1119.1296	1119.1296	1119.1296	1119.1296	7298567	0
31/01/2007	1110.1366	1110.1366	1110.1366	1110.1366	14207407	0
01/02/2007	1117.1312	1117.1312	1117.1312	1117.1312	13429933	0
02/02/2007	1123.1265	1123.1265	1123.1265	1123.1265	13630492	0
05/02/2007	1121.128	1121.128	1121.128	1121.128	5760436	0
06/02/2007	1132.1195	1132.1195	1132.1195	1132.1195	15642137	0
07/02/2007	1134.118	1134.118	1134.118	1134.118	13284714	0
08/02/2007	1130.1211	1130.1211	1130.1211	1130.1211	14077479	0
09/02/2007	1138.1149	1138.1149	1138.1149	1138.1149	5216688	0
12/02/2007	1132.1195	1132.1195	1132.1195	1132.1195	4017261	0
13/02/2007	1141.1125	1141.1125	1141.1125	1141.1125	8850803	0
14/02/2007	1152.104	1152.104	1152.104	1152.104	7369221	0
15/02/2007	1150.1056	1150.1056	1150.1056	1150.1056	11669888	0
16/02/2007	1151.1049	1151.1049	1151.1049	1151.1049	9304712	0
19/02/2007	1155.1017	1155.1017	1155.1017	1155.1017	7908164	0
20/02/2007	1159.0986	1159.0986	1159.0986	1159.0986	8681589	0
21/02/2007	1152.104	1152.104	1152.104	1152.104	11479400	0
22/02/2007	1166.0931	1166.0931	1166.0931	1166.0931	14915190	0
23/02/2007	1152.104	1152.104	1152.104	1152.104	12572427	0
26/02/2007	1149.1063	1149.1063	1149.1063	1149.1063	33764030	0
27/02/2007	1132.1195	1132.1195	1132.1195	1132.1195	46144672	0
28/02/2007	1080.16	1080.16	1080.16	1080.16	78856540	0
01/03/2007	1070.1677	1070.1677	1070.1677	1070.1677	53114146	0
02/03/2007	1054.1802	1054.1802	1054.1802	1054.1802	18155764	0
05/03/2007	1049.184	1049.184	1049.184	1049.184	18588633	0
06/03/2007	1071.1669	1071.1669	1071.1669	1071.1669	20296086	0
07/03/2007	1087.1545	1087.1545	1087.1545	1087.1545	21584100	0
08/03/2007	1101.1436	1101.1436	1101.1436	1101.1436	14282131	0
09/03/2007	1101.1436	1101.1436	1101.1436	1101.1436	13596989	0
12/03/2007	1102.143	1102.143	1102.143	1102.143	11182179	0
13/03/2007	1078.1615	1078.1615	1078.1615	1078.1615	15417192	0
14/03/2007	1016.2097	1016.2097	1016.2097	1016.2097	25124131	0
15/03/2007	1030.1989	1030.1989	1030.1989	1030.1989	21971576	0
16/03/2007	1023.2042	1023.2042	1023.2042	1023.2042	22437969	0
19/03/2007	1034.1957	1034.1957	1034.1957	1034.1957	14654483	0
20/03/2007	1041.1903	1041.1903	1041.1903	1041.1903	11880662	0
21/03/2007	1049.184	1049.184	1049.184	1049.184	9815158	0
22/03/2007	1061.1747	1061.1747	1061.1747	1061.1747	12416782	0
23/03/2007	1064.1724	1064.1724	1064.1724	1064.1724	8407890	0
26/03/2007	1057.1779	1057.1779	1057.1779	1057.1779	4838796	0
27/03/2007	1063.1732	1063.1732	1063.1732	1063.1732	26945700	0
28/03/2007	1045.1873	1045.1873	1045.1873	1045.1873	12652289	0
29/03/2007	1053.1809	1053.1809	1053.1809	1053.1809	16598786	0
30/03/2007	1046.1864	1046.1864	1046.1864	1046.1864	14899156	0
02/04/2007	1043.1887	1043.1887	1043.1887	1043.1887	8208741	0
03/04/2007	1042.1895	1042.1895	1042.1895	1042.1895	14771188	0
04/04/2007	1045.1873	1045.1873	1045.1873	1045.1873	11473904	0
05/04/2007	1049.184	1049.184	1049.184	1049.184	11456165	0
10/04/2007	1048.1848	1048.1848	1048.1848	1048.1848	29100080	0
11/04/2007	1055.1794	1055.1794	1055.1794	1055.1794	11442448	0
12/04/2007	1067.17	1067.17	1067.17	1067.17	13813658	0
13/04/2007	1073.1654	1073.1654	1073.1654	1073.1654	10457830	0
16/04/2007	1082.1584	1082.1584	1082.1584	1082.1584	18156481	0
17/04/2007	1070.1677	1070.1677	1070.1677	1070.1677	20246692	0
18/04/2007	1076.1631	1076.1631	1076.1631	1076.1631	17877390	0
19/04/2007	1067.17	1067.17	1067.17	1067.17	10016542	0
20/04/2007	1072.1663	1072.1663	1072.1663	1072.1663	26744242	0
23/04/2007	1068.1693	1068.1693	1068.1693	1068.1693	8731050	0
24/04/2007	1056.1786	1056.1786	1056.1786	1056.1786	12505063	0
25/04/2007	1093.1499	1093.1499	1093.1499	1093.1499	31635405	0
26/04/2007	1086.1553	1086.1553	1086.1553	1086.1553	15494728	0
27/04/2007	1079.1606	1079.1606	1079.1606	1079.1606	43254229	0
30/04/2007	1082.1584	1082.1584	1082.1584	1082.1584	45403344	0
01/05/2007	1074.1646	1074.1646	1074.1646	1074.1646	43861351	0
02/05/2007	1086.1553	1086.1553	1086.1553	1086.1553	43288920	0
03/05/2007	1088.1537	1088.1537	1088.1537	1088.1537	14446538	0
04/05/2007	1089.153	1089.153	1089.153	1089.153	10782224	0
08/05/2007	1072.1663	1072.1663	1072.1663	1072.1663	16696921	0
09/05/2007	1068.1693	1068.1693	1068.1693	1068.1693	12332236	0
10/05/2007	1072.1663	1072.1663	1072.1663	1072.1663	17049611	0
11/05/2007	1077.1624	1077.1624	1077.1624	1077.1624	17850117	0
14/05/2007	1076.1631	1076.1631	1076.1631	1076.1631	9644167	0
15/05/2007	1081.1592	1081.1592	1081.1592	1081.1592	14594638	0
16/05/2007	1083.1576	1083.1576	1083.1576	1083.1576	9827550	0
17/05/2007	1069.1685	1069.1685	1069.1685	1069.1685	13665128	0
18/05/2007	1075.1638	1075.1638	1075.1638	1075.1638	9615274	0
21/05/2007	1068.1693	1068.1693	1068.1693	1068.1693	11875428	0
22/05/2007	1070.1677	1070.1677	1070.1677	1070.1677	13252437	0
23/05/2007	1079.1606	1079.1606	1079.1606	1079.1606	15838473	0
24/05/2007	1069.1685	1069.1685	1069.1685	1069.1685	11861333	0
25/05/2007	1067.17	1067.17	1067.17	1067.17	10275918	0
29/05/2007	1067.17	1067.17	1067.17	1067.17	10054170	0
30/05/2007	1075.1638	1075.1638	1075.1638	1075.1638	14402124	0
31/05/2007	1086.1553	1086.1553	1086.1553	1086.1553	22574866	0
01/06/2007	1101.1436	1101.1436	1101.1436	1101.1436	14808427	0
04/06/2007	1096.1475	1096.1475	1096.1475	1096.1475	15914539	0
05/06/2007	1093.1499	1093.1499	1093.1499	1093.1499	15648686	0
06/06/2007	1074.1646	1074.1646	1074.1646	1074.1646	11838062	0
07/06/2007	1067.17	1067.17	1067.17	1067.17	16061264	0
08/06/2007	1069.1685	1069.1685	1069.1685	1069.1685	12870658	0
11/06/2007	1069.1685	1069.1685	1069.1685	1069.1685	13421781	0
12/06/2007	1030.1989	1030.1989	1030.1989	1030.1989	49007434	0
13/06/2007	1018.2081	1018.2081	1018.2081	1018.2081	33944985	0
14/06/2007	1022.205	1022.205	1022.205	1022.205	22164687	0
15/06/2007	1025.2028	1025.2028	1025.2028	1025.2028	29368751	0
18/06/2007	1024.2035	1024.2035	1024.2035	1024.2035	12779097	0
19/06/2007	1009.2151	1009.2151	1009.2151	1009.2151	23891824	0
20/06/2007	1008.2159	1008.2159	1008.2159	1008.2159	24954793	0
21/06/2007	1000.2221	1000.2221	1000.2221	1000.2221	20185442	0
22/06/2007	997.2244	997.2244	997.2244	997.2244	24504385	0
25/06/2007	1003.2198	1003.2198	1003.2198	1003.2198	19956360	0
26/06/2007	1002.2206	1002.2206	1002.2206	1002.2206	14481217	0
27/06/2007	977.24	977.24	977.24	977.24	33871907	0
28/06/2007	977.7396	977.7396	977.7396	977.7396	23935311	0
29/06/2007	984.7342	984.7342	984.7342	984.7342	14554643	0
02/07/2007	988.7311	988.7311	988.7311	988.7311	16517448	0
03/07/2007	1002.2206	1002.2206	1002.2206	1002.2206	14905570	0
04/07/2007	1008.2159	1008.2159	1008.2159	1008.2159	13744460	0
05/07/2007	1011.2136	1011.2136	1011.2136	1011.2136	21962146	0
06/07/2007	1016.2097	1016.2097	1016.2097	1016.2097	18301441	0
09/07/2007	1012.2128	1012.2128	1012.2128	1012.2128	19382808	0
10/07/2007	993.7272	993.7272	993.7272	993.7272	24969884	0
11/07/2007	986.233	986.233	986.233	986.233	24481485	0
12/07/2007	1002.2206	1002.2206	1002.2206	1002.2206	19147755	0
13/07/2007	1013.212	1013.212	1013.212	1013.212	13243264	0
16/07/2007	1013.212	1013.212	1013.212	1013.212	8117160	0
17/07/2007	1008.2159	1008.2159	1008.2159	1008.2159	9718352	0
18/07/2007	998.2237	998.2237	998.2237	998.2237	9053892	0
19/07/2007	1004.219	1004.219	1004.219	1004.219	11587403	0
20/07/2007	998.2237	998.2237	998.2237	998.2237	11974584	0
23/07/2007	994.2268	994.2268	994.2268	994.2268	19058886	0
24/07/2007	979.73804	979.73804	979.73804	979.73804	23605642	0
25/07/2007	976.74036	976.74036	976.74036	976.74036	17040789	0
26/07/2007	946.7637	946.7637	946.7637	946.7637	22957555	0
27/07/2007	942.2672	942.2672	942.2672	942.2672	39669815	0
30/07/2007	935.7722	935.7722	935.7722	935.7722	30812002	0
31/07/2007	968.7466	968.7466	968.7466	968.7466	31638095	0
01/08/2007	941.26794	941.26794	941.26794	941.26794	43755376	0
02/08/2007	963.7505	963.7505	963.7505	963.7505	22999455	0
03/08/2007	952.2594	952.2594	952.2594	952.2594	25384275	0
06/08/2007	944.2656	944.2656	944.2656	944.2656	20219612	0
07/08/2007	951.7598	951.7598	951.7598	951.7598	40101131	0
08/08/2007	958.7544	958.7544	958.7544	958.7544	22499209	0
09/08/2007	912.2905	912.2905	912.2905	912.2905	49093994	0
10/08/2007	872.3216	872.3216	872.3216	872.3216	37250745	0
13/08/2007	905.29596	905.29596	905.29596	905.29596	41987108	0
14/08/2007	894.3045	894.3045	894.3045	894.3045	50518467	0
15/08/2007	885.8111	885.8111	885.8111	885.8111	28547354	0
16/08/2007	848.3402	848.3402	848.3402	848.3402	42869743	0
17/08/2007	889.808	889.808	889.808	889.808	46349350	0
20/08/2007	883.31305	883.31305	883.31305	883.31305	47597343	0
21/08/2007	877.8173	877.8173	877.8173	877.8173	44470915	0
22/08/2007	879.31616	879.31616	879.31616	879.31616	54540170	0
23/08/2007	897.3022	897.3022	897.3022	897.3022	29444376	0
24/08/2007	884.31226	884.31226	884.31226	884.31226	23465853	0
28/08/2007	864.3278	864.3278	864.3278	864.3278	29302315	0
29/08/2007	862.32935	862.32935	862.32935	862.32935	23887741	0
30/08/2007	860.33093	860.33093	860.33093	860.33093	19787661	0
31/08/2007	878.31696	878.31696	878.31696	878.31696	20397160	0
03/09/2007	891.80646	891.80646	891.80646	891.80646	9801574	0
04/09/2007	904.2967	904.2967	904.2967	904.2967	13783954	0
05/09/2007	891.80646	891.80646	891.80646	891.80646	23799348	0
06/09/2007	896.3029	896.3029	896.3029	896.3029	35093685	0
07/09/2007	878.31696	878.31696	878.31696	878.31696	34512870	0
10/09/2007	870.82275	870.82275	870.82275	870.82275	15152154	0
11/09/2007	898.3014	898.3014	898.3014	898.3014	15119164	0
12/09/2007	897.3022	897.3022	897.3022	897.3022	8718439	0
13/09/2007	891.3068	891.3068	891.3068	891.3068	12920712	0
14/09/2007	859.33167	859.33167	859.33167	859.33167	102976232	0
17/09/2007	812.3682	812.3682	812.3682	812.3682	35329011	0
18/09/2007	837.8484	837.8484	837.8484	837.8484	42415749	0
19/09/2007	873.3208	873.3208	873.3208	873.3208	45782782	0
20/09/2007	836.34955	836.34955	836.34955	836.34955	61446329	0
21/09/2007	846.3418	846.3418	846.3418	846.3418	51732084	0
24/09/2007	841.3457	841.3457	841.3457	841.3457	15249157	0
25/09/2007	829.8546	829.8546	829.8546	829.8546	33495817	0
26/09/2007	872.3216	872.3216	872.3216	872.3216	53375220	0
27/09/2007	915.2882	915.2882	915.2882	915.2882	76621976	0
28/09/2007	913.78937	913.78937	913.78937	913.78937	38678015	0
01/10/2007	910.29205	910.29205	910.29205	910.29205	30703548	0
02/10/2007	949.2618	949.2618	949.2618	949.2618	52200832	0
03/10/2007	979.23846	979.23846	979.23846	979.23846	35880180	0
04/10/2007	958.25476	958.25476	958.25476	958.25476	56485567	0
05/10/2007	947.2633	947.2633	947.2633	947.2633	32630723	0
08/10/2007	955.7567	955.7567	955.7567	955.7567	18743429	0
09/10/2007	954.7575	954.7575	954.7575	954.7575	17483639	0
10/10/2007	925.2804	925.2804	925.2804	925.2804	27199776	0
11/10/2007	910.29205	910.29205	910.29205	910.29205	31028530	0
12/10/2007	904.7963	904.7963	904.7963	904.7963	26781656	0
15/10/2007	877.3177	877.3177	877.3177	877.3177	19081992	0
16/10/2007	865.327	865.327	865.327	865.327	35893901	0
17/10/2007	872.8212	872.8212	872.8212	872.8212	26101563	0
18/10/2007	859.33167	859.33167	859.33167	859.33167	26198114	0
19/10/2007	834.35114	834.35114	834.35114	834.35114	36889018	0
22/10/2007	824.8585	824.8585	824.8585	824.8585	26761279	0
23/10/2007	842.8445	842.8445	842.8445	842.8445	33817895	0
24/10/2007	841.8453	841.8453	841.8453	841.8453	35450440	0
25/10/2007	841.8453	841.8453	841.8453	841.8453	25501225	0
26/10/2007	844.84296	844.84296	844.84296	844.84296	13951768	0
29/10/2007	850.8383	850.8383	850.8383	850.8383	20966063	0
30/10/2007	850.8383	850.8383	850.8383	850.8383	9736778	0
31/10/2007	872.3216	872.3216	872.3216	872.3216	23746273	0
01/11/2007	843.3441	843.3441	843.3441	843.3441	25703167	0
02/11/2007	824.3589	824.3589	824.3589	824.3589	27138611	0
05/11/2007	809.37054	809.37054	809.37054	809.37054	27792851	0
06/11/2007	799.8779	799.8779	799.8779	799.8779	11684355	0
07/11/2007	781.8919	781.8919	781.8919	781.8919	18803140	0
08/11/2007	767.9028	767.9028	767.9028	767.9028	30298258	0
09/11/2007	751.9152	751.9152	751.9152	751.9152	24235048	0
12/11/2007	795.88104	795.88104	795.88104	795.88104	26944272	0
13/11/2007	806.37286	806.37286	806.37286	806.37286	24229221	0
14/11/2007	807.8717	807.8717	807.8717	807.8717	43781614	0
15/11/2007	782.39154	782.39154	782.39154	782.39154	39651069	0
16/11/2007	758.9098	758.9098	758.9098	758.9098	27270774	0
19/11/2007	729.43274	729.43274	729.43274	729.43274	22002445	0
20/11/2007	740.4242	740.4242	740.4242	740.4242	34684568	0
21/11/2007	712.4459	712.4459	712.4459	712.4459	27747269	0
22/11/2007	724.4366	724.4366	724.4366	724.4366	19362322	0
23/11/2007	754.41327	754.41327	754.41327	754.41327	22875829	0
26/11/2007	741.923	741.923	741.923	741.923	25499360	0
27/11/2007	763.4063	763.4063	763.4063	763.4063	18015878	0
28/11/2007	788.38684	788.38684	788.38684	788.38684	21132182	0
29/11/2007	784.38995	784.38995	784.38995	784.38995	17117845	0
30/11/2007	797.3799	797.3799	797.3799	797.3799	20885673	0
03/12/2007	799.3783	799.3783	799.3783	799.3783	14114930	0
04/12/2007	771.4001	771.4001	771.4001	771.4001	21454312	0
05/12/2007	798.8787	798.8787	798.8787	798.8787	20381062	0
06/12/2007	812.3682	812.3682	812.3682	812.3682	41571290	0
07/12/2007	815.8655	815.8655	815.8655	815.8655	16429865	0
10/12/2007	828.3558	828.3558	828.3558	828.3558	14153634	0
11/12/2007	815.8655	815.8655	815.8655	815.8655	12881720	0
12/12/2007	832.35266	832.35266	832.35266	832.35266	31015856	0
13/12/2007	763.9059	763.9059	763.9059	763.9059	46712634	0
14/12/2007	755.41254	755.41254	755.41254	755.41254	31164034	0
17/12/2007	728.9331	728.9331	728.9331	728.9331	32340960	0
18/12/2007	735.42804	735.42804	735.42804	735.42804	19571169	0
19/12/2007	726.43506	726.43506	726.43506	726.43506	20295631	0
20/12/2007	718.94086	718.94086	718.94086	718.94086	15396465	0
21/12/2007	723.937	723.937	723.937	723.937	21308814	0
24/12/2007	729.43274	729.43274	729.43274	729.43274	2782195	0
27/12/2007	733.9292	733.9292	733.9292	733.9292	6455980	0
28/12/2007	728.9331	728.9331	728.9331	728.9331	4759332	0
31/12/2007	734.42883	734.42883	734.42883	734.42883	3573026	0
02/01/2008	729.9323	729.9323	729.9323	729.9323	11678891	0
03/01/2008	740.92377	740.92377	740.92377	740.92377	13156974	0
04/01/2008	706.9502	706.9502	706.9502	706.9502	27067498	0
07/01/2008	689.4638	689.4638	689.4638	689.4638	21060737	0
08/01/2008	696.4584	696.4584	696.4584	696.4584	19587403	0
09/01/2008	675.4747	675.4747	675.4747	675.4747	23195842	0
10/01/2008	646.4972	646.4972	646.4972	646.4972	22976001	0
11/01/2008	660.98596	660.98596	660.98596	660.98596	21212650	0
14/01/2008	665.98206	665.98206	665.98206	665.98206	19370476	0
15/01/2008	639.5027	639.5027	639.5027	639.5027	17355562	0
16/01/2008	629.51044	629.51044	629.51044	629.51044	28294506	0
17/01/2008	632.5081	632.5081	632.5081	632.5081	25913342	0
18/01/2008	635.50574	635.50574	635.50574	635.50574	31669785	0
21/01/2008	610.0256	610.0256	610.0256	610.0256	32757386	0
22/01/2008	659.4871	659.4871	659.4871	659.4871	55345504	0
23/01/2008	632.5081	632.5081	632.5081	632.5081	44529755	0
24/01/2008	692.96106	692.96106	692.96106	692.96106	55644753	0
25/01/2008	684.9673	684.9673	684.9673	684.9673	28109606	0
28/01/2008	676.9735	676.9735	676.9735	676.9735	21467058	0
29/01/2008	693.9603	693.9603	693.9603	693.9603	17555942	0
30/01/2008	702.4537	702.4537	702.4537	702.4537	23423024	0
31/01/2008	693.9603	693.9603	693.9603	693.9603	36992486	0
01/02/2008	700.45526	700.45526	700.45526	700.45526	23850819	0
04/02/2008	709.44824	709.44824	709.44824	709.44824	14277826	0
05/02/2008	686.96576	686.96576	686.96576	686.96576	27823115	0
06/02/2008	678.47235	678.47235	678.47235	678.47235	31921091	0
07/02/2008	654.9906	654.9906	654.9906	654.9906	23714754	0
08/02/2008	657.48865	657.48865	657.48865	657.48865	13564106	0
11/02/2008	635.50574	635.50574	635.50574	635.50574	19566007	0
12/02/2008	672.477	672.477	672.477	672.477	32613664	0
13/02/2008	664.4832	664.4832	664.4832	664.4832	35213110	0
14/02/2008	630.50964	630.50964	630.50964	630.50964	48238798	0
15/02/2008	608.0271	608.0271	608.0271	608.0271	35422368	0
18/02/2008	638.5034	638.5034	638.5034	638.5034	25793303	0
19/02/2008	658.4879	658.4879	658.4879	658.4879	45287711	0
20/02/2008	645.9976	645.9976	645.9976	645.9976	42448162	0
21/02/2008	658.4879	658.4879	658.4879	658.4879	36269902	0
22/02/2008	645.498	645.498	645.498	645.498	29709445	0
25/02/2008	677.47314	677.47314	677.47314	677.47314	21833764	0
26/02/2008	704.45215	704.45215	704.45215	704.45215	35570634	0
27/02/2008	656.48944	656.48944	656.48944	656.48944	94433943	0
28/02/2008	634.50653	634.50653	634.50653	634.50653	32079748	0
29/02/2008	603.031	603.031	603.031	603.031	52287149	0
03/03/2008	557.5664	557.5664	557.5664	557.5664	93687829	0
04/03/2008	543.07764	543.07764	543.07764	543.07764	58887764	0
05/03/2008	574.0536	574.0536	574.0536	574.0536	63137961	0
06/03/2008	568.0582	568.0582	568.0582	568.0582	32964416	0
07/03/2008	582.04736	582.04736	582.04736	582.04736	51927383	0
10/03/2008	561.5633	561.5633	561.5633	561.5633	38355554	0
11/03/2008	589.0419	589.0419	589.0419	589.0419	56406993	0
12/03/2008	577.55084	577.55084	577.55084	577.55084	52879144	0
13/03/2008	561.5633	561.5633	561.5633	561.5633	37052724	0
14/03/2008	527.58966	527.58966	527.58966	527.58966	42524358	0
17/03/2008	460.14215	460.14215	460.14215	460.14215	92306816	0
18/03/2008	479.8768	479.8768	479.8768	479.8768	42518408	0
19/03/2008	445.90323	445.90323	445.90323	445.90323	167238928	0
20/03/2008	473.38184	473.38184	473.38184	473.38184	87381475	0
25/03/2008	544.07684	544.07684	544.07684	544.07684	71972200	0
26/03/2008	541.0792	541.0792	541.0792	541.0792	52210008	0
27/03/2008	557.0668	557.0668	557.0668	557.0668	39233777	0
28/03/2008	539.5804	539.5804	539.5804	539.5804	27435181	0
31/03/2008	559.5648	559.5648	559.5648	559.5648	35139209	0
01/04/2008	604.0302	604.0302	604.0302	604.0302	46847726	0
02/04/2008	592.5392	592.5392	592.5392	592.5392	41497560	0
03/04/2008	574.0536	574.0536	574.0536	574.0536	34703186	0
04/04/2008	572.55475	572.55475	572.55475	572.55475	24356745	0
07/04/2008	559.5648	559.5648	559.5648	559.5648	35841293	0
08/04/2008	549.073	549.073	549.073	549.073	25387838	0
09/04/2008	526.0909	526.0909	526.0909	526.0909	27610377	0
10/04/2008	516.09863	516.09863	516.09863	516.09863	40008509	0
11/04/2008	506.60602	506.60602	506.60602	506.60602	25881673	0
14/04/2008	512.6014	512.6014	512.6014	512.6014	38241244	0
15/04/2008	514.10016	514.10016	514.10016	514.10016	31649399	0
16/04/2008	539.08075	539.08075	539.08075	539.08075	30689792	0
17/04/2008	549.5726	549.5726	549.5726	549.5726	46890068	0
18/04/2008	557.5664	557.5664	557.5664	557.5664	47928370	0
21/04/2008	539.5804	539.5804	539.5804	539.5804	40538591	0
22/04/2008	519.5959	519.5959	519.5959	519.5959	37345231	0
23/04/2008	499.61145	499.61145	499.61145	499.61145	65308764	0
24/04/2008	488.62	488.62	488.62	488.62	37146348	0
25/04/2008	496.61377	496.61377	496.61377	496.61377	30850090	0
28/04/2008	495.36475	495.36475	495.36475	495.36475	42972845	0
29/04/2008	486.37177	486.37177	486.37177	486.37177	33370417	0
30/04/2008	470.13437	470.13437	470.13437	470.13437	46220391	0
01/05/2008	464.63864	464.63864	464.63864	464.63864	27230920	0
02/05/2008	495.11496	495.11496	495.11496	495.11496	46496956	0
06/05/2008	499.61145	499.61145	499.61145	499.61145	31818535	0
07/05/2008	519.0963	519.0963	519.0963	519.0963	35217089	0
08/05/2008	513.10095	513.10095	513.10095	513.10095	24445536	0
09/05/2008	504.60757	504.60757	504.60757	504.60757	21278442	0
12/05/2008	505.10718	505.10718	505.10718	505.10718	12042727	0
13/05/2008	484.6231	484.6231	484.6231	484.6231	42749292	0
14/05/2008	469.88458	469.88458	469.88458	469.88458	38723483	0
15/05/2008	464.88846	464.88846	464.88846	464.88846	23561366	0
16/05/2008	468.88535	468.88535	468.88535	468.88535	25842077	0
19/05/2008	462.1406	462.1406	462.1406	462.1406	23524423	0
20/05/2008	464.88846	464.88846	464.88846	464.88846	30532765	0
21/05/2008	445.1538	445.1538	445.1538	445.1538	24662277	0
22/05/2008	441.15692	441.15692	441.15692	441.15692	22054801	0
23/05/2008	429.91565	429.91565	429.91565	429.91565	22755000	0
27/05/2008	432.6635	432.6635	432.6635	432.6635	18171674	0
28/05/2008	430.66507	430.66507	430.66507	430.66507	24085583	0
29/05/2008	413.9281	413.9281	413.9281	413.9281	31125674	0
30/05/2008	399.68915	399.68915	399.68915	399.68915	39372717	0
02/06/2008	359.72025	359.72025	359.72025	359.72025	79210054	0
03/06/2008	351.47665	351.47665	351.47665	351.47665	54632506	0
04/06/2008	340.2354	340.2354	340.2354	340.2354	58596752	0
05/06/2008	357.7218	357.7218	357.7218	357.7218	56047741	0
06/06/2008	330.49298	330.49298	330.49298	330.49298	38508832	0
09/06/2008	306.76144	306.76144	306.76144	306.76144	54402615	0
10/06/2008	291.7731	291.7731	291.7731	291.7731	65696021	0
11/06/2008	257.7995	257.7995	257.7995	257.7995	120861996	0
12/06/2008	282.7801	282.7801	282.7801	282.7801	204420706	0
13/06/2008	321.49997	321.49997	321.49997	321.49997	117040934	0
16/06/2008	315.75443	315.75443	315.75443	315.75443	45896780	0
17/06/2008	326.4961	326.4961	326.4961	326.4961	65535677	0
18/06/2008	318.5023	318.5023	318.5023	318.5023	48942259	0
19/06/2008	296.5194	296.5194	296.5194	296.5194	64064674	0
20/06/2008	282.03067	282.03067	282.03067	282.03067	58934278	0
23/06/2008	270.03998	270.03998	270.03998	270.03998	44519223	0
24/06/2008	274.5365	274.5365	274.5365	274.5365	52254784	0
25/06/2008	291.7731	291.7731	291.7731	291.7731	46621139	0
26/06/2008	275.78552	275.78552	275.78552	275.78552	63708892	0
27/06/2008	278.5	278.5	278.5	278.5	86904282	0
30/06/2008	276	276	276	276	40968376	0
01/07/2008	269	269	269	269	68949312	0
02/07/2008	261	261	261	261	74530282	0
03/07/2008	279.25	279.25	279.25	279.25	108791932	0
04/07/2008	271.5	271.5	271.5	271.5	60239337	0
07/07/2008	275.25	275.25	275.25	275.25	45312058	0
08/07/2008	270.75	270.75	270.75	270.75	73576228	0
09/07/2008	273.5	273.5	273.5	273.5	80428649	0
10/07/2008	271.5	271.5	271.5	271.5	87604753	0
11/07/2008	266.5	266.5	266.5	266.5	101987014	0
14/07/2008	272	272	272	272	111335921	0
15/07/2008	260	260	260	260	184384056	0
16/07/2008	254.5	254.5	254.5	254.5	161741603	0
17/07/2008	268.25	268.25	268.25	268.25	134619059	0
18/07/2008	282	282	282	282	200798223	0
21/07/2008	264.5	264.5	264.5	264.5	253306698	0
22/07/2008	261	261	261	261	115235752	0
23/07/2008	305	305	305	305	249049743	0
24/07/2008	301.5	301.5	301.5	301.5	127861270	0
25/07/2008	310.25	310.25	310.25	310.25	104683439	0
28/07/2008	287.5	287.5	287.5	287.5	83969421	0
29/07/2008	272.75	272.75	272.75	272.75	78555850	0
30/07/2008	271.25	271.25	271.25	271.25	90322880	0
31/07/2008	290.5	290.5	290.5	290.5	189047673	0
01/08/2008	302.25	302.25	302.25	302.25	100298351	0
04/08/2008	299.75	299.75	299.75	299.75	47522808	0
05/08/2008	336.25	336.25	336.25	336.25	115318394	0
06/08/2008	333	333	333	333	70307918	0
07/08/2008	334.75	334.75	334.75	334.75	73845786	0
08/08/2008	331.5	331.5	331.5	331.5	63703892	0
11/08/2008	335.75	335.75	335.75	335.75	38560851	0
12/08/2008	331	331	331	331	42671040	0
13/08/2008	307	307	307	307	68540341	0
14/08/2008	305.25	305.25	305.25	305.25	54133168	0
15/08/2008	303	303	303	303	27859157	0
18/08/2008	299.5	299.5	299.5	299.5	24533682	0
19/08/2008	277.5	277.5	277.5	277.5	47836927	0
20/08/2008	280.25	280.25	280.25	280.25	37390627	0
21/08/2008	272	272	272	272	36440717	0
22/08/2008	289	289	289	289	36383248	0
26/08/2008	285.25	285.25	285.25	285.25	49288892	0
27/08/2008	293.25	293.25	293.25	293.25	29244339	0
28/08/2008	305.5	305.5	305.5	305.5	49709023	0
29/08/2008	315.75	315.75	315.75	315.75	41443239	0
01/09/2008	317	317	317	317	23546269	0
02/09/2008	310	310	310	310	50018147	0
03/09/2008	303.25	303.25	303.25	303.25	40374203	0
04/09/2008	282.5	282.5	282.5	282.5	69323003	0
05/09/2008	275.5	275.5	275.5	275.5	71437448	0
08/09/2008	307	307	307	307	56113429	0
09/09/2008	308.5	308.5	308.5	308.5	91249025	0
10/09/2008	299.75	299.75	299.75	299.75	68013006	0
11/09/2008	286.75	286.75	286.75	286.75	81301700	0
12/09/2008	282	282	282	282	71266726	0
15/09/2008	232.5	232.5	232.5	232.5	248944408	0
16/09/2008	182	182	182	182	353086630	0
17/09/2008	147.1	147.1	147.1	147.1	430456722	0
18/09/2008	172.6	172.6	172.6	172.6	350307804	0
19/09/2008	222.5	222.5	222.5	222.5	236572917	0
22/09/2008	209	209	209	209	31914855	0
23/09/2008	180.2	180.2	180.2	180.2	75552976	0
24/09/2008	180.5	180.5	180.5	180.5	45862617	0
25/09/2008	184	184	184	184	41508725	0
26/09/2008	173.3	173.3	173.3	173.3	46628698	0
29/09/2008	142	142	142	142	48239619	0
30/09/2008	122.4	122.4	122.4	122.4	85000748	0
01/10/2008	148.1	148.1	148.1	148.1	138715762	0
02/10/2008	170.1	170.1	170.1	170.1	60272001	0
03/10/2008	200.5	200.5	200.5	200.5	52344874	0
06/10/2008	160.8	160.8	160.8	160.8	41342929	0
07/10/2008	94	94	94	94	77336111	0
08/10/2008	117	117	117	117	109147400	0
09/10/2008	153.5	153.5	153.5	153.5	60037164	0
10/10/2008	124.2	124.2	124.2	124.2	61281241	0
13/10/2008	90	90	90	90	67065750	0
14/10/2008	85.3	85.3	85.3	85.3	84453655	0
15/10/2008	85.7	85.7	85.7	85.7	36352480	0
16/10/2008	84.1	84.1	84.1	84.1	49484320	0
17/10/2008	80	80	80	80	29288020	0
20/10/2008	78.9	78.9	78.9	78.9	33575953	0
21/10/2008	82.5	82.5	82.5	82.5	26934342	0
22/10/2008	74.7	74.7	74.7	74.7	20431019	0
23/10/2008	72.8	72.8	72.8	72.8	17935857	0
24/10/2008	59.9	59.9	59.9	59.9	35858462	0
27/10/2008	61	61	61	61	18679388	0
28/10/2008	68.6	68.6	68.6	68.6	38711228	0
29/10/2008	88	88	88	88	35129867	0
30/10/2008	94	94	94	94	31887677	0
31/10/2008	99.3	99.3	99.3	99.3	19412571	0
03/11/2008	105.4	105.4	105.4	105.4	23284482	0
04/11/2008	116	116	116	116	22057540	0
05/11/2008	113.7	113.7	113.7	113.7	23270320	0
06/11/2008	103.5	103.5	103.5	103.5	25821053	0
07/11/2008	104.3	104.3	104.3	104.3	11031730	0
10/11/2008	107.7	107.7	107.7	107.7	13254783	0
11/11/2008	99.2	99.2	99.2	99.2	13800071	0
12/11/2008	96.8	96.8	96.8	96.8	14775528	0
13/11/2008	90	90	90	90	10470586	0
14/11/2008	86.5	86.5	86.5	86.5	14582970	0
17/11/2008	74.5	74.5	74.5	74.5	22550063	0
18/11/2008	63	63	63	63	37881635	0
19/11/2008	64.3	64.3	64.3	64.3	20808314	0
20/11/2008	72	72	72	72	21654161	0
21/11/2008	73.3	73.3	73.3	73.3	20239474	0
24/11/2008	86	86	86	86	22125881	0
25/11/2008	97	97	97	97	28070935	0
26/11/2008	90.5	90.5	90.5	90.5	11192917	0
27/11/2008	93	93	93	93	8388800	0
28/11/2008	91.3	91.3	91.3	91.3	11423082	0
01/12/2008	87	87	87	87	11567083	0
02/12/2008	90.5	90.5	90.5	90.5	16162037	0
03/12/2008	87.1	87.1	87.1	87.1	13323203	0
04/12/2008	93.5	93.5	93.5	93.5	27674447	0
05/12/2008	86.7	86.7	86.7	86.7	11117098	0
08/12/2008	92.5	92.5	92.5	92.5	13987196	0
09/12/2008	90.8	90.8	90.8	90.8	12574541	0
10/12/2008	89.9	89.9	89.9	89.9	16868691	0
11/12/2008	87.6	87.6	87.6	87.6	30830984	0
12/12/2008	67.5	67.5	67.5	67.5	62749125	0
15/12/2008	70.7	70.7	70.7	70.7	22606628	0
16/12/2008	71.9	71.9	71.9	71.9	19030349	0
17/12/2008	67.8	67.8	67.8	67.8	21380489	0
18/12/2008	64.5	64.5	64.5	64.5	37452086	0
19/12/2008	64.2	64.2	64.2	64.2	24877320	0
22/12/2008	65.1	65.1	65.1	65.1	16178835	0
23/12/2008	65.2	65.2	65.2	65.2	14609441	0
24/12/2008	67.8	67.8	67.8	67.8	4615689	0
29/12/2008	70.6	70.6	70.6	70.6	14914205	0
30/12/2008	69	69	69	69	10156213	0
31/12/2008	69	69	69	69	8513765	0
02/01/2009	72.5	72.5	72.5	72.5	5502659	0
05/01/2009	65.8	65.8	65.8	65.8	19453739	0
06/01/2009	68.9	68.9	68.9	68.9	23675164	0
07/01/2009	72.7	72.7	72.7	72.7	34742788	0
08/01/2009	74	74	74	74	28840105	0
09/01/2009	79.8	79.8	79.8	79.8	31841878	0
12/01/2009	84.1	84.1	84.1	84.1	26695802	0
13/01/2009	81	81	81	81	27428700	0
14/01/2009	70.1	70.1	70.1	70.1	18828688	0
15/01/2009	0	0	0	0	0	0
16/01/2009	0	0	0	0	0	0
19/01/2009	0	0	0	0	0	0
20/01/2009	0	0	0	0	0	0
21/01/2009	0	0	0	0	0	0
22/01/2009	0	0	0	0	0	0
23/01/2009	0	0	0	0	0	0
26/01/2009	0	0	0	0	0	0
27/01/2009	0	0	0	0	0	0
28/01/2009	0	0	0	0	0	0
29/01/2009	0	0	0	0	0	0
30/01/2009	0	0	0	0	0	0
02/02/2009	0	0	0	0	0	0
03/02/2009	0	0	0	0	0	0
04/02/2009	0	0	0	0	0	0
05/02/2009	0	0	0	0	0	0
06/02/2009	0	0	0	0	0	0
09/02/2009	0	0	0	0	0	0
10/02/2009	0	0	0	0	0	0
11/02/2009	0	0	0	0	0	0
12/02/2009	0	0	0	0	0	0
13/02/2009	0	0	0	0	0	0
16/02/2009	0	0	0	0	0	0
17/02/2009	0	0	0	0	0	0
18/02/2009	0	0	0	0	0	0
19/02/2009	0	0	0	0	0	0
20/02/2009	0	0	0	0	0	0
23/02/2009	0	0	0	0	0	0
24/02/2009	0	0	0	0	0	0
25/02/2009	0	0	0	0	0	0
26/02/2009	0	0	0	0	0	0
27/02/2009	0	0	0	0	0	0
02/03/2009	0	0	0	0	0	0
03/03/2009	0	0	0	0	0	0
04/03/2009	0	0	0	0	0	0
05/03/2009	0	0	0	0	0	0
06/03/2009	0	0	0	0	0	0
09/03/2009	0	0	0	0	0	0
10/03/2009	0	0	0	0	0	0
11/03/2009	0	0	0	0	0	0
12/03/2009	0	0	0	0	0	0
13/03/2009	0	0	0	0	0	0
16/03/2009	0	0	0	0	0	0
17/03/2009	0	0	0	0	0	0
18/03/2009	0	0	0	0	0	0
19/03/2009	0	0	0	0	0	0
20/03/2009	0	0	0	0	0	0
23/03/2009	0	0	0	0	0	0
24/03/2009	0	0	0	0	0	0
25/03/2009	0	0	0	0	0	0
26/03/2009	0	0	0	0	0	0
27/03/2009	0	0	0	0	0	0
30/03/2009	0	0	0	0	0	0
31/03/2009	0	0	0	0	0	0
01/04/2009	0	0	0	0	0	0
02/04/2009	0	0	0	0	0	0
03/04/2009	0	0	0	0	0	0
06/04/2009	0	0	0	0	0	0
07/04/2009	0	0	0	0	0	0
08/04/2009	0	0	0	0	0	0
09/04/2009	0	0	0	0	0	0
14/04/2009	0	0	0	0	0	0
15/04/2009	0	0	0	0	0	0
16/04/2009	0	0	0	0	0	0
17/04/2009	0	0	0	0	0	0
20/04/2009	0	0	0	0	0	0
21/04/2009	0	0	0	0	0	0
22/04/2009	0	0	0	0	0	0
23/04/2009	0	0	0	0	0	0
24/04/2009	0	0	0	0	0	0
27/04/2009	0	0	0	0	0	0
28/04/2009	0	0	0	0	0	0
29/04/2009	0	0	0	0	0	0
30/04/2009	0	0	0	0	0	0
01/05/2009	0	0	0	0	0	0
05/05/2009	0	0	0	0	0	0
06/05/2009	0	0	0	0	0	0
07/05/2009	0	0	0	0	0	0
08/05/2009	0	0	0	0	0	0
11/05/2009	0	0	0	0	0	0
12/05/2009	0	0	0	0	0	0
13/05/2009	0	0	0	0	0	0
14/05/2009	0	0	0	0	0	0
15/05/2009	0	0	0	0	0	0
18/05/2009	0	0	0	0	0	0
19/05/2009	0	0	0	0	0	0
20/05/2009	0	0	0	0	0	0
21/05/2009	0	0	0	0	0	0
22/05/2009	0	0	0	0	0	0
26/05/2009	0	0	0	0	0	0
27/05/2009	0	0	0	0	0	0
28/05/2009	0	0	0	0	0	0
29/05/2009	0	0	0	0	0	0
01/06/2009	0	0	0	0	0	0
02/06/2009	0	0	0	0	0	0
03/06/2009	0	0	0	0	0	0
04/06/2009	0	0	0	0	0	0
05/06/2009	0	0	0	0	0	0
08/06/2009	0	0	0	0	0	0
09/06/2009	0	0	0	0	0	0
10/06/2009	0	0	0	0	0	0
11/06/2009	0	0	0	0	0	0
12/06/2009	0	0	0	0	0	0
15/06/2009	0	0	0	0	0	0
16/06/2009	0	0	0	0	0	0
17/06/2009	0	0	0	0	0	0
18/06/2009	0	0	0	0	0	0
19/06/2009	0	0	0	0	0	0
22/06/2009	0	0	0	0	0	0
23/06/2009	0	0	0	0	0	0
24/06/2009	0	0	0	0	0	0
25/06/2009	0	0	0	0	0	0
26/06/2009	0	0	0	0	0	0
29/06/2009	0	0	0	0	0	0
30/06/2009	0	0	0	0	0	0
01/07/2009	0	0	0	0	0	0
02/07/2009	0	0	0	0	0	0
03/07/2009	0	0	0	0	0	0
06/07/2009	0	0	0	0	0	0
07/07/2009	0	0	0	0	0	0
08/07/2009	0	0	0	0	0	0
09/07/2009	0	0	0	0	0	0
10/07/2009	0	0	0	0	0	0
13/07/2009	0	0	0	0	0	0
14/07/2009	0	0	0	0	0	0
15/07/2009	0	0	0	0	0	0
16/07/2009	0	0	0	0	0	0
17/07/2009	0	0	0	0	0	0
20/07/2009	0	0	0	0	0	0
21/07/2009	0	0	0	0	0	0
22/07/2009	0	0	0	0	0	0
23/07/2009	0	0	0	0	0	0
24/07/2009	0	0	0	0	0	0
27/07/2009	0	0	0	0	0	0
28/07/2009	0	0	0	0	0	0
29/07/2009	0	0	0	0	0	0
30/07/2009	0	0	0	0	0	0
31/07/2009	0	0	0	0	0	0
03/08/2009	0	0	0	0	0	0
04/08/2009	0	0	0	0	0	0
05/08/2009	0	0	0	0	0	0
06/08/2009	0	0	0	0	0	0
07/08/2009	0	0	0	0	0	0
10/08/2009	0	0	0	0	0	0
11/08/2009	0	0	0	0	0	0
12/08/2009	0	0	0	0	0	0
13/08/2009	0	0	0	0	0	0
14/08/2009	0	0	0	0	0	0
17/08/2009	0	0	0	0	0	0
18/08/2009	0	0	0	0	0	0
19/08/2009	0	0	0	0	0	0
20/08/2009	0	0	0	0	0	0
21/08/2009	0	0	0	0	0	0
24/08/2009	0	0	0	0	0	0
25/08/2009	0	0	0	0	0	0
26/08/2009	0	0	0	0	0	0
27/08/2009	0	0	0	0	0	0
28/08/2009	0	0	0	0	0	0
01/09/2009	0	0	0	0	0	0
02/09/2009	0	0	0	0	0	0
03/09/2009	0	0	0	0	0	0
04/09/2009	0	0	0	0	0	0
07/09/2009	0	0	0	0	0	0
08/09/2009	0	0	0	0	0	0
09/09/2009	0	0	0	0	0	0
10/09/2009	0	0	0	0	0	0
11/09/2009	0	0	0	0	0	0
14/09/2009	0	0	0	0	0	0
15/09/2009	0	0	0	0	0	0
16/09/2009	0	0	0	0	0	0
17/09/2009	0	0	0	0	0	0
18/09/2009	0	0	0	0	0	0
21/09/2009	0	0	0	0	0	0
22/09/2009	0	0	0	0	0	0
23/09/2009	0	0	0	0	0	0
24/09/2009	0	0	0	0	0	0
25/09/2009	0	0	0	0	0	0
28/09/2009	0	0	0	0	0	0
29/09/2009	0	0	0	0	0	0
30/09/2009	0	0	0	0	0	0
01/10/2009	0	0	0	0	0	0
02/10/2009	0	0	0	0	0	0
05/10/2009	0	0	0	0	0	0
06/10/2009	0	0	0	0	0	0
07/10/2009	0	0	0	0	0	0
08/10/2009	0	0	0	0	0	0
09/10/2009	0	0	0	0	0	0
12/10/2009	0	0	0	0	0	0
13/10/2009	0	0	0	0	0	0
14/10/2009	0	0	0	0	0	0
15/10/2009	0	0	0	0	0	0
16/10/2009	0	0	0	0	0	0
19/10/2009	0	0	0	0	0	0
20/10/2009	0	0	0	0	0	0
21/10/2009	0	0	0	0	0	0
22/10/2009	0	0	0	0	0	0
23/10/2009	0	0	0	0	0	0
26/10/2009	0	0	0	0	0	0
27/10/2009	0	0	0	0	0	0
28/10/2009	0	0	0	0	0	0
29/10/2009	0	0	0	0	0	0
30/10/2009	0	0	0	0	0	0
02/11/2009	0	0	0	0	0	0
03/11/2009	0	0	0	0	0	0
04/11/2009	0	0	0	0	0	0
05/11/2009	0	0	0	0	0	0
06/11/2009	0	0	0	0	0	0
09/11/2009	0	0	0	0	0	0
10/11/2009	0	0	0	0	0	0
11/11/2009	0	0	0	0	0	0
12/11/2009	0	0	0	0	0	0
13/11/2009	0	0	0	0	0	0
16/11/2009	0	0	0	0	0	0
17/11/2009	0	0	0	0	0	0
18/11/2009	0	0	0	0	0	0
19/11/2009	0	0	0	0	0	0
20/11/2009	0	0	0	0	0	0
23/11/2009	0	0	0	0	0	0
24/11/2009	0	0	0	0	0	0
25/11/2009	0	0	0	0	0	0
26/11/2009	0	0	0	0	0	0
27/11/2009	0	0	0	0	0	0
30/11/2009	0	0	0	0	0	0
01/12/2009	0	0	0	0	0	0
02/12/2009	0	0	0	0	0	0
03/12/2009	0	0	0	0	0	0
04/12/2009	0	0	0	0	0	0
07/12/2009	0	0	0	0	0	0
08/12/2009	0	0	0	0	0	0
09/12/2009	0	0	0	0	0	0
10/12/2009	0	0	0	0	0	0
11/12/2009	0	0	0	0	0	0
14/12/2009	0	0	0	0	0	0
15/12/2009	0	0	0	0	0	0
16/12/2009	0	0	0	0	0	0
17/12/2009	0	0	0	0	0	0
18/12/2009	0	0	0	0	0	0
21/12/2009	0	0	0	0	0	0
22/12/2009	0	0	0	0	0	0
23/12/2009	0	0	0	0	0	0
24/12/2009	0	0	0	0	0	0
29/12/2009	0	0	0	0	0	0
30/12/2009	0	0	0	0	0	0
31/12/2009	0	0	0	0	0	0
