Date	Open	High	Low	Close	Volume	Adj Close
03/01/2006	935	938.5	930	932.5	53269200	653.86
04/01/2006	935	936	929.5	933	56364000	654.21
05/01/2006	934	943	931	939	91605900	658.41
06/01/2006	941.5	949	941.5	946.5	82164700	663.67
09/01/2006	952	970.5	949.5	969	123974800	679.45
10/01/2006	961	963.5	958	959	74309400	672.44
11/01/2006	963	969	960	961.5	41755300	674.19
12/01/2006	959.5	961.5	956.5	959.5	40388000	672.79
13/01/2006	958.5	959	953.5	956	17198500	670.33
16/01/2006	952.5	961.5	952.5	960	20515800	673.14
17/01/2006	951	956.5	947.5	951	38130100	666.83
18/01/2006	941	946.5	937	943	32205100	661.22
19/01/2006	953	959	951	954	26446900	668.93
20/01/2006	953.5	955	943	943	42002500	661.22
23/01/2006	933.5	933.5	922	931	54312900	652.8
24/01/2006	930.5	930.5	921	924	25885200	647.9
25/01/2006	929	929	921.5	929	23828100	651.4
26/01/2006	930.5	935.5	928	933	36000000	654.21
27/01/2006	938	942.5	936	938.5	23365700	658.06
30/01/2006	940	941	932	934	21079800	654.91
31/01/2006	933.5	941.5	930	934	34300400	654.91
01/02/2006	931.5	940.5	930.5	938	40050700	657.71
02/02/2006	939.5	941.5	929	930	43765300	652.1
03/02/2006	930.5	938	927.5	937	29198200	657.01
06/02/2006	942	946.5	940	943	27153100	661.22
07/02/2006	942	949.5	942	947	34473900	664.02
08/02/2006	943	947.5	941	946.5	25821200	663.67
09/02/2006	947	955.5	947	951	28507700	666.83
10/02/2006	948.5	950.5	940	943.5	33013200	661.57
13/02/2006	945.5	949	941.5	946.5	30752400	663.67
14/02/2006	950	959.5	948	956.5	33713500	670.68
15/02/2006	955.5	956.5	949.5	954	33570300	668.93
16/02/2006	956.5	963.5	954	963	37753800	675.24
17/02/2006	962	962.5	956.5	957	30050300	671.04
20/02/2006	957	960	953	957	15116000	671.04
21/02/2006	961.5	962	956	958.5	22119100	672.09
22/02/2006	956.5	964	953.5	962	17153200	674.54
23/02/2006	964.5	972.5	962	965	48695200	676.65
24/02/2006	969.5	982.5	969	980	50278600	687.16
27/02/2006	985	992.5	984.5	989.5	34002400	693.82
28/02/2006	993.5	994	971.5	974	52447000	682.96
01/03/2006	978	982.5	973	982	31210200	688.57
02/03/2006	980	988.5	974	979.5	44491700	686.81
03/03/2006	977	978	969	975	35421200	683.66
06/03/2006	970	998	969.5	989.5	108271200	693.82
07/03/2006	982	991	979.5	989.5	80469900	693.82
08/03/2006	984	986	978	983	42142600	689.27
09/03/2006	988	991	985.5	987	46282700	692.07
10/03/2006	985	995.5	981.5	995	35956800	697.68
13/03/2006	994	997	991.5	992.5	44355900	695.93
14/03/2006	988	991	983	984	37077900	689.97
15/03/2006	987.5	990	984	984	29228200	689.97
16/03/2006	981	983	972.5	979.5	45982700	686.81
17/03/2006	981	988	977.5	985	106717700	690.67
20/03/2006	988	988	980	981.5	37770700	688.21
21/03/2006	982.5	988	979.5	988	43031000	692.77
22/03/2006	967.5	970	963	965	34649000	698.56
23/03/2006	970	971	964.5	969.5	29729700	701.82
24/03/2006	968.5	971.5	965	966	24462800	699.29
27/03/2006	966.5	967	955	955	40235400	691.32
28/03/2006	958	961	954	955	60834700	691.32
29/03/2006	956.5	962.5	955	958	34296700	693.5
30/03/2006	961	965	959.5	963	42103500	697.12
31/03/2006	962	970.5	959.5	965	43310300	698.56
03/04/2006	977	982	975	975.5	47508300	706.16
04/04/2006	973	973	964.5	968	33742000	700.74
05/04/2006	969.5	974	961	973	33164900	704.35
06/04/2006	973.5	976	969.5	970.5	32887000	702.55
07/04/2006	972.5	976	970	970	39554300	702.18
10/04/2006	970	972.5	968	972	27096600	703.63
11/04/2006	970.5	972	962.5	963	31601400	697.12
12/04/2006	964	964	958.5	961	19022900	695.67
13/04/2006	962.5	970	962.5	966.5	23926400	699.65
14/04/2006	966.5	966.5	966.5	966.5	0	699.65
17/04/2006	966.5	966.5	966.5	966.5	0	699.65
18/04/2006	963	966	957	959.5	25527000	694.58
19/04/2006	965	967.5	961.5	965.5	52928700	698.93
20/04/2006	967.5	973.5	965	971.5	40797000	703.27
21/04/2006	970	971	963.5	965	32110100	698.56
24/04/2006	958.5	958.5	950.5	954.5	22813400	690.96
25/04/2006	953.5	955.5	947	950.5	46133700	688.07
26/04/2006	953	959.5	952	954	31595300	690.6
27/04/2006	955.5	956.5	942.5	946	39097400	684.81
28/04/2006	946	951.5	940.5	947.5	53655800	685.9
01/05/2006	947.5	947.5	947.5	947.5	0	685.9
02/05/2006	953	969	950.5	967	61557000	700.01
03/05/2006	967	968.5	954.5	955	40018100	691.32
04/05/2006	960	970.5	958.5	961	60892000	695.67
05/05/2006	963.5	967	958.5	966	27729500	699.29
08/05/2006	970.5	984	970.5	979	51528700	708.7
09/05/2006	976	988	974	984	67952600	712.32
10/05/2006	982	988	979.5	984.5	55685400	712.68
11/05/2006	987	992	968.5	970	33181600	702.18
12/05/2006	966	966	949.5	951	41978400	688.43
15/05/2006	945.5	951.4	930.61	947	60290500	685.53
16/05/2006	944	966	939	963.5	92146900	697.48
17/05/2006	958	961.77	939.95	945	82660800	694.9
18/05/2006	950	951.61	936.13	941.5	49277200	692.33
19/05/2006	941.5	948.42	936.5	943	42497100	693.43
22/05/2006	938	943	912.89	914	60085900	672.11
23/05/2006	915	936	908.11	929.5	55387600	683.51
24/05/2006	923	927.5	915.5	924	43173000	679.46
25/05/2006	926.5	931	919	928.5	27427300	682.77
26/05/2006	933	945.11	921	944	42920100	694.17
29/05/2006	944	944	944	944	0	694.17
30/05/2006	936	968	911.39	913.5	59216000	671.74
31/05/2006	910	934	905.5	929.5	59095000	683.51
01/06/2006	929.5	935	922	927.5	47467300	682.04
02/06/2006	933	938.83	924.61	926.5	31395600	681.3
05/06/2006	928	934.8	920.3	927.5	14767800	682.04
06/06/2006	921.5	931	919.49	923.5	30197100	679.09
07/06/2006	928	943.95	925	935.5	42272500	687.92
08/06/2006	923.5	933	921	923	61676800	678.73
09/06/2006	935	936.9	923	934	39797300	686.82
12/06/2006	934.5	941.7	933.47	935.5	30326500	687.92
13/06/2006	925	929.5	913.5	923	62148800	678.73
14/06/2006	924	940.1	919.5	931	46153100	684.61
15/06/2006	933	940	929	936.5	49766800	688.65
16/06/2006	944	945	935	937	60589300	689.02
19/06/2006	947	947	937.5	941.5	38321900	692.33
20/06/2006	935.5	937.5	927.5	937.5	29536000	689.39
21/06/2006	935.5	939	930	935	24379100	687.55
22/06/2006	942	948	941	946.5	21661200	696.01
23/06/2006	944.5	951.65	940.5	946	37311500	695.64
26/06/2006	948.5	948.85	939	941.5	71998700	692.33
27/06/2006	945.5	946.25	937	937	20667600	689.02
28/06/2006	938	951.05	937	939	23954900	690.49
29/06/2006	947	955.5	945.5	955.5	27739200	702.63
30/06/2006	959	961.5	947	951.5	52350800	699.68
03/07/2006	954	954	946.5	953	17169600	700.79
04/07/2006	952	957	947.5	955	20996800	702.26
05/07/2006	950	953	943	947.5	20090900	696.74
06/07/2006	951	967	948.5	966.5	43494600	710.71
07/07/2006	963	972	960.5	961.5	86901400	707.04
10/07/2006	967	972	961.5	968.5	20524200	712.18
11/07/2006	966	969.5	960	963	22354500	708.14
12/07/2006	965.5	970	961.5	965	26214200	709.61
13/07/2006	961	961	943.5	947	30835100	696.37
14/07/2006	943.5	948.5	940.5	942	23313200	692.7
17/07/2006	942.5	949	934.5	948.5	25872600	697.48
18/07/2006	948.5	953.5	945	948	37180600	697.11
19/07/2006	953.5	964	949	962.5	45609400	707.77
20/07/2006	965	965	955	956	27445100	702.99
21/07/2006	955	955.5	943	947	30989100	696.37
24/07/2006	949.5	968	949.5	967	29911900	711.08
25/07/2006	969.5	971	962	967.5	17219200	711.45
26/07/2006	967	978.5	966.5	969.5	38160700	712.92
27/07/2006	970.5	975	968.5	973	30888700	715.49
28/07/2006	973	978	966	974	76868200	716.23
31/07/2006	973	986	966	971	62263600	714.02
01/08/2006	970	971.5	956.5	960	35697800	705.93
02/08/2006	964	970	963	970	25563200	713.29
04/08/2006	957	963.5	954.5	956.5	38383200	703.36
07/08/2006	950	956	945	949.5	18421100	698.21
08/08/2006	953.5	959	949	950	31742700	698.58
09/08/2006	953.5	967	953.5	965.5	28280600	709.98
10/08/2006	956	962	949.5	957	33542700	703.73
11/08/2006	961	962	949	949.5	19899000	698.21
14/08/2006	956.5	964	954	961.5	32005500	707.04
15/08/2006	959	963	952.5	963	29423000	708.14
16/08/2006	960	961.5	953.5	958	30139800	715.61
17/08/2006	958	958	948	951.5	29944800	710.75
18/08/2006	954	963	953	953.5	29128700	712.25
21/08/2006	949	949.5	942	945	25997500	705.9
22/08/2006	947.5	952	939	947	30276200	707.39
23/08/2006	947	948.5	940	942	25860300	703.66
24/08/2006	944.5	944.5	938	942.5	28660100	704.03
25/08/2006	942.5	951.5	942	949	24591000	708.89
29/08/2006	954	960.5	948.5	953	22715400	711.88
30/08/2006	952	956	948	952	21097200	711.13
31/08/2006	952.5	959	951	953	41243400	711.88
01/09/2006	957	963	953	955.5	31626400	713.74
04/09/2006	953.5	964.5	953.5	963.5	19937000	719.72
05/09/2006	963	963	959	962	26181100	718.6
06/09/2006	956.5	957	952	955	30100400	713.37
07/09/2006	952	954	946.5	948.5	25429900	708.51
08/09/2006	952.5	956	948.5	954.5	18697000	713
11/09/2006	950.5	954	947.5	953	13437300	711.88
12/09/2006	956.5	959	952	957	43574700	714.86
13/09/2006	961	961.5	955	956	26008000	714.12
14/09/2006	960	960	947	950	33335200	709.63
15/09/2006	953	958	950	956	61632300	714.12
18/09/2006	956	959.5	955	957	35239900	714.86
19/09/2006	958.5	958.5	949	950	47595500	709.63
20/09/2006	955	962	953.5	959.5	59991200	716.73
21/09/2006	960	961.5	953.5	960	44931400	717.1
22/09/2006	957	957.5	950.5	952	23800300	711.13
25/09/2006	954	959	950	952.5	46888900	711.5
26/09/2006	954.5	959.5	950	956	27376000	714.12
27/09/2006	961.5	968	959	966	32561100	721.59
28/09/2006	967.5	975.5	966.5	973.5	27570100	727.19
29/09/2006	972.5	981.5	967	974.5	28538000	727.94
02/10/2006	975.5	976.5	965.5	968.5	18862900	723.45
03/10/2006	965	968	960	968	35896100	723.08
04/10/2006	967	978	963.5	977	35336000	729.8
05/10/2006	983	1000	983	999.5	111938200	746.61
06/10/2006	1000	1003	994	998.5	42983100	745.86
09/10/2006	995	995.5	990	994.5	35547400	742.88
11/10/2006	1010	1010.5	1000	1008	37823300	752.96
12/10/2006	1010	1015	1004	1012	23504900	755.95
13/10/2006	1013.5	1021	1005.5	1017	34985700	759.68
16/10/2006	1014	1019.5	1011	1015.5	40389900	758.56
17/10/2006	1013	1015.5	1002.5	1006	33643800	751.47
18/10/2006	1008	1015	1004	1013.5	42399500	757.07
19/10/2006	1008	1012	999.5	1001.5	26074800	748.1
20/10/2006	1006	1009.5	997.5	1004	42440400	749.97
23/10/2006	1006	1011	1003.5	1008	24276500	752.96
24/10/2006	1009.5	1013	1005	1006.5	52087800	751.84
25/10/2006	1004.5	1009	1002	1005	18811100	750.72
26/10/2006	1007.5	1009.5	1000.5	1005	42333100	750.72
27/10/2006	1004	1006	996	999	31472700	746.24
30/10/2006	994.5	1000	992.5	994	30681900	742.5
31/10/2006	992	1000	991.5	994	31303500	742.5
01/11/2006	1000	1015	1000	1010	47236700	754.45
02/11/2006	1012	1015	1006	1010	25503000	754.45
03/11/2006	1011	1022	1007	1015.5	29069800	758.56
06/11/2006	1015	1028.5	1014	1028	31760100	767.9
07/11/2006	1023.5	1028	1020.5	1022.5	50643500	763.79
08/11/2006	1018	1022.5	1015	1021.5	48845400	763.04
09/11/2006	1019.5	1021.5	1015.5	1020	20860800	761.92
10/11/2006	1017	1017	1006.5	1008	26195800	752.96
13/11/2006	1007.5	1019	988.5	999	79315900	746.24
14/11/2006	999	1002.5	989	992.5	59888400	741.38
15/11/2006	996	999.5	988.5	997.5	61114200	745.12
16/11/2006	995	1000	990	994.5	40217700	742.88
17/11/2006	1001	1002.5	989	991	48741300	740.26
20/11/2006	984	990	980.5	987	40527300	737.27
21/11/2006	989.5	994.5	986	988	64682400	738.02
22/11/2006	983	988.5	978	980	46972100	743.33
23/11/2006	983	983	974	976	21023100	740.3
24/11/2006	976	978.5	962.5	968	41398700	734.23
27/11/2006	961	966.5	954	955.5	61005600	724.75
28/11/2006	950	951.5	943.5	945.5	52723100	717.16
29/11/2006	950	951	941.5	949	62993800	719.82
30/11/2006	950	951	934.5	938	117318400	711.47
01/12/2006	940.5	942.5	927	929	71672800	704.65
04/12/2006	935	940.5	930	937	58395900	710.71
05/12/2006	937	946	913.5	923	151839900	700.09
06/12/2006	921.5	923.5	916	918	85557100	696.3
07/12/2006	919	925	917.5	919	47813900	697.06
08/12/2006	920.5	922.5	909.5	915.5	59252200	694.41
11/12/2006	921.5	924.5	918.5	923	54494700	700.09
12/12/2006	920	925.5	914.5	920	65228500	697.82
13/12/2006	917.5	922	915	919	40577700	697.06
14/12/2006	922	929	916.5	926	42856000	702.37
15/12/2006	930	934	926.5	931	100678100	706.16
18/12/2006	931.5	936	931	933.5	36478000	708.06
19/12/2006	928	931	923.5	927	42215800	703.13
20/12/2006	931.5	932.5	921	925	45771400	701.61
21/12/2006	925	926.5	920.5	924	32281500	700.85
22/12/2006	923.5	926.5	917.5	924	11045400	700.85
27/12/2006	928	935	924	929	17369000	704.65
28/12/2006	934.5	935.5	929	931	17057700	706.16
29/12/2006	931.5	937.5	926.5	931	23180600	706.16
02/01/2007	933.5	943	932	939	22419400	712.23
03/01/2007	942	953	941	953	40333700	722.85
04/01/2007	946.5	948.5	940.5	943.5	51511300	715.64
05/01/2007	945	949	940.5	941	46348000	713.75
08/01/2007	940.5	942	932	932	40375400	706.92
09/01/2007	933	934	923	924	79950700	700.85
10/01/2007	922	927.5	916.5	922.5	54864800	699.72
11/01/2007	921.5	924.5	909	924	80034200	700.85
12/01/2007	922	923.5	913	918.5	73405700	696.68
15/01/2007	919.5	923.5	913.5	917.5	33338000	695.92
16/01/2007	918.5	921.5	911.5	914.5	45289000	693.65
17/01/2007	916.5	919	909	913.5	46695500	692.89
18/01/2007	915.5	926.5	914	919.5	59664900	697.44
19/01/2007	924.5	936.5	924.5	932.5	75006000	707.3
22/01/2007	940	943	928	930.5	46606100	705.78
23/01/2007	932.5	934.5	923	929	60272200	704.65
24/01/2007	932.5	942	926.5	939	54286800	712.23
25/01/2007	938	946.5	933.5	936	56854500	709.96
26/01/2007	933	936.5	929.5	931.5	45584100	706.54
29/01/2007	930	939	927.5	935	34343000	709.2
30/01/2007	935	935.5	929	935	30627700	709.2
31/01/2007	930	936	924.5	925	46606000	701.61
01/02/2007	933	936.5	929	932.5	48156200	707.3
02/02/2007	933.5	939.5	932.5	935	33015800	709.2
05/02/2007	935	936.5	928.5	935	24277300	709.2
06/02/2007	936.5	938.5	932.5	934	52136200	708.44
07/02/2007	932	934.5	928	931	47002700	706.16
08/02/2007	910	919	906.5	917	120106800	695.54
09/02/2007	917	922	912.5	920	50029200	697.82
12/02/2007	916.5	922	915	915.5	44205900	694.41
13/02/2007	916	920	912	920	35320700	697.82
14/02/2007	919.5	920	913	919.5	43052200	697.44
15/02/2007	917.5	918.5	911.5	915	67311200	694.03
16/02/2007	914	916	908.5	914	47191800	693.27
20/02/2007	910	914.5	909	911.5	30023900	691.37
21/02/2007	911.5	915.5	908.5	908.5	50803800	689.1
22/02/2007	911.5	913	906.5	907	64442600	687.96
23/02/2007	906	906	897.5	899	62633100	681.89
26/02/2007	900	904.5	898.5	903.5	41362000	685.3
27/02/2007	898	902	889.5	893.5	68356000	677.72
28/02/2007	887.5	901.5	886	891	98568900	675.82
01/03/2007	891	892.5	876.5	884	96269500	670.51
02/03/2007	888	893.5	881	886	85018000	672.03
05/03/2007	879	903.5	876.5	896	111541300	679.62
06/03/2007	902	903.5	895.5	902.5	71831900	684.55
07/03/2007	900.5	906	898	904	56662300	685.68
08/03/2007	906.5	915	905	912	47259900	691.75
09/03/2007	909.5	913.5	905.5	910	89288300	690.23
12/03/2007	911.5	912.5	907	911	32620200	690.99
13/03/2007	909	911	902.5	902.5	77655600	684.55
14/03/2007	893	896.5	877	880	161739400	667.48
15/03/2007	888	889	879	886	70173300	672.03
16/03/2007	881.5	882.5	872	880	104180700	667.48
19/03/2007	888	889.5	882	886	42648200	672.03
20/03/2007	886	898	882.5	898	78549800	681.13
21/03/2007	880	887	875	881	80874800	696.15
22/03/2007	891	898	889.5	898	134867000	709.58
23/03/2007	900	905.5	894.5	898	75831500	709.58
26/03/2007	901	901	885	887.5	77568300	701.28
27/03/2007	891.5	892.5	883	884.5	51387000	698.91
28/03/2007	883	885	877	882	41726800	696.94
29/03/2007	883.5	890	881	886	34030600	700.1
30/03/2007	888	893.5	886	889.5	82684000	702.86
02/04/2007	886.5	888.5	882	886.5	40889100	700.49
03/04/2007	888.5	891	883.5	890	36258000	703.26
04/04/2007	892.5	894.5	888	892	34363600	704.84
05/04/2007	892.5	908.5	888.5	904	76629300	714.32
10/04/2007	903.5	908.5	901	904	69644400	714.32
11/04/2007	902	909.5	901.5	905.5	72383300	715.5
12/04/2007	904.5	910.5	904	908	73219000	717.48
13/04/2007	906.5	919	906.5	919	122533600	726.17
16/04/2007	921	935	919.5	927.5	119422900	732.89
17/04/2007	926.5	926.5	918	922	88802900	728.54
18/04/2007	919.5	922.5	917	921	67748200	727.75
19/04/2007	915	923	915	922	71327300	728.54
20/04/2007	923.5	931.5	923	929.5	67384700	734.47
23/04/2007	931	931.5	922	924	43916700	730.12
24/04/2007	925	926.5	917.5	921	80544000	727.75
26/04/2007	930	931	924.5	928	53168600	733.28
27/04/2007	928	929.5	921	925.5	43627900	731.31
30/04/2007	923	930	921.5	928	35577800	733.28
01/05/2007	925	927	917.5	925	29326800	730.91
02/05/2007	930	937.5	927	933.5	37735600	737.63
03/05/2007	944.5	948	937.5	945.5	79034700	747.11
04/05/2007	944	946.5	938	943.5	20207600	745.53
08/05/2007	939.5	940	932	939.5	28717500	742.37
09/05/2007	940	945.5	930	938	33023400	741.19
10/05/2007	935	943.5	932.5	937	37524300	740.4
11/05/2007	936	958	931	955.5	177389800	755.01
14/05/2007	953.5	953.5	944.5	950	45353600	750.67
15/05/2007	946	947.5	940	947.5	98489800	748.69
16/05/2007	938	938	928	933.5	61401900	751.11
17/05/2007	936.5	938.5	934	938.5	44254600	755.13
18/05/2007	935	943.5	933	937.5	45402100	754.32
21/05/2007	938.5	940	933	936	50107200	753.12
22/05/2007	938	939	929	930.5	69828800	748.69
23/05/2007	935	938.5	931	931.5	45959100	749.5
24/05/2007	930	935	927	930	58082100	748.29
25/05/2007	927.5	933.5	925.5	931	51548200	749.09
29/05/2007	930.5	935.5	927	934.5	24743800	751.91
30/05/2007	930	934.5	929	934.5	24318700	751.91
31/05/2007	938	939	931	934	32216700	751.51
04/06/2007	931.5	933.5	925.5	930.5	21255800	748.69
05/06/2007	930.5	930.5	924.5	925.5	36894700	744.67
06/06/2007	928	931.5	922.5	925	70846900	744.27
07/06/2007	927	931	924.5	926.5	83140000	745.47
08/06/2007	926.5	934.5	925	930.5	53692100	748.69
11/06/2007	935.5	938.5	932	935	36700400	752.31
12/06/2007	932	934.5	927	930	32100300	748.29
13/06/2007	928.5	932	924	928.5	51682800	747.08
14/06/2007	933.5	935.5	928	932	46069800	749.9
15/06/2007	932	934	928.5	934	78854700	751.51
18/06/2007	931.5	934	928	930.5	55265900	748.69
19/06/2007	928.5	933	925	925	48443600	744.27
20/06/2007	933.5	942.5	932	933.5	92503600	751.11
21/06/2007	933.5	935	925	929.5	47862500	747.89
22/06/2007	932	933	923.5	926	41020400	745.07
25/06/2007	924.5	927.5	919.5	925.5	30905000	744.67
26/06/2007	922.5	925	915.5	917.5	66481400	738.23
27/06/2007	916.5	919	912	916.5	58044400	737.43
28/06/2007	918.5	918.5	910.5	915	50750500	736.22
29/06/2007	915	915	906	915	59458000	736.22
02/07/2007	912.5	913	905.5	907	72827900	729.78
03/07/2007	910	912	906.5	910	38516700	732.2
04/07/2007	908.5	913.5	905.5	911.5	24192400	733.4
05/07/2007	910	911	906.5	909.5	30934800	731.8
06/07/2007	919.5	922	912.5	916.5	54557400	737.43
09/07/2007	920	923	913	914.5	32076800	735.82
10/07/2007	920.5	923	908	910.5	60790600	732.6
11/07/2007	905.5	907.5	897	905	66801000	728.17
12/07/2007	906	910	901.5	910	52361900	732.2
13/07/2007	915.5	915.5	908	913	40242500	734.61
16/07/2007	913.5	916	910	915.5	32438500	736.62
17/07/2007	915	915	909	911.5	35823500	733.4
18/07/2007	905	910.5	901.5	901.5	38278700	725.36
19/07/2007	907	914.5	903	906.5	69361600	729.38
20/07/2007	905.5	908	893.5	895	49343300	720.13
23/07/2007	899	903.5	898	901.5	29222000	725.36
24/07/2007	899.5	901	885	887	57123100	713.69
25/07/2007	889	897	885.5	886	86798000	712.89
26/07/2007	891	892.5	870	870	85808700	700.01
27/07/2007	874.5	892	874	880.5	91259300	708.46
30/07/2007	888.5	908.5	884	892.5	132982000	718.12
31/07/2007	906	919.5	903.5	914	108089600	735.42
01/08/2007	899	908.5	895.5	900.5	92099300	724.55
02/08/2007	904.5	912	902	908.5	50053400	730.99
03/08/2007	908.5	908.5	896	900	46935100	724.15
06/08/2007	889	901.5	887.5	898	45669000	722.54
07/08/2007	904.5	911	901	911	60346300	733
08/08/2007	915.5	919	911.5	917	48738500	737.83
09/08/2007	913	914	901.5	905	75697600	728.17
10/08/2007	897	897.5	872.5	880	107989800	708.06
13/08/2007	888	902.5	888	900	62614800	724.15
15/08/2007	885	888	880.5	883.5	75156600	724.56
16/08/2007	874	876.5	861.5	861.5	94990100	706.52
17/08/2007	860.5	908	858.5	902	125059400	739.73
20/08/2007	898	904.5	891	894	54820400	733.17
21/08/2007	898	899	889	896	48178900	734.81
22/08/2007	900	907	898	907	49363500	743.83
23/08/2007	906.5	909.5	895.5	897.5	62591100	736.04
24/08/2007	898.5	903.5	895.5	898	35632900	736.45
28/08/2007	894	897	879.5	881	50486100	722.51
29/08/2007	883	887.5	876.5	882.5	40148700	723.74
30/08/2007	886.5	888	875.5	886	37892600	726.61
31/08/2007	891	897.5	885.5	897	41563800	735.63
03/09/2007	893.5	900.5	889.5	897	35997200	735.63
04/09/2007	890.5	898.5	887.5	898	39049400	736.45
05/09/2007	895.5	896	881.5	881.5	39573800	722.92
06/09/2007	883	887	872	887	41167800	727.43
07/09/2007	889	891.5	870.5	873	78907100	715.95
10/09/2007	874	881	867.5	870	38952500	713.49
11/09/2007	875.5	883	873	882	32456000	723.33
12/09/2007	878.5	881	872	879.5	26215200	721.28
13/09/2007	882	891.5	879	886.5	42188600	727.02
14/09/2007	882	893.5	878	888	60384000	728.25
17/09/2007	886.5	887.5	879	882	45571100	723.33
18/09/2007	882	898	882	896.5	62837400	735.22
19/09/2007	908.5	922.5	904	914	122736000	749.57
20/09/2007	912.5	912.5	903.5	909	51712500	745.47
21/09/2007	906	912.5	905	910.5	90062100	746.7
24/09/2007	909.5	912	903.5	906.5	37500700	743.42
25/09/2007	905	912	905	909	66963700	745.47
26/09/2007	913	921.5	911.5	914	48316900	749.57
27/09/2007	916	920	910.5	913	74095700	748.75
28/09/2007	909.5	910	899.5	904.5	58022900	741.78
01/10/2007	899	906	895.5	905.5	56256900	742.6
02/10/2007	911	919	908.5	911.5	78223200	747.52
03/10/2007	934	944.5	925.5	935.5	132317200	767.21
04/10/2007	943.5	958.5	940	952.5	84389400	781.15
05/10/2007	955	966	954	961.5	89103500	788.53
08/10/2007	957.5	957.5	943.5	944	73651100	774.18
09/10/2007	944.5	953.5	940.5	948	40933300	777.46
10/10/2007	949	949	939	944	51715000	774.18
11/10/2007	949	967	949	961.5	62374600	788.53
12/10/2007	955.5	958.5	945	953	45568200	781.56
15/10/2007	962	972	951.5	954	58086200	782.38
16/10/2007	948.5	953.5	944	949.5	63520400	778.69
17/10/2007	945.5	964	945	964	49595700	790.58
18/10/2007	958.5	963.5	937	943	64199200	773.36
19/10/2007	933	934	921.5	923.5	61865300	757.37
22/10/2007	914.5	923	909.5	923	43492700	756.96
23/10/2007	933	933	915	918.5	53146400	753.27
24/10/2007	918.5	919.5	901	909	64179900	745.47
25/10/2007	914.5	917	905.5	908.5	48342800	745.06
26/10/2007	915.5	932	910	922.5	51880100	756.55
29/10/2007	939	939.5	931	938	33167600	769.26
30/10/2007	938	944.5	933.5	941	42262200	771.72
31/10/2007	943	956.5	941.5	951	61830700	779.92
01/11/2007	945.5	945.5	917.5	925	56202800	758.6
02/11/2007	918	921	894.5	906	66170500	743.01
05/11/2007	897	899	881	892	49667400	731.53
06/11/2007	901.5	906	886.5	889	40818700	729.07
07/11/2007	893	896.5	867.5	875	44161600	717.59
08/11/2007	866	872	850.5	852	72370800	698.73
09/11/2007	854	865.5	826	840.5	81533600	689.3
12/11/2007	838.5	849.5	831.5	849	73131600	696.27
13/11/2007	849.5	856	833.5	842.5	58514300	690.94
14/11/2007	855.5	886	852.5	866	99565600	710.21
15/11/2007	871	871	848	859.5	43318600	704.88
16/11/2007	854	860.5	844	844	47213000	692.17
19/11/2007	845	850	825	826	42375900	677.41
20/11/2007	835	840.5	822.5	834.5	61557900	684.38
21/11/2007	820	820	799	807.5	50520500	676
22/11/2007	807.5	818.5	798	817	31038500	683.96
23/11/2007	817	833	817	827	42162000	692.33
26/11/2007	825	829	806	811.5	45086200	679.35
27/11/2007	805.5	810	783.5	803	77487400	672.24
28/11/2007	805	821.5	790.5	819	69358700	685.63
29/11/2007	816	825	805.5	814	49890700	681.45
30/11/2007	816	838	811.5	830	70083100	694.84
03/12/2007	825	833	815.5	821.5	34506200	687.73
04/12/2007	818	819.5	803	806	59311700	674.75
05/12/2007	815	832	813	830	59989500	694.84
06/12/2007	846	863	841	844	77550000	706.56
07/12/2007	860	863	848.5	858.5	64753800	718.7
10/12/2007	845	860	844	856	42339000	716.61
11/12/2007	858	858	846.5	851.5	30511400	712.84
12/12/2007	843	863	840	853	62939500	714.1
13/12/2007	839	843	829	830.5	55807000	695.26
14/12/2007	835	845.5	831.5	839	37691700	702.38
17/12/2007	830.5	832.5	823	826	40998500	691.49
18/12/2007	830	839	828.5	828.5	38298500	693.59
19/12/2007	834	836.5	828	833.5	30651900	697.77
20/12/2007	838	845	837	842	36346600	704.89
21/12/2007	848	852	844.5	850.5	58444800	712
24/12/2007	842	857	842	856	7054900	716.61
27/12/2007	850.5	854	846.5	849.5	17270100	711.17
28/12/2007	839.5	845	837.5	844.5	13354600	706.98
31/12/2007	848	849	838	842	4984100	704.89
02/01/2008	844	850.5	832	835	24267900	699.03
03/01/2008	835	841	830.5	838.5	29841200	701.96
04/01/2008	842.5	849	823	827.5	38257400	692.75
07/01/2008	831.5	838	826.5	833	35422000	697.35
08/01/2008	833.5	836	822	830.5	34815100	695.26
09/01/2008	828.5	836	826.5	828	55578900	693.17
10/01/2008	825.5	829.5	805	814	50122800	681.45
11/01/2008	810	815	795	813	53635000	680.61
14/01/2008	806.5	814.5	804	811	29944000	678.94
15/01/2008	795	798.5	771	772.5	66649700	646.7
16/01/2008	757	762.5	741	753.5	72659600	630.8
17/01/2008	770.5	779	755.5	759.5	59571400	635.82
18/01/2008	767	789	745.5	760.5	106357900	636.66
21/01/2008	745.5	749	704	712	63297400	596.06
22/01/2008	695	751	676	740	135852700	619.5
23/01/2008	762	766	738.5	755	124825700	632.05
24/01/2008	765	792.5	762	780.5	85581000	653.4
25/01/2008	781	790	765.5	771	53434200	645.45
28/01/2008	753.5	762	746.5	756	46610100	632.89
29/01/2008	762.5	773.5	757.5	766.5	48005300	641.68
30/01/2008	756	767	750	755	37609600	632.05
31/01/2008	749.5	757	717.5	751.5	65394200	629.12
01/02/2008	760	777.5	755.5	773.5	50223500	647.54
04/02/2008	780.5	785	774	778	27483900	651.31
05/02/2008	777	777	751	759	49265600	635.4
06/02/2008	752	756	737	747	42075300	625.36
07/02/2008	748.5	749	728.5	730.5	38551900	611.54
08/02/2008	738	739.5	722	737	32562600	616.99
11/02/2008	723.5	729.5	710	712.5	49608200	596.47
12/02/2008	721	745	710	745	58991800	623.68
13/02/2008	738	754	736	746	57812800	624.52
14/02/2008	753	756	740	747	39944100	625.36
15/02/2008	747.5	754	728	730	51498200	611.13
18/02/2008	738	754	737.5	753	29232600	630.38
19/02/2008	749	773	745.5	756	47149700	632.89
20/02/2008	744.5	753	738	745.5	36755500	624.1
21/02/2008	749	760.5	739	752	33874300	629.54
22/02/2008	749.5	768	746.5	753	39014200	630.38
25/02/2008	757.5	777	757.5	771	43268200	645.45
26/02/2008	779	800.5	777	798.5	58222000	668.47
27/02/2008	797.5	803	787	797.5	48277600	667.63
28/02/2008	794.5	809.5	780	780	42599000	652.98
29/02/2008	774.5	779.5	760.5	766	57555600	641.26
03/03/2008	767	800	750	790	118370000	661.35
04/03/2008	782	786	760	769	47112000	643.77
05/03/2008	780.5	791.5	778	788.5	40696600	660.1
06/03/2008	784.5	784.5	763.5	767	35110400	642.1
07/03/2008	752	772	748.5	758.5	55067000	634.98
10/03/2008	767.5	779	765.5	769.5	46352100	644.19
11/03/2008	782.5	812	779	790.5	93240700	661.77
12/03/2008	802	804	789	795.5	46663300	665.96
13/03/2008	776.5	781	765.5	777.5	57064700	650.89
14/03/2008	776	799.5	759.5	762.5	60989500	638.33
18/03/2008	768	802	763.5	800	85864200	669.73
19/03/2008	785	812	767	799	96836300	703.17
20/03/2008	789	812	787.5	806.5	91327800	709.77
25/03/2008	835	841	824.5	827	84736700	727.81
26/03/2008	817	822.5	812.5	812.5	40836900	715.05
27/03/2008	812	830.5	809	821	38565500	722.53
28/03/2008	824.5	828.5	817.5	823	33794200	724.29
31/03/2008	823	832.5	815	830	50839800	730.45
01/04/2008	826	866.5	825	861	61610000	757.73
02/04/2008	858	867.5	852	865.5	51113900	761.69
03/04/2008	858	859	847.5	853	37629600	750.69
04/04/2008	857.5	857.5	844	850.5	24945200	748.49
07/04/2008	852	860	848.5	856.5	25788500	753.77
08/04/2008	850	857	846.5	857	35678400	754.21
09/04/2008	853	865	851.5	856	35808200	753.33
10/04/2008	859.5	862	846.5	859	46627400	755.97
11/04/2008	865.5	869.5	849	854.5	44477000	752.01
14/04/2008	850	857	838	840	40142800	739.25
15/04/2008	847.5	849	836.5	841	45641500	740.13
16/04/2008	845.5	852	834	851.5	39385200	749.37
17/04/2008	853	855.5	840	842	37650300	741.01
18/04/2008	842.5	859	838.5	855.5	51573600	752.89
21/04/2008	854	855.5	841.5	848	33510900	746.29
22/04/2008	847	854.5	843.5	846.5	38634000	744.97
23/04/2008	849.5	851.5	834.5	849.5	58858800	747.61
24/04/2008	848	855	840	855	39435400	752.45
25/04/2008	859	868	856	859.5	45855900	756.41
28/04/2008	863	868.5	861	865	20789500	761.25
29/04/2008	865.5	875.5	865	871	28867500	766.53
30/04/2008	884.5	887	878	879.5	49925600	774.01
01/05/2008	877	881.5	868	879.5	20500400	774.01
02/05/2008	883.5	894.5	878.5	889.5	36156200	782.81
06/05/2008	883	886.5	869.5	876	45950400	770.93
07/05/2008	878	890	873.5	887.5	37213600	781.05
08/05/2008	883	888.5	879.5	881.5	41510300	775.77
09/05/2008	871.5	872.5	859.5	866	52669400	762.13
12/05/2008	865	889	860	882	45965700	776.21
13/05/2008	888.5	896.5	885	895.5	53703600	788.09
14/05/2008	893	896	887	893.5	35966600	786.33
15/05/2008	887	896	882	892	41397500	785.01
16/05/2008	892.5	895	887.5	891.5	31128000	784.57
19/05/2008	888.5	897.5	886.75	897	25880200	789.41
20/05/2008	887.25	892.75	876	876	39149500	770.93
21/05/2008	871	875	860	863.75	34508300	776.1
22/05/2008	855	859.75	849.5	852.5	34427200	765.99
23/05/2008	855	859	848	848	31017700	761.95
27/05/2008	847	855	843.75	848	33329800	761.95
28/05/2008	850	859.5	845.25	847.25	31839400	761.27
29/05/2008	853	855	843.75	847	39294400	761.05
30/05/2008	850.75	862.75	849	852.5	36081400	765.99
02/06/2008	855.75	857.25	849	852.75	30996400	766.22
03/06/2008	850	856.75	845	856	33202100	769.14
04/06/2008	856.75	863.75	847.25	859	42410100	771.83
05/06/2008	860.25	868.25	856.5	859.5	37028200	772.28
06/06/2008	860.25	863.75	838.5	838.5	40543600	753.41
10/06/2008	830.25	843.5	828.25	836.25	58708500	751.39
11/06/2008	842	846	816	816.25	57810100	733.42
12/06/2008	823	829.25	814.25	828.5	65175000	744.43
13/06/2008	825.5	829	818	822	46435400	738.59
16/06/2008	825	829	815.25	824.75	36585000	741.06
17/06/2008	821	840.75	819	826.25	41704700	742.41
18/06/2008	830	832	813	815	40303300	732.3
19/06/2008	812.25	819	803.25	804	41174800	722.41
20/06/2008	807.5	810	791.75	797.75	58993400	716.8
23/06/2008	801	811.25	799	803	34566000	721.51
24/06/2008	805	807	793.25	801.75	38723500	720.39
25/06/2008	805	816.25	804	814.75	29236900	732.07
26/06/2008	806.5	807.5	786	787.5	49949200	707.59
27/06/2008	788.25	795	775.5	778	48621600	699.05
30/06/2008	775.5	781.5	770	775.75	42305300	697.03
01/07/2008	770.5	772.5	747.75	754.5	65310900	677.94
02/07/2008	760	776.75	756.5	762	55976000	684.68
03/07/2008	759.25	772.5	751.25	770	56297100	691.86
04/07/2008	766	770	751.75	754	26064800	677.49
07/07/2008	765	772.5	762.25	771.25	40293800	692.99
08/07/2008	755.5	763	746	759	52096100	681.98
09/07/2008	766.75	782	760	770.75	45245900	692.54
10/07/2008	760	774.25	758	760	54019500	682.88
11/07/2008	768	771	729	732.25	70038700	657.94
14/07/2008	748	758.5	738	739	48080500	664.01
15/07/2008	727	734	699.5	715.5	68574600	642.89
16/07/2008	721	736	697	728	66618500	654.13
17/07/2008	748	780	745	764.5	94943900	686.92
18/07/2008	756.5	796.5	756.5	794	88848400	713.43
21/07/2008	801	829	798.5	814.5	65879800	731.85
22/07/2008	800.5	815.75	787	813.5	57753600	730.95
23/07/2008	826	843.25	822.5	843.25	112183500	757.68
24/07/2008	837.5	849.75	831.25	838	82046200	752.96
25/07/2008	822	837.5	814.5	828	58919000	743.98
28/07/2008	828	831.5	816	820	34053200	736.79
29/07/2008	810.5	829	802.75	824.5	24542300	740.83
30/07/2008	830	848.5	827.5	847	47197400	761.05
31/07/2008	841.5	844.75	829	839	46276600	753.86
01/08/2008	830	849.75	825	837	43331300	752.06
04/08/2008	837	858	813.5	828	60255300	743.98
05/08/2008	822.25	857	819.75	855.75	55532800	768.91
06/08/2008	860.5	861.75	844	851.25	54832900	764.87
07/08/2008	843	854	837	842.5	57851700	757.01
08/08/2008	842.5	864	840	858.5	24166400	771.38
11/08/2008	862.5	863	850.5	863	25811000	775.43
12/08/2008	864	873.5	858.25	869	39618600	780.82
13/08/2008	860	863.75	847	853.75	49737900	767.11
14/08/2008	855.5	860.5	842.75	856.5	36254900	769.59
15/08/2008	859.75	863	845	852.25	33816200	765.77
18/08/2008	851	862	847.25	857.75	21430300	770.71
19/08/2008	849.25	852	820	821	63915600	737.69
20/08/2008	822.5	834.75	819.5	827.75	30535400	760.42
21/08/2008	813.75	818	802.75	805.75	27718400	740.21
22/08/2008	809.5	830	805.25	827	39410100	759.74
26/08/2008	830.25	840	826.75	835.5	47610400	767.54
27/08/2008	837.5	842	829.75	837	22590700	768.92
28/08/2008	836	858.25	832.5	857.5	38425400	787.76
29/08/2008	862.75	865.75	858.25	865.5	41257500	795.1
01/09/2008	859.75	869.75	857.5	868.75	15225100	798.09
02/09/2008	872.25	892.5	869	887.5	42239600	815.32
03/09/2008	880.25	888.5	870.75	883.75	34955200	811.87
04/09/2008	878	879.75	850.25	855	25517500	785.46
05/09/2008	858	862.5	838.75	844.5	59362500	775.81
08/09/2008	876.5	901.75	876.5	894	43170900	821.29
09/09/2008	895	919	892.75	906.25	76350300	832.54
10/09/2008	907	914.75	894.75	902.5	59998300	829.1
11/09/2008	898.5	898.5	865.5	883.25	68845500	811.41
12/09/2008	889.5	891.75	869.25	883.25	50330600	811.41
15/09/2008	856.5	868.25	840.5	854.5	102468700	785
16/09/2008	839.75	859.75	825.25	839.75	91174200	771.45
17/09/2008	839.75	847	801	801	118513900	735.85
18/09/2008	785.25	824.5	785.25	796	92797900	731.26
19/09/2008	890	938	860	919.5	92409100	844.71
22/09/2008	890	902	866.5	866.5	43898400	796.02
23/09/2008	860	879.25	840	874.5	53309800	803.37
24/09/2008	870	878	859.25	865.5	24931600	795.1
25/09/2008	858	886.25	853.25	881	23717200	809.34
26/09/2008	875.5	889	860.5	879	27754000	807.51
29/09/2008	872.25	896.5	862.25	865	38553800	794.65
30/09/2008	862	913	856.25	901	50530800	827.72
01/10/2008	908	926.5	898.75	922.25	45091900	847.24
02/10/2008	898	923.5	895	911.75	29686900	837.59
03/10/2008	898	930	895.5	927.75	31312000	852.29
06/10/2008	888.75	922	870	882	33248500	810.26
07/10/2008	898	918	886	901	21618500	827.72
08/10/2008	865.5	898	840.75	878.25	46835700	806.82
09/10/2008	892	892	855.25	860	33956700	790.05
10/10/2008	831.25	844.5	781	790	53251300	725.75
13/10/2008	840	861	831.25	849.25	50212600	780.18
14/10/2008	853.5	876	840	859	29130800	789.13
15/10/2008	841	842.25	799.25	803.5	50659100	738.15
16/10/2008	793	814.25	753.25	771.5	26739900	708.75
17/10/2008	798	798	760	796.75	44553800	731.95
20/10/2008	790	840	778.25	840	43014900	771.68
21/10/2008	820	822.75	796.25	810	30265900	744.12
22/10/2008	815	832	773	796	32316200	731.26
23/10/2008	802	807.5	770	805	30100700	739.53
24/10/2008	740	743.25	663	696	89448800	639.39
27/10/2008	663	699	617.75	663	63060800	609.07
28/10/2008	715	730	645.25	678.25	65757500	623.08
29/10/2008	702	761.5	686	750	76985700	689
30/10/2008	735	791.25	729.75	780	51702700	716.56
31/10/2008	730	762	693.5	762	51410900	700.02
03/11/2008	739	767	725.5	767	28958200	704.62
04/11/2008	777	790	755.5	790	33098100	725.75
05/11/2008	780	790	763.75	775	27467000	711.97
06/11/2008	741	754	715	743.5	40280400	683.03
07/11/2008	754.75	760	714.5	746.5	31603500	685.78
10/11/2008	768	768.75	728.5	735.5	23948600	675.68
11/11/2008	733	734	674.75	696.5	41901400	639.85
12/11/2008	721	733	676	700	45841600	643.07
13/11/2008	698	703	672	695.5	47715200	638.93
14/11/2008	715	719	696.5	719	50446500	660.52
17/11/2008	710.25	717.5	690.75	708.75	34943900	651.1
18/11/2008	688	706	668	706	63801400	648.58
19/11/2008	688	693.75	639.75	641.5	70653400	604.74
20/11/2008	650	650.25	613	632	72381400	595.79
21/11/2008	662	664.25	605.25	626	69515400	590.13
24/11/2008	641.25	650	619	650	68413400	612.75
25/11/2008	642.75	690.5	637	689.75	68069300	650.23
26/11/2008	670.5	705.75	666.25	704	46446700	663.66
27/11/2008	685	710	680	705.75	30914800	665.31
28/11/2008	700	715	692	715	28582200	674.03
01/12/2008	717.5	717.5	684.5	700	31128200	659.89
02/12/2008	688	692.75	670	690	33767300	650.46
03/12/2008	695.5	698	673.5	698	31368900	658
04/12/2008	698.75	718	692	709.5	35495900	668.85
05/12/2008	705	717.5	690	710	28785300	669.32
08/12/2008	739	754	725.5	749.25	45937000	706.32
09/12/2008	735.5	761.25	732	758.25	34245600	714.8
10/12/2008	757.25	762.75	738.75	762.75	23189500	719.04
11/12/2008	750.5	761	741.75	750	25609900	707.02
12/12/2008	722	733	695.25	733	34532900	691
15/12/2008	731	733.75	712	724	25307600	682.51
16/12/2008	709.5	722	698	715	30485300	674.03
17/12/2008	699.5	700.25	657	672	68977000	633.49
18/12/2008	674.5	678.25	621	625.25	91287600	589.42
19/12/2008	637.5	640	598.5	612.75	81786900	577.64
22/12/2008	629.25	633.25	608.25	612.25	53843800	577.17
23/12/2008	627	631.5	594.25	620	62193300	584.47
24/12/2008	625	626	611.75	625	11142000	589.19
29/12/2008	625.5	635	620.5	635	27442700	598.61
30/12/2008	640	650.25	634.5	649	21692500	611.81
31/12/2008	658	669	649	662	15465800	624.07
02/01/2009	675	684.5	665.5	682	6771800	642.92
05/01/2009	685	685	665	679	13009900	640.09
06/01/2009	675	681.75	653	657.75	24047200	620.06
07/01/2009	654.75	659.5	640.5	643	28102900	606.16
08/01/2009	638	640.25	623	640.25	22066600	603.56
09/01/2009	638	650	625	628.5	21942000	592.49
12/01/2009	630	646	630	638.75	19051700	602.15
13/01/2009	637.5	643	619.75	640	29393200	603.33
14/01/2009	620	621	561.25	588.75	81967900	555.01
15/01/2009	578.25	587.75	547.5	547.5	56234000	516.13
16/01/2009	553	561.5	530.75	535.75	74856100	505.05
19/01/2009	545	545	460	501	115132500	472.29
20/01/2009	507	515	479.25	485	182668000	457.21
21/01/2009	501	525.75	480	515.5	174451700	485.96
22/01/2009	525	559.75	516.5	527	87081100	496.8
23/01/2009	533	541.75	504.5	515.5	49466000	485.96
26/01/2009	515.25	553.25	514	541	35584600	510
27/01/2009	534.75	546	518.25	531.25	28352100	500.81
28/01/2009	539	597.5	536.25	583	63214300	549.59
29/01/2009	572.5	580	540.25	553	42312300	521.31
30/01/2009	553	564.75	541.5	543.25	42611000	512.12
02/02/2009	531	531.75	505	527	38337400	496.8
03/02/2009	525.25	534	518	527	26033800	496.8
04/02/2009	532	549.25	526.75	544.5	33209300	513.3
05/02/2009	530.75	541	520.75	539.5	33871200	508.59
06/02/2009	543	573	541	549.5	51593900	518.01
09/02/2009	540	561.75	535.25	555.5	32077700	523.67
10/02/2009	548	553.25	532	537.25	33419600	506.47
11/02/2009	536	541.25	525.5	527	36542100	496.8
12/02/2009	525	542.25	521	533.5	36236900	502.93
13/02/2009	544	558.25	517.5	530	46613700	499.63
16/02/2009	526	539	525	530.5	18155800	500.1
17/02/2009	524	524	492.5	494.5	66091900	466.17
18/02/2009	503.5	514.75	494	504	51134900	475.12
19/02/2009	508.5	511.25	494	498	34495400	469.46
20/02/2009	495	496	473.75	477.25	53870800	449.9
23/02/2009	489.25	494.25	473.75	474.25	40595000	447.08
24/02/2009	476.5	478	462.5	472	42815300	444.95
25/02/2009	485	501.5	482	492.5	36882000	464.28
26/02/2009	513	533.25	512.5	527	53681900	496.8
27/02/2009	525	525	487.75	491.25	71285900	463.1
02/03/2009	459	464	373	399	194349800	376.14
03/03/2009	404	421.25	384	395	92947400	372.37
04/03/2009	402	406.75	389.5	401	60385200	378.02
05/03/2009	406	407	373.5	377.5	74839400	355.87
06/03/2009	378	384.25	354.5	360.75	74635100	340.08
09/03/2009	338	359.5	310.25	349	100356900	329
10/03/2009	352	414.75	344	399	95403300	376.14
11/03/2009	380	391.5	363.25	374	93931500	352.57
12/03/2009	373	389.75	355.25	386	54604900	363.88
13/03/2009	403.75	421.5	388.75	411.75	63463000	388.16
16/03/2009	418	442.25	401.5	442	45804400	416.67
17/03/2009	439.25	460	429.25	460	51482500	433.64
18/03/2009	455	463.25	425	436.75	73004400	420.87
19/03/2009	430	499.25	418.25	451.25	127856000	434.85
20/03/2009	378.75	381.5	355.75	371	185395900	357.51
23/03/2009	374.75	434	364.25	417.75	195832000	402.56
24/03/2009	409	425	380	391.25	163397400	377.03
25/03/2009	382.5	398.75	370.5	374.25	167275900	360.65
26/03/2009	374	405.75	367.25	399.25	179216500	384.74
27/03/2009	392	416.75	386.25	402.5	143565900	387.87
30/03/2009	389.75	391.5	367	370.5	144991400	357.03
31/03/2009	380	396	378.25	395	148003500	380.64
01/04/2009	390.25	418.5	385.75	410.75	108275000	395.82
02/04/2009	427.5	460.75	421	459	149478600	442.31
03/04/2009	442	465.25	433.5	434.5	122163600	418.71
06/04/2009	445	463.5	434.75	450.75	107223600	434.36
07/04/2009	453	453.25	430.5	442	49433200	425.93
08/04/2009	426	440.75	423.25	437	71003300	421.11
09/04/2009	451	477.5	442.25	474	74156900	456.77
14/04/2009	471	501.25	467	481.25	114564200	463.76
15/04/2009	471.25	489	466.5	476.5	58228000	459.18
16/04/2009	480	492	473.75	488	59902100	470.26
17/04/2009	488	501.25	477.75	485	66096300	467.37
20/04/2009	487.5	488.25	452	459	11430600	442.31
21/04/2009	462	467	436	450.25	15903100	433.88
22/04/2009	455	469.5	442.75	469.5	12000800	452.43
23/04/2009	467	473.25	454.5	459.5	5695200	442.8
24/04/2009	465	476.5	460.5	476	10361100	458.7
27/04/2009	460.75	471	456.25	466.5	5486000	449.54
28/04/2009	448.25	460	442.5	457	10226900	440.39
29/04/2009	452.5	472.75	448.5	465.25	8984200	448.34
30/04/2009	466.25	489.75	462.75	480.5	13868600	463.03
01/05/2009	477	487.25	470	482	3253900	464.48
05/05/2009	499.75	524.25	496.25	517.5	15184700	498.69
06/05/2009	516.5	548.25	515	539	11677300	519.41
07/05/2009	556.75	584.5	550.5	555	21240500	534.82
08/05/2009	561.75	583.5	556.75	577.5	17307000	556.51
11/05/2009	582	583	551.25	578	8824200	556.99
12/05/2009	574	580.5	559.5	559.5	18546700	539.16
13/05/2009	561	561	521.75	530.5	9109900	511.22
14/05/2009	530	544.5	526.5	539.75	9043700	520.13
15/05/2009	545	555	530.5	532	7667000	512.66
18/05/2009	537.75	558.75	535	555.5	8583400	535.31
19/05/2009	565.5	581.5	562.75	575	9147700	554.1
20/05/2009	565	570.5	558.75	561.5	4657100	548.72
21/05/2009	545	546	530.5	540.5	7635400	528.2
22/05/2009	533	545.75	530.75	536.5	5265800	524.29
26/05/2009	532	543	521	540.25	3482000	527.96
27/05/2009	552	557.25	548.25	551	5150100	538.46
28/05/2009	543	548	534	545.25	10000600	532.84
29/05/2009	553.5	570.75	546	556.5	19117300	543.84
01/06/2009	561.5	569.5	542.5	552	11659400	539.44
02/06/2009	537	548.25	533.75	535	8630100	522.83
03/06/2009	534.5	534.75	510.75	529.5	6960200	517.45
04/06/2009	528.5	535	520	531.25	7053200	519.16
05/06/2009	531	538.25	520.5	524	7206500	512.08
08/06/2009	523	526.75	517	523.5	6816000	511.59
09/06/2009	520	522	510.5	517.75	11085400	505.97
10/06/2009	527.75	543.5	525	536	18358400	523.8
11/06/2009	532	556.5	528.75	548.25	14480400	535.77
12/06/2009	545.75	554.5	542	547	7988900	534.55
15/06/2009	541	542.25	527	529.74	8295100	517.69
16/06/2009	524.25	532.5	521.25	523	13228900	511.1
17/06/2009	524.5	532	521	530.73	10166100	518.66
18/06/2009	524	530	517	523.5	9892900	511.59
19/06/2009	524	535	521	522	62737600	510.12
22/06/2009	522	527.75	511.7	511.49	15251200	499.85
23/06/2009	508	519.5	508	512.5	4426900	500.84
24/06/2009	514.1	519.5	508.5	517.8	14695200	506.02
25/06/2009	520.2	523	500	505.5	14494200	494
26/06/2009	509	515.7	508.45	510	12524400	498.39
29/06/2009	510	515.3	506.25	511.25	15170700	499.62
30/06/2009	511.2	511.9	498.25	502.5	32369100	491.07
01/07/2009	500.75	509.5	498.9	509.5	23374400	497.91
02/07/2009	508	515	500	504.43	27814700	492.96
03/07/2009	500.3	512.45	500.3	508.75	22273400	497.17
06/07/2009	504.05	508.75	500.5	506.45	8298100	494.93
07/07/2009	507	515.9	502.7	502.7	12883800	491.26
08/07/2009	503.2	505.9	488.95	505	11678600	493.51
09/07/2009	498	504.3	496.3	503.6	13021100	492.14
10/07/2009	496	499.55	490	497.55	6922800	486.23
13/07/2009	493.15	502.05	487	500.5	8165500	489.11
14/07/2009	505	514.6	501.9	510.8	6741100	499.18
15/07/2009	514.95	532.9	511.5	521.03	20041100	509.17
16/07/2009	530	542.5	525.55	536.04	8518100	523.84
17/07/2009	538	550.9	537.8	545	26206800	532.6
20/07/2009	550	561	549.75	559	7237700	546.28
21/07/2009	554.1	563.5	547.5	550	12515800	537.48
22/07/2009	559.1	559.1	546.95	555.7	6617200	543.06
23/07/2009	559.75	574.4	558	571.43	10822500	558.43
24/07/2009	570	582.85	565	574.5	13333300	561.43
27/07/2009	578	578.65	562.6	569.67	8064400	556.71
28/07/2009	567.05	579.4	564.2	567.5	10980000	554.59
29/07/2009	566.6	578.4	564.7	571.6	3998000	558.59
30/07/2009	577	597.15	571.85	596	10482200	582.44
31/07/2009	598.45	614.85	595.3	605.75	16256600	591.97
03/08/2009	597	651	593.6	634.51	19409400	620.08
04/08/2009	631	638.4	618	629	11148100	614.69
05/08/2009	631	643.8	622.2	627.2	10515800	612.93
06/08/2009	640.9	664.4	635	655.48	12404300	640.56
07/08/2009	653	674.8	630.6	667	36305700	651.82
10/08/2009	664.5	670.6	659.2	669	4582400	653.78
11/08/2009	669.5	674.4	649.8	654.9	7151200	640
12/08/2009	646.5	653.6	641.3	653	7361500	638.14
13/08/2009	653.1	669.5	649	669	16023900	653.78
14/08/2009	658.6	664.6	646.1	650	13788700	635.21
17/08/2009	643.2	645.7	629.1	638	5156500	623.48
18/08/2009	652	659.3	646.6	656	15308100	641.07
19/08/2009	639	645	632.5	643	9282700	636.13
20/08/2009	654.9	655	640.6	645.8	16040100	638.9
21/08/2009	645.1	659.4	643.6	659.1	11891200	652.05
24/08/2009	661.5	664.1	652.3	664.1	21207200	657
25/08/2009	659.9	671.7	658	671	26847500	663.83
26/08/2009	671	672	660.8	668.6	22711900	661.45
27/08/2009	664.1	669.2	661.4	663.6	19784600	656.51
28/08/2009	664	677.7	658	672.1	39123800	664.92
01/09/2009	661.9	664.6	643.9	643.9	42119200	637.02
02/09/2009	645.2	651.3	638.6	640.3	37723400	633.46
03/09/2009	642.3	647	637	644	27068600	637.12
04/09/2009	643.9	669	641.5	658.3	32111000	651.26
07/09/2009	661.4	667	651.1	665	17473800	657.89
08/09/2009	666	669	651.5	654.3	25813200	647.31
09/09/2009	649.2	664.9	647.4	661.1	24972800	654.03
10/09/2009	664	664.8	651.8	654.3	31715900	647.31
11/09/2009	654	661.8	651.1	654.5	23238400	647.5
14/09/2009	649	661.2	647.3	661	19013400	653.93
15/09/2009	662	672.8	656.3	669.91	36623200	662.75
16/09/2009	674	701.5	673.2	700	56245800	692.52
17/09/2009	707.2	718	703.6	707.8	57556100	700.24
18/09/2009	716	733.8	714	730	96858000	722.2
21/09/2009	728.8	731	717	721.6	34550000	713.89
22/09/2009	725	729	713.1	713.3	24179500	705.67
23/09/2009	717.1	718.7	708.2	714.29	27705600	706.65
24/09/2009	701	714.6	698.4	704.48	34565100	696.95
25/09/2009	709.1	714.6	700.2	709.16	35574500	701.58
28/09/2009	706.1	723.4	703.9	715.72	29218000	708.07
29/09/2009	729.9	729.9	714.9	725.8	40191700	718.04
30/09/2009	721.6	729.9	706.1	716	40629600	708.35
01/10/2009	717.2	717.2	698	706.45	31723800	698.89
02/10/2009	702.3	703.1	684	692.8	43791400	685.39
05/10/2009	688.5	695.4	680.2	689.9	35523700	682.52
06/10/2009	691	703.5	690.5	700.99	38466700	693.49
07/10/2009	706	712.8	703.6	710.88	31521600	703.28
08/10/2009	717.7	719.5	700.7	710.29	31476000	702.69
09/10/2009	711.8	718.2	708.4	714.05	18380000	706.42
12/10/2009	722.2	725.9	718	718	22458200	710.32
13/10/2009	725	726.9	704.1	704.1	36908900	696.57
14/10/2009	715	724.6	711.3	719.98	57728300	712.28
15/10/2009	724.5	724.5	707.9	710.45	36110000	702.86
16/10/2009	713	716.5	692	694	43042200	686.58
19/10/2009	706.5	711.5	702.4	709.9	24829600	702.31
20/10/2009	710	711.7	694	694	32072600	686.58
21/10/2009	702	704.1	685	703	40094000	695.48
22/10/2009	690.2	695	684.7	690.1	24638500	682.72
23/10/2009	697.1	710	694.3	698.6	28399800	691.13
26/10/2009	696	701.1	682.6	686	35749600	678.67
27/10/2009	690	691.7	673	681.82	61539400	674.53
28/10/2009	682.2	684.5	670.1	671.4	43410100	664.22
29/10/2009	675.9	682.9	669.9	681.1	42135700	673.82
30/10/2009	683.2	684.6	670.8	680.65	53725200	673.37
02/11/2009	677.1	691	668.4	689.86	26803700	682.49
03/11/2009	678.5	682	662.6	668.2	40584600	661.06
04/11/2009	672.4	679.9	667.7	677	24386100	669.76
05/11/2009	666.2	677.8	660.4	669.5	29759500	662.34
06/11/2009	672.9	687	667.9	681.79	33799800	674.51
09/11/2009	686.5	696.1	684.2	686.29	35721100	678.96
10/11/2009	689.9	726.2	685.6	716.51	82677900	708.85
11/11/2009	728.4	734.9	723.1	726.1	43690400	718.34
12/11/2009	725.5	734.4	721	724.61	34435600	716.86
13/11/2009	734	746.6	731.4	742.22	34437800	734.29
16/11/2009	748	766.8	744.6	756.51	37506100	748.42
17/11/2009	752.6	755.3	743.9	748.35	29701800	740.35
18/11/2009	741.6	746.3	732	742	28800400	742
19/11/2009	742	745.1	729.3	732.92	32938400	732.92
20/11/2009	736.4	739.4	728.1	731.9	44969800	731.9
23/11/2009	742.6	752	741.6	751.4	28131000	751.4
24/11/2009	743	744.6	735.9	737	38317300	737
25/11/2009	743.8	743.8	734.1	741.2	27286000	741.2
26/11/2009	730	730	701.4	708.64	73612900	708.64
27/11/2009	685	712	675.7	706.3	52964800	706.3
30/11/2009	712	717.3	703.5	707	42019900	707
01/12/2009	715.2	729.7	715.2	726	26771200	726
02/12/2009	722	726.6	710.4	722.7	24692000	722.7
03/12/2009	725.9	734.9	722.2	722.5	28499400	722.5
04/12/2009	724.9	732.7	710	722.06	31319400	722.06
07/12/2009	723	724.2	711.1	713.8	28886400	713.8
08/12/2009	710.4	712	688.2	700.11	50722300	700.11
09/12/2009	698	707	693	699	31511900	699
11/12/2009	715.2	717.6	701.5	703.4	30343200	703.4
14/12/2009	722	724.8	713.2	719.18	24980000	719.18
15/12/2009	710.9	713	701	701.8	29258100	701.8
16/12/2009	704.3	712	702.8	709	28091400	709
17/12/2009	700	705	684.1	684.1	43341500	684.1
18/12/2009	692.5	695	677.6	680	84924100	680
21/12/2009	688.6	706.5	685.8	702.5	18036600	702.5
22/12/2009	700.5	709.9	697.2	703.1	11848600	703.1
23/12/2009	709.6	722	707.6	714	13603800	714
24/12/2009	711	719.5	708	718.9	3377900	718.9
29/12/2009	717	717.7	708.2	713.7	11572100	713.7
30/12/2009	717	718.8	707.8	710.5	7775200	710.5
31/12/2009	718	719	708.8	708.8	4529900	708.8
