Date	Open	High	Low	Close	Volume	Adj Close
03/01/2006	1732	1747	1728	1733	5983700	1733
04/01/2006	1742	1754	1707	1712	18183600	1712
05/01/2006	1719	1728	1694	1704	4870900	1704
06/01/2006	1713	1719	1691	1700	6039000	1700
09/01/2006	1696	1715	1692	1701	4883200	1701
10/01/2006	1700	1708	1693	1699	4130700	1699
11/01/2006	1698	1702	1675	1690	6829500	1690
12/01/2006	1682	1691	1638	1658	12773500	1658
13/01/2006	1664	1685	1651	1674	8070600	1674
16/01/2006	1665	1680	1665	1679	4591000	1679
17/01/2006	1670	1700	1670	1690	6203400	1690
18/01/2006	1647	1664	1635	1655	5249900	1655
19/01/2006	1659	1659	1643	1651	5385600	1651
20/01/2006	1648	1665	1648	1659	5055900	1659
23/01/2006	1648	1653	1635	1648	3362200	1648
24/01/2006	1643	1661	1629	1658	3672800	1658
25/01/2006	1669	1675	1658	1667	4756300	1667
26/01/2006	1675	1686	1625	1633	7602200	1633
27/01/2006	1642	1657	1635	1650	5455200	1650
30/01/2006	1650	1662	1642	1657	2937800	1657
31/01/2006	1654	1694	1640	1672	9943200	1672
01/02/2006	1672	1680	1668	1676	3171000	1676
02/02/2006	1675	1685	1666	1677	3314100	1677
03/02/2006	1688	1691	1678	1691	3352800	1691
06/02/2006	1688	1688	1675	1682	18912200	1682
07/02/2006	1692	1715	1680	1702	4572800	1702
08/02/2006	1706	1721	1690	1695	5419300	1695
09/02/2006	1700	1753	1698	1751	9870100	1751
10/02/2006	1745	1752	1735	1743	3089500	1743
13/02/2006	1754	1757	1730	1739	2162800	1739
14/02/2006	1749	1769	1729	1733	3942700	1733
15/02/2006	1744	1762	1726	1752	4095100	1752
16/02/2006	1757	1763	1731	1740	3368300	1740
17/02/2006	1740	1749	1722	1727	7406400	1727
20/02/2006	1740	1740	1719	1731	1236000	1731
21/02/2006	1735	1743	1722	1727	3293900	1727
22/02/2006	1732	1734	1716	1733	3060800	1733
23/02/2006	1735	1735	1711	1714	3954600	1714
24/02/2006	1721	1721	1690	1713	2106800	1713
27/02/2006	1728	1728	1705	1713	1733500	1713
28/02/2006	1716	1731	1704	1715	6828300	1715
01/03/2006	1718	1728	1705	1713	5981400	1713
02/03/2006	1710	1730	1710	1725	5937900	1725
03/03/2006	1718	1756	1717	1756	2915000	1756
06/03/2006	1748	1767	1742	1764	8390200	1764
07/03/2006	1760	1785	1750	1784	7689600	1784
08/03/2006	1790	1807	1776	1784	10222100	1784
09/03/2006	1793	1805	1765	1785	4131500	1785
10/03/2006	1777	1799	1776	1785	2721400	1785
13/03/2006	1787	1809	1777	1805	3754700	1805
14/03/2006	1803	1810	1790	1795	3218300	1795
15/03/2006	1800	1800	1768	1775	3618400	1775
16/03/2006	1782	1791	1759	1787	1944800	1787
17/03/2006	1787	1796	1755	1787	4684300	1787
20/03/2006	1788	1797	1777	1781	3448600	1781
21/03/2006	1787	1798	1761	1772	1378600	1772
22/03/2006	1778	1792	1735	1762	4269500	1762
23/03/2006	1755	1755	1716	1737	4346600	1737
24/03/2006	1729	1745	1725	1743	3292300	1743
27/03/2006	1734	1742	1717	1722	4209400	1722
28/03/2006	1727	1733	1716	1721	4391500	1721
29/03/2006	1726	1743	1714	1718	3169600	1718
30/03/2006	1718	1737	1712	1721	4000900	1721
31/03/2006	1710	1722	1692	1707	5125400	1707
03/04/2006	1707	1717	1694	1702	3468300	1702
04/04/2006	1698	1725	1695	1720	4079900	1720
05/04/2006	1717	1745	1665	1725	2036300	1725
06/04/2006	1724	1736	1702	1709	3867700	1709
07/04/2006	1709	1714	1688	1692	4237800	1692
10/04/2006	1690	1697	1668	1678	4516300	1678
11/04/2006	1675	1712	1671	1683	6090400	1683
12/04/2006	1690	1703	1682	1690	3412400	1690
13/04/2006	1685	1721	1685	1703	3841300	1703
14/04/2006	1703	1703	1703	1703	0	1703
17/04/2006	1703	1703	1703	1703	0	1703
18/04/2006	1711	1720	1677	1685	3966000	1685
19/04/2006	1708	1756	1705	1754	8374600	1754
20/04/2006	1750	1763	1735	1742	5049900	1742
21/04/2006	1738	1780	1736	1760	2787300	1760
24/04/2006	1759	1773	1755	1760	3504000	1760
25/04/2006	1771	1771	1733	1742	4310600	1742
26/04/2006	1740	1763	1730	1743	3802900	1743
27/04/2006	1752	1752	1710	1719	3554900	1719
28/04/2006	1710	1712	1690	1704	4629900	1704
01/05/2006	1704	1704	1704	1704	0	1704
02/05/2006	1700	1715	1679	1709	4654600	1709
03/05/2006	1706	1727	1688	1691	3059400	1691
04/05/2006	1699	1724	1688	1713	2721500	1713
05/05/2006	1709	1727	1709	1725	2649100	1725
08/05/2006	1724	1733	1713	1720	2166100	1720
09/05/2006	1716	1723	1707	1719	4383500	1719
10/05/2006	1722	1722	1705	1709	2337200	1709
11/05/2006	1709	1714	1692	1696	3414300	1696
12/05/2006	1688	1707	1671	1684	2725900	1684
15/05/2006	1679	1685.14	1635.9	1678	4016400	1678
16/05/2006	1701	1702.88	1671.14	1686	3006900	1686
17/05/2006	1684	1684.14	1652	1655	3140200	1655
18/05/2006	1655	1666.59	1636	1645	3960000	1645
19/05/2006	1646	1652	1627	1636	3677200	1636
22/05/2006	1638	1645.4	1594.39	1638	3941800	1638
23/05/2006	1638	1642	1610	1620	5017100	1620
24/05/2006	1605	1623	1568	1601	7575200	1601
25/05/2006	1610	1650	1601.28	1650	7019400	1650
26/05/2006	1659	1674	1640	1670	2733500	1670
29/05/2006	1670	1670	1670	1670	0	1670
30/05/2006	1668	1659.31	1620.01	1622	3320200	1622
31/05/2006	1633	1647	1615	1635	2992500	1635
01/06/2006	1635	1650.4	1621.61	1648	2035800	1648
02/06/2006	1654	1654.1	1637.18	1640	2516600	1640
05/06/2006	1635	1653.98	1634.27	1640	1520800	1640
06/06/2006	1629	1639.45	1609	1630	3284600	1630
07/06/2006	1630	1664.07	1630	1657	4186900	1657
08/06/2006	1633	1657.48	1633.27	1643	4440500	1643
09/06/2006	1653	1665.05	1628.47	1645	3024700	1645
12/06/2006	1640	1650	1636	1636	2669700	1636
13/06/2006	1630	1637	1611	1620	4420900	1620
14/06/2006	1630	1636.63	1608.8	1613	2704200	1613
15/06/2006	1623	1643	1607	1638	3082700	1638
16/06/2006	1648	1648.47	1526.2	1613	4198500	1613
19/06/2006	1624	1652	1612	1644	3224800	1644
20/06/2006	1639	1660.3	1627	1639	4149600	1639
21/06/2006	1639	1639.48	1620.9	1636	4306100	1636
22/06/2006	1658	1655.42	1632	1640	2679200	1640
23/06/2006	1635	1655.87	1628	1636	1760700	1636
26/06/2006	1640	1658	1621	1640	3037000	1640
27/06/2006	1649	1650	1619.5	1620	2247400	1620
28/06/2006	1613	1634.02	1611.9	1630	2771700	1630
29/06/2006	1648	1666	1632	1661	3289800	1661
30/06/2006	1678	1693	1659	1669	3456900	1669
03/07/2006	1675	1717	1658	1680	3771700	1680
04/07/2006	1674	1687	1669	1683	2501400	1683
05/07/2006	1665	1690	1660	1664	3348700	1664
06/07/2006	1664	1699	1657	1693	6884600	1693
07/07/2006	1705	1720	1692	1709	6628700	1709
10/07/2006	1712	1732	1704	1715	3396300	1715
11/07/2006	1720	1720	1699	1704	2055900	1704
12/07/2006	1711	1718	1690	1707	2146700	1707
13/07/2006	1707	1707	1684	1691	2271800	1691
14/07/2006	1683	1699	1663	1666	2506800	1666
17/07/2006	1666	1676	1647	1674	2653800	1674
18/07/2006	1674	1696	1664	1675	1937000	1675
19/07/2006	1683	1698	1660	1684	2979600	1684
20/07/2006	1685	1696	1666	1681	2171000	1681
21/07/2006	1679	1726	1679	1705	4313500	1705
24/07/2006	1706	1757	1706	1750	5245800	1750
25/07/2006	1750	1763	1733	1748	4375800	1748
26/07/2006	1747	1770	1733	1769	3519800	1769
27/07/2006	1777	1780	1743	1750	2653700	1750
28/07/2006	1748	1759	1733	1756	1712600	1756
31/07/2006	1750	1761	1735	1750	1925200	1750
01/08/2006	1773	1773	1735	1741	3424400	1741
02/08/2006	1755	1762	1732	1755	2691300	1755
03/08/2006	1755	1755	1755	1755	0	1755
04/08/2006	1766	1770	1737	1754	4450100	1754
07/08/2006	1743	1747	1728	1730	1689200	1730
08/08/2006	1740	1749	1727	1739	3297300	1739
09/08/2006	1744	1753	1734	1751	2942200	1751
10/08/2006	1740	1766	1722	1763	3316100	1763
11/08/2006	1760	1775	1749	1763	1607500	1763
14/08/2006	1775	1799	1763	1791	2221900	1791
15/08/2006	1792	1806	1777	1797	2335800	1797
16/08/2006	1798	1806	1778	1792	3995000	1792
17/08/2006	1800	1809	1775	1778	3340900	1778
18/08/2006	1790	1828	1786	1818	7143300	1818
21/08/2006	1816	1835	1809	1825	2867000	1825
22/08/2006	1834	1834	1800	1813	1662500	1813
23/08/2006	1822	1829	1751	1805	3522500	1805
24/08/2006	1816	1823	1794	1811	1628600	1811
25/08/2006	1816	1818	1797	1807	1849100	1807
28/08/2006	1807	1807	1807	1807	0	1807
29/08/2006	1815	1824	1801	1805	2402500	1805
30/08/2006	1810	1818	1804	1808	3086400	1808
31/08/2006	1817	1825	1801	1810	2717500	1810
01/09/2006	1812	1820	1804	1814	1196800	1814
04/09/2006	1812	1814	1804	1814	1705400	1814
05/09/2006	1810	1818	1802	1814	1178200	1814
06/09/2006	1807	1822	1795	1806	2399000	1806
07/09/2006	1805	1815	1786	1805	2457800	1805
08/09/2006	1815	1820	1794	1804	2141300	1804
11/09/2006	1799	1814	1790	1808	3538900	1808
12/09/2006	1807	1819	1794	1816	2645900	1816
13/09/2006	1823	1838	1811	1815	2972100	1815
14/09/2006	1813	1821	1805	1813	2382700	1813
15/09/2006	1821	1841	1814	1830	4784700	1830
18/09/2006	1827	1849	1821	1843	2899700	1843
19/09/2006	1847	1847	1826	1833	1692000	1833
20/09/2006	1838	1842	1815	1839	2755300	1839
21/09/2006	1845	1846	1806	1816	2685200	1816
22/09/2006	1810	1810	1764	1797	4091600	1797
25/09/2006	1797	1806	1790	1795	2813900	1795
26/09/2006	1810	1810	1789	1796	4742900	1796
27/09/2006	1812	1812	1790	1797	3108800	1797
28/09/2006	1804	1804	1791	1795	1861000	1795
29/09/2006	1803	1803	1780	1780	2408400	1780
02/10/2006	1780	1785	1764	1768	2316300	1768
03/10/2006	1762	1771	1743	1764	4206200	1764
04/10/2006	1773	1773	1755	1770	2662700	1770
05/10/2006	1771	1771	1756	1765	4466000	1765
06/10/2006	1770	1782	1762	1775	4410400	1775
09/10/2006	1778	1792	1771	1785	3142500	1785
10/10/2006	1783	1789	1780	1786	3050400	1786
11/10/2006	1789	1789	1778	1783	2538800	1783
12/10/2006	1787	1792	1777	1786	2231700	1786
13/10/2006	1785	1814	1780	1812	3248000	1812
16/10/2006	1812	1844	1802	1839	4326300	1839
17/10/2006	1830	1841	1824	1827	1920400	1827
18/10/2006	1831	1842	1825	1830	3357000	1830
19/10/2006	1828	1831	1808	1823	3366100	1823
20/10/2006	1819	1844	1819	1828	2733200	1828
23/10/2006	1836	1839	1813	1833	2469000	1833
24/10/2006	1829	1848	1823	1825	3671300	1825
25/10/2006	1822	1874	1821	1855	3948200	1855
26/10/2006	1855	1865	1835	1848	3202700	1848
27/10/2006	1853	1860	1845	1854	2790600	1854
30/10/2006	1846	1854	1830	1839	4156000	1839
31/10/2006	1834	1859	1815	1857	5909800	1857
01/11/2006	1851	1874	1840	1871	5346600	1871
02/11/2006	1865	1872	1853	1861	2812300	1861
03/11/2006	1866	1890	1854	1867	2496000	1867
06/11/2006	1852	1883	1852	1876	2475600	1876
07/11/2006	1872	1882	1868	1878	2319100	1878
08/11/2006	1875	1886	1869	1877	1720100	1877
09/11/2006	1870	1880	1869	1875	2723400	1875
10/11/2006	1879	1880	1856	1864	3138500	1864
13/11/2006	1869	1879	1812	1839	6877000	1839
14/11/2006	1833	1840	1807	1814	6480400	1814
15/11/2006	1823	1845	1811	1840	3299600	1840
16/11/2006	1844	1856	1833	1838	2308300	1838
17/11/2006	1828	1856	1828	1841	2501700	1841
20/11/2006	1831	1861	1830	1857	2122900	1857
21/11/2006	1857	1857	1841	1845	2463400	1845
22/11/2006	1850	1852	1816	1822	5021500	1822
23/11/2006	1831	1867	1795	1855	6356500	1855
24/11/2006	1858	1859	1835	1848	1791600	1848
27/11/2006	1843	1851	1827	1841	2076100	1841
28/11/2006	1841	1881	1830	1880	5691200	1880
29/11/2006	1880	1895	1862	1873	5443300	1873
30/11/2006	1870	1880	1851	1869	2006300	1869
01/12/2006	1882	1888	1859	1866	2288700	1866
04/12/2006	1863	1883	1858	1878	2244000	1878
05/12/2006	1880	1917	1876	1912	4228200	1912
06/12/2006	1904	1911	1869	1887	4022600	1887
07/12/2006	2024	2097	1980	2079	26557100	2079
08/12/2006	2058	2072	2023	2049	7231500	2049
11/12/2006	2050	2055	2007	2013	4248000	2013
12/12/2006	2018	2028	1992	1995	6556700	1995
13/12/2006	1999	2010	1984	1996	4947800	1996
14/12/2006	2005	2048	1996	2015	6375000	2015
15/12/2006	2035	2038	1977	2025	6259000	2025
18/12/2006	2014	2020	1980	1994	3514700	1994
19/12/2006	1987	2023	1960	2013	8527100	2013
20/12/2006	2013	2042	2002	2010	3187700	2010
21/12/2006	2005	2013	1963	1985	2569900	1985
22/12/2006	1995	2014	1987	1991	742500	1991
25/12/2006	1991	1991	1991	1991	0	1991
26/12/2006	1991	1991	1991	1991	0	1991
27/12/2006	2016	2029	2001	2023	1997800	2023
28/12/2006	2033	2039	2014	2023	1327100	2023
29/12/2006	2009	2022	2001	2010	792600	2010
01/01/2007	2010	2010	2010	2010	0	2010
02/01/2007	2014	2040	2014	2037	2486100	2037
03/01/2007	2046	2070	2031	2066	4646300	2066
04/01/2007	2065	2076	2046	2068	3814600	2068
05/01/2007	2061	2072	2052	2056	3000800	2056
08/01/2007	2053	2059	2026	2032	5426800	2032
09/01/2007	2032	2083	2032	2082	4291100	2082
10/01/2007	2071	2087	2049	2080	6465100	2080
11/01/2007	2085	2115	2060	2110	17604100	2110
12/01/2007	2114	2135	2102	2119	8741000	2119
15/01/2007	2119	2127	2105	2110	8201700	2110
16/01/2007	2100	2115	2092	2099	2534600	2099
17/01/2007	2063	2079	2057	2068	6369000	2068
18/01/2007	2066	2076	2043	2066	3481600	2066
19/01/2007	2061	2072	2046	2062	3713900	2062
22/01/2007	2060	2067	2035	2037	3373600	2037
23/01/2007	2033	2046	2024	2041	2446400	2041
24/01/2007	2050	2068	2034	2061	2145900	2061
25/01/2007	2071	2075	2043	2053	7077900	2053
26/01/2007	2052	2119	2045	2106	5115800	2106
29/01/2007	2093	2126	2087	2124	4754500	2124
30/01/2007	2124	2148	2095	2107	7267400	2107
31/01/2007	2091	2110	2062	2078	9815800	2078
01/02/2007	2078	2129	2069	2092	6665700	2092
02/02/2007	2097	2220	2083	2175	10318800	2175
05/02/2007	2161	2195	2159	2185	4484300	2185
06/02/2007	2181	2220	2177	2214	5895500	2214
07/02/2007	2214	2252	2198	2231	5392500	2231
08/02/2007	2170	2200	2147	2170	16458200	2170
09/02/2007	2180	2184	2162	2182	8136700	2182
12/02/2007	2165	2210	2165	2203	7204000	2203
13/02/2007	2200	2207	2187	2194	5745200	2194
14/02/2007	2192	2215	2174	2196	9510100	2196
15/02/2007	2196	2204	2180	2190	3460600	2190
16/02/2007	2188	2188	2169	2178	2845700	2178
19/02/2007	2178	2182	2154	2169	8346200	2169
20/02/2007	2175	2183	2136	2160	2402500	2160
21/02/2007	2205	2246	2185	2200	13269600	2200
22/02/2007	2218	2219	2189	2193	3338400	2193
23/02/2007	2191	2198	2161	2177	2465000	2177
26/02/2007	2185	2195	2174	2193	2166200	2193
27/02/2007	2192	2192	2149	2173	2300600	2173
28/02/2007	2166	2174	2103	2120	6816200	2120
01/03/2007	2121	2165	2065	2092	4628100	2092
02/03/2007	2087	2119	2076	2084	7008600	2084
05/03/2007	2056	2071	2035	2060	4681500	2060
06/03/2007	2058	2075	2026	2068	3269300	2068
07/03/2007	2059	2077	2052	2069	4769200	2069
08/03/2007	2064	2077	2062	2072	1796600	2072
09/03/2007	2076	2111	2075	2106	3687000	2106
12/03/2007	2117	2127	2109	2116	2964200	2116
13/03/2007	2135	2152	2090	2092	2762300	2092
14/03/2007	2073	2081	2047	2047	3640200	2047
15/03/2007	2080	2243	2080	2222	28215300	2222
16/03/2007	2222	2390	2222	2330	15672100	2330
19/03/2007	2324	2359	2273	2285	10515900	2285
20/03/2007	2295	2315	2221	2250	6925200	2250
21/03/2007	2234	2279	2231	2248	5276100	2248
22/03/2007	2274	2274	2205	2215	8337900	2215
23/03/2007	2224	2245	2207	2215	6009300	2215
26/03/2007	2235	2266	2219	2231	5783800	2231
27/03/2007	2229	2300	2220	2239	4887900	2239
28/03/2007	2209	2266	2201	2244	10485200	2244
29/03/2007	2243	2297	2240	2283	4817000	2283
30/03/2007	2283	2310	2258	2275	3369600	2275
02/04/2007	2250	2290	2250	2280	2964800	2280
03/04/2007	2295	2305	2262	2271	2516400	2271
04/04/2007	2273	2281	2252	2270	2132900	2270
05/04/2007	2270	2285	2253	2263	2214000	2263
06/04/2007	2263	2263	2263	2263	0	2263
09/04/2007	2263	2263	2263	2263	0	2263
10/04/2007	2257	2280	2237	2276	2481400	2276
11/04/2007	2276	2318	2260	2287	4886500	2287
12/04/2007	2284	2294	2239	2291	3117200	2291
13/04/2007	2291	2344	2239	2262	4312500	2262
16/04/2007	2253	2264	2142	2217	5839800	2217
17/04/2007	2217	2235	2200	2221	3946000	2221
18/04/2007	2214	2227	2206	2215	2301300	2215
19/04/2007	2210	2239	2192	2217	2275000	2217
20/04/2007	2233	2242	2216	2224	4275100	2224
23/04/2007	2233	2240	2198	2207	2652000	2207
24/04/2007	2209	2217	2168	2177	10382900	2177
25/04/2007	2188	2212	2167	2170	2824300	2170
26/04/2007	2179	2220	2137	2147	9018300	2147
27/04/2007	2136	2162	2121	2158	2785500	2158
30/04/2007	2177	2195	2160	2177	2833000	2177
01/05/2007	2185	2196	2151	2152	2264900	2152
02/05/2007	2182	2222	2169	2207	3992200	2207
03/05/2007	2208	2250	2163	2180	5266900	2180
04/05/2007	2171	2236	2160	2190	4775100	2190
07/05/2007	2190	2190	2190	2190	0	2190
08/05/2007	2198	2227	2179	2181	2303600	2181
09/05/2007	2179	2202	2153	2194	4269100	2194
10/05/2007	2219	2219	2145	2199	5968600	2199
11/05/2007	2175	2200	2146	2190	5323200	2190
14/05/2007	2208	2212	2178	2193	2465600	2193
15/05/2007	2204	2210	2174	2186	4564500	2186
16/05/2007	2203	2262	2180	2255	4040500	2255
17/05/2007	2283	2283	2236	2249	2985800	2249
18/05/2007	2262	2262	2191	2197	4419700	2197
21/05/2007	2195	2195	2166	2172	3672300	2172
22/05/2007	2167	2177	2150	2155	6669600	2155
23/05/2007	2167	2187	2122	2125	5080700	2125
24/05/2007	2125	2145	2107	2117	5202000	2117
25/05/2007	2110	2135	2101	2122	4552800	2122
28/05/2007	2122	2122	2122	2122	0	2122
29/05/2007	2142	2172	2120	2147	3814200	2147
30/05/2007	2146	2199	2141	2195	3375200	2195
31/05/2007	2196	2215	2172	2184	3965100	2184
01/06/2007	2184	2184	2184	2184	0	2184
04/06/2007	2219	2239	2189	2230	2623900	2230
05/06/2007	2219	2219	2176	2186	3287300	2186
06/06/2007	2180	2202	2154	2160	6458800	2160
07/06/2007	2170	2190	2120	2158	4041400	2158
08/06/2007	2162	2182	2140	2156	4125800	2156
11/06/2007	2156	2207	2156	2179	2191400	2179
12/06/2007	2175	2198	2163	2177	1824900	2177
13/06/2007	2183	2207	2173	2197	3008100	2197
14/06/2007	2223	2223	2182	2199	2783000	2199
15/06/2007	2199	2237	2199	2231	6362700	2231
18/06/2007	2247	2249	2209	2209	1769100	2209
19/06/2007	2226	2251	2213	2240	4499100	2240
20/06/2007	2266	2266	2241	2252	5772000	2252
21/06/2007	2242	2260	2227	2230	4611300	2230
22/06/2007	2213	2224	2196	2208	2326000	2208
25/06/2007	2186	2224	2179	2215	1718400	2215
26/06/2007	2215	2252	2209	2238	3542400	2238
27/06/2007	2243	2289	2218	2267	3595800	2267
28/06/2007	2252	2280	2244	2278	2375200	2278
29/06/2007	2295	2311	2244	2307	3041300	2307
02/07/2007	2295	2318	2236	2250	2600200	2250
03/07/2007	2252	2254	2219	2251	2151700	2251
04/07/2007	2250	2279	2250	2266	2275500	2266
05/07/2007	2260	2292	2240	2246	2668700	2246
06/07/2007	2235	2255	2234	2252	1600900	2252
09/07/2007	2250	2267	2223	2253	1714500	2253
10/07/2007	2249	2250	2211	2220	3452400	2220
11/07/2007	2200	2244	2184	2241	3041800	2241
12/07/2007	2230	2252	2219	2232	3192400	2232
13/07/2007	2256	2261	2223	2233	2029400	2233
16/07/2007	2247	2250	2161	2200	4195700	2200
17/07/2007	2208	2218	2181	2201	2931300	2201
18/07/2007	2213	2280	2199	2235	9743000	2235
19/07/2007	2262	2285	2231	2253	6296500	2253
20/07/2007	2240	2285	2240	2278	4458700	2278
23/07/2007	2278	2300	2269	2295	6227800	2295
24/07/2007	2295	2346	2293	2313	7815400	2313
25/07/2007	2292	2309	2280	2286	9202500	2286
26/07/2007	2279	2283	2172	2190	6528900	2190
27/07/2007	2162	2202	2152	2181	5024900	2181
30/07/2007	2170	2174	2125	2136	4969100	2136
31/07/2007	2140	2180	2115	2169	8217000	2169
01/08/2007	2140	2178	2136	2152	4391000	2152
02/08/2007	2143	2180	2129	2155	2686500	2155
03/08/2007	2168	2168	2131	2135	4662900	2135
06/08/2007	2127	2150	2115	2140	3640400	2140
07/08/2007	2156	2180	2139	2160	3366000	2160
08/08/2007	2165	2198	2150	2185	3702800	2185
09/08/2007	2171	2184	2122	2125	6116700	2125
10/08/2007	2128	2128	2047	2067	6964900	2067
13/08/2007	2121	2141	2087	2133	4180400	2133
14/08/2007	2124	2129	2089	2097	2575900	2097
15/08/2007	2092	2131	2091	2118	2970200	2118
16/08/2007	2079	2114	2061	2068	5420300	2068
17/08/2007	2067	2178	2052	2160	5899300	2160
20/08/2007	2147	2166	2128	2138	3020300	2138
21/08/2007	2159	2160	2100	2109	2287200	2109
22/08/2007	2108	2129	2102	2124	2356900	2124
23/08/2007	2144	2165	2126	2152	3973500	2152
24/08/2007	2149	2180	2134	2176	1209300	2176
27/08/2007	2176	2176	2176	2176	0	2176
28/08/2007	2179	2198	2124	2131	2471600	2131
29/08/2007	2106	2143	2101	2135	2964800	2135
30/08/2007	2156	2177	2136	2171	2843500	2171
31/08/2007	2179	2241	2172	2241	4097700	2241
03/09/2007	2263	2265	2228	2243	1927100	2243
04/09/2007	2252	2252	2220	2245	2762100	2245
05/09/2007	2242	2242	2206	2206	2771300	2206
06/09/2007	2208	2217	2174	2196	5187800	2196
07/09/2007	2190	2226	2172	2179	2480600	2179
10/09/2007	2176	2202	2142	2142	1882500	2142
11/09/2007	2167	2188	2157	2186	2430200	2186
12/09/2007	2195	2212	2165	2202	4385200	2202
13/09/2007	2192	2262	2191	2245	6015700	2245
14/09/2007	2229	2243	2186	2208	2177800	2208
17/09/2007	2191	2233	2184	2193	2885600	2193
18/09/2007	2178	2218	2161	2210	3371100	2210
19/09/2007	2243	2243	2167	2207	3711200	2207
20/09/2007	2190	2232	2181	2215	2224800	2215
21/09/2007	2204	2249	2204	2235	5434200	2235
24/09/2007	2217	2229	2204	2221	1644300	2221
25/09/2007	2221	2241	2207	2231	3187500	2231
26/09/2007	2249	2257	2222	2235	1889000	2235
27/09/2007	2245	2273	2218	2263	2856200	2263
28/09/2007	2257	2271	2211	2241	3507000	2241
01/10/2007	2224	2254	2198	2216	2490600	2216
02/10/2007	2219	2239	2205	2219	1388600	2219
03/10/2007	2232	2255	2215	2249	1727900	2249
04/10/2007	2248	2266	2233	2243	2386100	2243
05/10/2007	2244	2266	2233	2243	1990000	2243
08/10/2007	2240	2248	2205	2208	2537200	2208
09/10/2007	2201	2237	2187	2210	3351600	2210
10/10/2007	2210	2267	2198	2258	5552200	2258
11/10/2007	2257	2282	2242	2277	5789400	2277
12/10/2007	2263	2319	2248	2309	3641400	2309
15/10/2007	2302	2310	2273	2279	1400700	2279
16/10/2007	2283	2309	2268	2298	2918200	2298
17/10/2007	2307	2405	2301	2397	5300600	2397
18/10/2007	2398	2430	2374	2422	3152000	2422
19/10/2007	2429	2432	2397	2417	2113500	2417
22/10/2007	2364	2417	2362	2370	4112300	2370
23/10/2007	2393	2399	2371	2379	1962800	2379
24/10/2007	2392	2392	2366	2376	2028700	2376
25/10/2007	2400	2438	2379	2425	2785500	2425
26/10/2007	2416	2457	2415	2437	2234500	2437
29/10/2007	2449	2474	2415	2443	1772100	2443
30/10/2007	2417	2455	2382	2447	2811400	2447
31/10/2007	2460	2460	2412	2433	2599700	2433
01/11/2007	2394	2454	2394	2423	1443200	2423
02/11/2007	2420	2445	2406	2437	1621000	2437
05/11/2007	2419	2485	2419	2430	1706300	2430
06/11/2007	2449	2465	2426	2453	1511200	2453
07/11/2007	2445	2473	2418	2419	1607000	2419
08/11/2007	2400	2426	2380	2405	2301700	2405
09/11/2007	2409	2424	2368	2383	2086500	2383
12/11/2007	2357	2401	2350	2377	1755400	2377
13/11/2007	2367	2383	2345	2349	1988500	2349
14/11/2007	2346	2397	2324	2384	1743600	2384
15/11/2007	2376	2439	2366	2430	2503300	2430
16/11/2007	2449	2470	2417	2444	1732500	2444
19/11/2007	2430	2499	2406	2406	1381800	2406
20/11/2007	2413	2484	2412	2479	3003300	2479
21/11/2007	2444	2500	2439	2484	2403800	2484
22/11/2007	2500	2532	2475	2491	2783200	2491
23/11/2007	2486	2512	2461	2500	2632400	2500
26/11/2007	2538	2538	2456	2461	1414900	2461
27/11/2007	2457	2462	2402	2426	1641100	2426
28/11/2007	2434	2481	2416	2476	1745300	2476
29/11/2007	2496	2496	2451	2473	1286400	2473
30/11/2007	2480	2532	2468	2515	2378300	2515
03/12/2007	2509	2543	2494	2510	1328100	2510
04/12/2007	2518	2554	2483	2539	1892200	2539
05/12/2007	2559	2624	2549	2615	3087000	2615
06/12/2007	2635	2646	2596	2623	2533800	2623
07/12/2007	2635	2642	2574	2578	1405700	2578
10/12/2007	2572	2623	2572	2593	1282600	2593
11/12/2007	2597	2600	2568	2581	1378900	2581
12/12/2007	2567	2599	2557	2582	2061300	2582
13/12/2007	2571	2571	2518	2518	1752300	2518
14/12/2007	2564	2588	2530	2577	1473900	2577
17/12/2007	2580	2637	2544	2619	1880200	2619
18/12/2007	2600	2683	2581	2651	3044500	2651
19/12/2007	2662	2662	2600	2632	1414500	2632
20/12/2007	2632	2698	2609	2692	3369800	2692
21/12/2007	2708	2724	2651	2719	5012100	2719
24/12/2007	2732	2732	2685	2701	455600	2701
25/12/2007	2701	2701	2701	2701	0	2701
26/12/2007	2701	2701	2701	2701	0	2701
27/12/2007	2662	2729	2662	2692	1234600	2692
28/12/2007	2680	2724	2661	2689	957800	2689
31/12/2007	2682	2726	2675	2712	375300	2712
01/01/2008	2712	2712	2712	2712	0	2712
02/01/2008	2715	2725	2666	2668	901200	2668
03/01/2008	2654	2688	2651	2670	1606300	2670
04/01/2008	2663	2694	2647	2660	1707600	2660
07/01/2008	2695	2695	2627	2650	2521300	2650
08/01/2008	2664	2693	2622	2638	2747000	2638
09/01/2008	2640	2676	2612	2664	2244500	2664
10/01/2008	2666	2777	2666	2752	2656800	2752
11/01/2008	2751	2768	2629	2706	3132100	2706
14/01/2008	2720	2720	2583	2600	2142300	2600
15/01/2008	2604	2630	2595	2611	3527700	2611
16/01/2008	2601	2604	2532	2544	2568500	2544
17/01/2008	2566	2572	2488	2502	2866300	2502
18/01/2008	2513	2521	2455	2496	2992100	2496
21/01/2008	2465	2489	2383	2398	3237100	2398
22/01/2008	2345	2408	2291	2300	6219700	2300
23/01/2008	2337	2352	2134	2212	6506500	2212
24/01/2008	2250	2275	2212	2228	4696800	2228
25/01/2008	2280	2483	2251	2430	8459500	2430
28/01/2008	2415	2473	2338	2370	3776000	2370
29/01/2008	2380	2383	2312	2365	2768900	2365
30/01/2008	2370	2389	2324	2349	2336800	2349
31/01/2008	2335	2468	2325	2450	4239300	2450
01/02/2008	2460	2464	2414	2454	2864000	2454
04/02/2008	2478	2478	2420	2440	1210400	2440
05/02/2008	2439	2474	2387	2393	3106400	2393
06/02/2008	2389	2475	2384	2397	2082200	2397
07/02/2008	2399	2399	2319	2360	3408900	2360
08/02/2008	2378	2385	2336	2363	1718400	2363
11/02/2008	2358	2395	2334	2386	1941900	2386
12/02/2008	2407	2412	2383	2404	1879500	2404
13/02/2008	2370	2415	2363	2409	1497700	2409
14/02/2008	2409	2425	2380	2397	1442000	2397
15/02/2008	2409	2423	2338	2385	1721400	2385
18/02/2008	2394	2448	2388	2445	1267000	2445
19/02/2008	2420	2444	2391	2408	2058700	2408
20/02/2008	2400	2410	2358	2404	1662600	2404
21/02/2008	2405	2405	2349	2355	1708700	2355
22/02/2008	2340	2380	2323	2336	1627000	2336
25/02/2008	2346	2377	2328	2350	1438400	2350
26/02/2008	2365	2370	2333	2367	1640100	2367
27/02/2008	2388	2388	2329	2376	1482800	2376
28/02/2008	2381	2428	2337	2351	2127900	2351
29/02/2008	2354	2357	2302	2340	2485600	2340
03/03/2008	2317	2375	2304	2369	2318000	2369
04/03/2008	2376	2382	2341	2372	1862500	2372
05/03/2008	2380	2389	2343	2368	1605800	2368
06/03/2008	2363	2393	2335	2363	2164700	2363
07/03/2008	2360	2365	2333	2344	1657300	2344
10/03/2008	2349	2400	2349	2381	2228100	2381
11/03/2008	2390	2406	2353	2383	2444200	2383
12/03/2008	2457	2457	2352	2373	1965700	2373
13/03/2008	2353	2379	2326	2350	2324300	2350
14/03/2008	2339	2361	2272	2291	3135200	2291
17/03/2008	2254	2273	2233	2257	1896000	2257
18/03/2008	2263	2281	2247	2264	2569800	2264
19/03/2008	2275	2340	2231	2325	3474800	2325
20/03/2008	2363	2365	2316	2355	3228800	2355
21/03/2008	2355	2355	2355	2355	0	2355
24/03/2008	2355	2355	2355	2355	0	2355
25/03/2008	2372	2380	2289	2300	3189400	2300
26/03/2008	2290	2294	2261	2277	2558100	2277
27/03/2008	2283	2309	2256	2306	1670200	2306
28/03/2008	2300	2325	2273	2315	1188600	2315
31/03/2008	2310	2320	2275	2318	1555800	2318
01/04/2008	2307	2389	2304	2385	2073900	2385
02/04/2008	2390	2405	2311	2334	2015600	2334
03/04/2008	2354	2376	2307	2366	1940500	2366
04/04/2008	2375	2396	2335	2387	1224200	2387
07/04/2008	2408	2408	2370	2386	1235100	2386
08/04/2008	2376	2400	2339	2350	2061500	2350
09/04/2008	2346	2350	2297	2303	2079300	2303
10/04/2008	2295	2321	2277	2304	1734100	2304
11/04/2008	2322	2356	2297	2331	2369800	2331
14/04/2008	2320	2368	2309	2328	1632800	2328
15/04/2008	2323	2401	2310	2390	2362700	2390
16/04/2008	2408	2457	2388	2451	3181900	2451
17/04/2008	2467	2484	2440	2473	2451200	2473
18/04/2008	2482	2582	2477	2529	3148500	2529
21/04/2008	2555	2576	2496	2518	3081400	2518
22/04/2008	2505	2542	2497	2510	1462500	2510
23/04/2008	2548	2548	2491	2528	2003600	2528
24/04/2008	2517	2541	2498	2541	1933400	2541
25/04/2008	2530	2550	2500	2550	2833500	2550
28/04/2008	2543	2555	2516	2543	2183900	2543
29/04/2008	2531	2531	2450	2464	2196000	2464
30/04/2008	2457	2494	2396	2419	3079400	2419
01/05/2008	2425	2479	2389	2467	989100	2467
02/05/2008	2479	2500	2447	2463	1651200	2463
05/05/2008	2463	2463	2463	2463	0	2463
06/05/2008	2445	2468	2423	2438	2001800	2438
07/05/2008	2447	2500	2440	2463	1710900	2463
08/05/2008	2453	2487	2416	2484	1883000	2484
09/05/2008	2485	2512	2476	2494	2449800	2494
12/05/2008	2503	2520	2491	2500	1366000	2500
13/05/2008	2513	2578	2511	2540	4193000	2540
14/05/2008	2547	2575	2533	2563	2526500	2563
15/05/2008	2563	2586	2539	2550	1895200	2550
16/05/2008	2559	2634	2550	2602	3142400	2602
19/05/2008	2605	2631	2596	2618	2008100	2618
20/05/2008	2559	2600	2455	2455	5551800	2455
21/05/2008	2146	2201	2111	2187	5206400	2187
22/05/2008	2200	2207	2091	2095	5720300	2095
23/05/2008	2132	2147	2089	2129	5280100	2129
26/05/2008	2129	2129	2129	2129	0	2129
27/05/2008	2144	2144	2056	2065	4519600	2065
28/05/2008	2065	2076	2021	2036	5548900	2036
29/05/2008	2060	2090	2009	2027	7715300	2027
30/05/2008	2038	2059	1991	2025	9474000	2025
02/06/2008	2010	2049	1945	1970	7900200	1970
03/06/2008	1971	2029	1968	2028	10291500	2028
04/06/2008	2008	2047	1980	1998	12093600	1998
05/06/2008	2007	2033	1964	1974	14633600	1974
06/06/2008	2002	2002	1927	1949	19173800	1949
09/06/2008	1952	1993	1947	1966	7681100	1966
10/06/2008	1975	2027	1948	2003	8638600	2003
11/06/2008	2024	2040	2008	2023	11223500	2023
12/06/2008	2030	2049	2001	2041	8579600	2041
13/06/2008	2016	2027	2000	2005	4382400	2005
16/06/2008	2001	2007	1966	1980	5006200	1980
17/06/2008	2020	2020	1972	1975	5059500	1975
18/06/2008	1983	2006	1942	1943	6346900	1943
19/06/2008	1936	1946	1834	1879	10772100	1879
20/06/2008	1878	1908	1867	1871	7471700	1871
23/06/2008	1885	1919	1851	1913	5113400	1913
24/06/2008	1925	1925	1885	1911	4433100	1911
25/06/2008	1911	1935	1878	1904	3611100	1904
26/06/2008	1904	1906	1805	1806	4920300	1806
27/06/2008	1807	1843	1745	1826	8311600	1826
30/06/2008	1826	1875	1807	1871	4879300	1871
01/07/2008	1853	1869	1802	1836	4611700	1836
02/07/2008	1844	1850	1771	1771	4648100	1771
03/07/2008	1769	1845	1763	1845	4645800	1845
04/07/2008	1865	1888	1812	1848	3519300	1848
07/07/2008	1861	1894	1845	1886	2659900	1886
08/07/2008	1855	1893	1835	1881	3282200	1881
09/07/2008	1900	1900	1860	1876	3473700	1876
10/07/2008	1863	1867	1775	1775	6296100	1775
11/07/2008	1769	1800	1709	1717	5509700	1717
14/07/2008	1730	1739	1665	1678	5472300	1678
15/07/2008	1670	1721	1619	1710	8306200	1710
16/07/2008	1712	1754	1669	1693	4687700	1693
17/07/2008	1690	1724	1662	1710	5501900	1710
18/07/2008	1699	1763	1678	1739	4712100	1739
21/07/2008	1731	1731	1680	1699	2926900	1699
22/07/2008	1695	1760	1661	1750	4819900	1750
23/07/2008	1762	1797	1743	1768	3889600	1768
24/07/2008	1792	1817	1743	1797	6061000	1797
25/07/2008	1786	1844	1770	1833	5987200	1833
28/07/2008	1802	1833	1799	1819	4737300	1819
29/07/2008	1800	1838	1794	1830	1698300	1830
30/07/2008	1822	1912	1822	1899	3817900	1899
31/07/2008	1888	1922	1858	1890	7652000	1890
01/08/2008	1892	1899	1832	1868	5100600	1868
04/08/2008	1885	1902	1862	1900	3382900	1900
05/08/2008	1910	1957	1903	1955	2969100	1955
06/08/2008	1931	1977	1917	1932	6081300	1932
07/08/2008	1942	1942	1878	1878	4218400	1878
08/08/2008	1869	1891	1837	1874	3595500	1874
11/08/2008	1875	1882	1849	1863	3075700	1863
12/08/2008	1854	1861	1778	1798	5314500	1798
13/08/2008	1801	1841	1800	1802	4248100	1802
14/08/2008	1820	1839	1779	1827	2921500	1827
15/08/2008	1835	1880	1826	1871	3179200	1871
18/08/2008	1851	1870	1836	1863	3113700	1863
19/08/2008	1900	1900	1827	1830	2842300	1830
20/08/2008	1819	1836	1804	1807	2129100	1807
21/08/2008	1795	1805	1756	1763	2505000	1763
22/08/2008	1765	1785	1741	1780	3431600	1780
25/08/2008	1780	1780	1780	1780	0	1780
26/08/2008	1764	1803	1752	1794	2640400	1794
27/08/2008	1814	1823	1777	1812	2564100	1812
28/08/2008	1804	1807	1772	1788	3395600	1788
29/08/2008	1796	1819	1770	1812	2562600	1812
01/09/2008	1801	1873	1782	1860	2054100	1860
02/09/2008	1858	1913	1858	1913	4274800	1913
03/09/2008	1901	1914	1863	1868	3832300	1868
04/09/2008	1882	1882	1785	1790	3109900	1790
05/09/2008	1775	1784	1742	1761	4411500	1761
08/09/2008	1800	1809	1764	1775	2196600	1775
09/09/2008	1797	1831	1777	1825	5531700	1825
10/09/2008	1817	1826	1742	1802	3397700	1802
11/09/2008	1805	1805	1758	1767	3331900	1767
12/09/2008	1788	1788	1681	1737	4707700	1737
15/09/2008	1675	1749	1606	1665	8211300	1665
16/09/2008	1634	1698	1598	1659	8274100	1659
17/09/2008	1655	1686	1603	1627	5471400	1627
18/09/2008	1656	1746	1600	1700	11015600	1700
19/09/2008	1680	1837	1653	1771	6143500	1771
22/09/2008	1760	1800	1719	1730	3058500	1730
23/09/2008	1735	1773	1717	1758	4569500	1758
24/09/2008	1787	1836	1765	1818	5186700	1818
25/09/2008	1840	1878	1796	1868	6509300	1868
26/09/2008	1869	1896	1838	1854	4203800	1854
29/09/2008	1830	1851	1747	1747	3291800	1747
30/09/2008	1740	1815	1680	1797	5449500	1797
01/10/2008	1797	1854	1786	1840	4832800	1840
02/10/2008	1840	1865	1817	1849	2480300	1849
03/10/2008	1818	1853	1799	1846	3759900	1846
06/10/2008	1819	1819	1683	1701	2901900	1701
07/10/2008	1710	1779	1688	1753	2191500	1753
08/10/2008	1710	1775	1590	1625	4371900	1625
09/10/2008	1637	1670	1565	1589	4374900	1589
10/10/2008	1540	1546	1410	1440	4841500	1440
13/10/2008	1510	1567	1368	1530	8060400	1530
14/10/2008	1590	1635	1543	1599	2955500	1599
15/10/2008	1592	1592	1514	1534	4181200	1534
16/10/2008	1534	1534	1457	1489	2929700	1489
17/10/2008	1569	1569	1463	1540	4587500	1540
20/10/2008	1571	1603	1535	1586	3442000	1586
21/10/2008	1625	1636	1561	1570	5318200	1570
22/10/2008	1524	1553	1497	1510	5914200	1510
23/10/2008	1580	1583	1471	1497	5175800	1497
24/10/2008	1485	1486	1379	1444	5128400	1444
27/10/2008	1411	1531	1376	1503	5547900	1503
28/10/2008	1531	1650	1474	1595	7330100	1595
29/10/2008	1620	1673	1603	1670	6779600	1670
30/10/2008	1672	1718	1575	1591	5711600	1591
31/10/2008	1618	1681	1587	1665	5326800	1665
03/11/2008	1677	1677	1610	1645	2746900	1645
04/11/2008	1649	1726	1623	1715	4398100	1715
05/11/2008	1720	1720	1670	1703	2416600	1703
06/11/2008	1673	1693	1615	1631	3115400	1631
07/11/2008	1641	1705	1622	1685	3072200	1685
10/11/2008	1720	1733	1670	1675	1623100	1675
11/11/2008	1655	1655	1607	1621	1772100	1621
12/11/2008	1641	1679	1606	1616	2619600	1616
13/11/2008	1584	1622	1544	1565	4103000	1565
14/11/2008	1618	1644	1567	1590	3180100	1590
17/11/2008	1573	1608	1566	1588	2400600	1588
18/11/2008	1577	1607	1547	1600	2936100	1600
19/11/2008	1615	1619	1572	1579	4287800	1579
20/11/2008	1530	1555	1499	1527	4842100	1527
21/11/2008	1528	1528	1453	1472	3596300	1472
24/11/2008	1491	1592	1474	1577	4559800	1577
25/11/2008	1526	1625	1470	1470	6214200	1470
26/11/2008	1447	1563	1429	1544	5966300	1544
27/11/2008	1526	1639	1525	1616	3778500	1616
28/11/2008	1629	1636	1593	1618	5033500	1618
01/12/2008	1665	1685	1564	1579	4596800	1579
02/12/2008	1555	1604	1545	1585	3358800	1585
03/12/2008	1588	1649	1571	1638	4287100	1638
04/12/2008	1628	1676	1608	1640	4046500	1640
05/12/2008	1632	1671	1586	1624	3609600	1624
08/12/2008	1683	1708	1650	1683	3775000	1683
09/12/2008	1650	1712	1632	1679	4347800	1679
10/12/2008	1640	1692	1610	1665	3501100	1665
11/12/2008	1671	1717	1652	1674	2502600	1674
12/12/2008	1621	1661	1610	1654	2483600	1654
15/12/2008	1644	1665	1628	1648	2046100	1648
16/12/2008	1630	1667	1630	1649	1984400	1649
17/12/2008	1669	1677	1614	1644	2967000	1644
18/12/2008	1647	1709	1640	1709	3022800	1709
19/12/2008	1695	1766	1686	1743	6155500	1743
22/12/2008	1723	1780	1704	1750	2146000	1750
23/12/2008	1763	1808	1753	1770	2271800	1770
24/12/2008	1800	1832	1778	1810	997200	1810
25/12/2008	1810	1810	1810	1810	0	1810
26/12/2008	1810	1810	1810	1810	0	1810
29/12/2008	1802	1828	1769	1815	2197000	1815
30/12/2008	1826	1834	1800	1815	1530100	1815
31/12/2008	1800	1855	1800	1850	703600	1850
01/01/2009	1850	1850	1850	1850	0	1850
02/01/2009	1850	1904	1800	1899	1081300	1899
05/01/2009	1924	1924	1818	1856	2882000	1856
06/01/2009	1869	1877	1826	1846	3125300	1846
07/01/2009	1832	1869	1801	1820	2921100	1820
08/01/2009	1819	1877	1801	1868	2155500	1868
09/01/2009	1881	1898	1855	1873	2863400	1873
12/01/2009	1863	1905	1863	1892	2763400	1892
13/01/2009	1881	1896	1838	1860	3834700	1860
14/01/2009	1879	1879	1781	1815	5073200	1815
15/01/2009	1820	1887	1818	1880	5943200	1880
16/01/2009	1904	1910	1879	1891	4627300	1891
19/01/2009	1910	1943	1866	1908	2754800	1908
20/01/2009	1912	1983	1900	1940	4501500	1940
21/01/2009	1901	1918	1814	1827	6108100	1827
22/01/2009	1843	1855	1813	1836	4134200	1836
23/01/2009	1844	1873	1814	1849	5096800	1849
26/01/2009	1839	1877	1821	1873	3497300	1873
27/01/2009	1859	1896	1833	1892	2382200	1892
28/01/2009	1899	1919	1886	1899	2339600	1899
29/01/2009	1896	1910	1848	1859	3647400	1859
30/01/2009	1863	1899	1844	1893	3856100	1893
02/02/2009	1900	1900	1837	1851	2314100	1851
03/02/2009	1861	1887	1821	1875	2411800	1875
04/02/2009	1874	1889	1807	1829	4328900	1829
05/02/2009	1810	1842	1786	1821	2927800	1821
06/02/2009	1821	1829	1754	1778	4636600	1778
09/02/2009	1779	1793	1746	1785	3072800	1785
10/02/2009	1778	1790	1748	1750	3173000	1750
11/02/2009	1750	1788	1738	1778	3329300	1778
12/02/2009	1764	1788	1741	1784	3441800	1784
13/02/2009	1783	1827	1770	1780	2878700	1780
16/02/2009	1782	1786	1760	1770	1266300	1770
17/02/2009	1766	1773	1738	1756	3055400	1756
18/02/2009	1763	1775	1718	1754	2812500	1754
19/02/2009	1755	1772	1729	1769	2064200	1769
20/02/2009	1749	1760	1718	1720	3817200	1720
23/02/2009	1731	1747	1675	1683	3173400	1683
24/02/2009	1690	1696	1640	1660	2865900	1660
25/02/2009	1672	1672	1620	1655	4125000	1655
26/02/2009	1651	1681	1642	1651	4244000	1651
27/02/2009	1639	1697	1624	1680	4763200	1680
02/03/2009	1667	1681	1603	1611	3357900	1611
03/03/2009	1612	1622	1545	1555	3474900	1555
04/03/2009	1568	1580	1512	1565	4140200	1565
05/03/2009	1558	1597	1546	1554	3032100	1554
06/03/2009	1559	1560	1518	1533	3083800	1533
09/03/2009	1533	1579	1522	1570	3428500	1570
10/03/2009	1590	1661	1570	1657	5208400	1657
11/03/2009	1663	1693	1625	1631	3737400	1631
12/03/2009	1640	1660	1597	1645	2951600	1645
13/03/2009	1650	1657	1604	1620	2260300	1620
16/03/2009	1646	1653	1632	1642	3569500	1642
17/03/2009	1644	1644	1594	1609	3476800	1609
18/03/2009	1630	1641	1565	1584	3727700	1584
19/03/2009	1588	1598	1527	1545	5277200	1545
20/03/2009	1538	1602	1537	1580	6143000	1580
23/03/2009	1599	1605	1544	1583	3536800	1583
24/03/2009	1614	1631	1580	1613	2954600	1613
25/03/2009	1604	1626	1560	1570	3224600	1570
26/03/2009	1572	1572	1533	1542	3083500	1542
27/03/2009	1536	1552	1505	1531	5260300	1531
30/03/2009	1515	1567	1500	1533	3072700	1533
31/03/2009	1532	1576	1528	1567	3435800	1567
01/04/2009	1580	1582	1539	1567	2260000	1567
02/04/2009	1587	1604	1553	1581	5928100	1581
03/04/2009	1573	1590	1532	1543	7055300	1543
06/04/2009	1536	1560	1506	1514	2621500	1514
07/04/2009	1523	1538	1491	1516	3244900	1516
08/04/2009	1501	1557	1496	1532	3286800	1532
09/04/2009	1524	1530	1473	1477	4591700	1477
10/04/2009	1477	1477	1477	1477	0	1477
13/04/2009	1477	1477	1477	1477	0	1477
14/04/2009	1489	1489	1412	1430	5624500	1430
15/04/2009	1427	1486	1424	1482	3140800	1482
16/04/2009	1480	1502	1455	1500	2788500	1500
17/04/2009	1508	1554	1486	1543	4867300	1543
20/04/2009	1529	1563	1514	1525	1357500	1525
21/04/2009	1532	1542	1483	1507	1438000	1507
22/04/2009	1512	1516	1466	1490	2017600	1490
23/04/2009	1485	1557	1485	1525	461500	1525
24/04/2009	1531	1559	1518	1536	465600	1536
27/04/2009	1528	1545	1514	1524	350900	1524
28/04/2009	1509	1562	1496	1552	969700	1552
29/04/2009	1560	1565	1536	1558	634400	1558
30/04/2009	1579	1579	1541	1551	1018800	1551
01/05/2009	1527	1535	1503	1522	864800	1522
04/05/2009	1522	1522	1522	1522	0	1522
05/05/2009	1550	1557	1485	1510	3647700	1510
06/05/2009	1504	1572	1504	1547	889200	1547
07/05/2009	1556	1590	1546	1559	2202000	1559
08/05/2009	1563	1600	1553	1590	1146000	1590
11/05/2009	1583	1638	1566	1632	590400	1632
12/05/2009	1592	1593	1526	1567	3884600	1567
13/05/2009	1575	1616	1567	1583	697100	1583
14/05/2009	1589	1606	1567	1601	1109200	1601
15/05/2009	1610	1635	1589	1620	1144500	1620
18/05/2009	1606	1632	1596	1625	390700	1625
19/05/2009	1639	1639	1605	1613	1778600	1613
20/05/2009	1616	1629	1606	1619	351400	1619
21/05/2009	1616	1628	1600	1615	614000	1615
22/05/2009	1621	1627	1601	1608	1427500	1608
25/05/2009	1608	1608	1608	1608	0	1608
26/05/2009	1610	1655	1597	1651	409900	1651
27/05/2009	1660	1660	1622	1647	555000	1647
28/05/2009	1632	1648	1607	1633	528900	1633
29/05/2009	1645	1659	1592	1600	1191800	1600
01/06/2009	1632	1632	1588	1599	1361400	1599
02/06/2009	1596	1602	1579	1585	2005300	1585
03/06/2009	1593	1618	1580	1600	1932300	1600
04/06/2009	1600	1627	1600	1616	974700	1616
05/06/2009	1618	1639	1607	1618	507200	1618
08/06/2009	1609	1621	1588	1610	323900	1610
09/06/2009	1620	1624	1594	1605	1684200	1605
10/06/2009	1618	1627	1602	1607	1992000	1607
11/06/2009	1600	1621	1583	1611	1148200	1611
12/06/2009	1605	1634	1605	1615	952900	1615
15/06/2009	1610	1612	1581	1582	1606000	1582
16/06/2009	1585	1614	1585	1593	1062600	1593
17/06/2009	1581	1588	1569	1584.21	1046900	1584.21
18/06/2009	1602	1618	1575	1606.2	1674900	1606.2
19/06/2009	1612	1625	1589	1616	3914200	1616
22/06/2009	1610	1622	1590	1601.91	801200	1601.91
23/06/2009	1594	1616	1594	1612	601600	1612
24/06/2009	1614	1624	1590	1615.34	704600	1615.34
25/06/2009	1612	1619	1574	1592	863200	1592
26/06/2009	1594	1611	1570	1576	562800	1576
29/06/2009	1576	1590	1562	1569	648700	1569
30/06/2009	1569	1579	1547	1578	1866700	1578
01/07/2009	1579	1604	1571	1594.06	716300	1594.06
02/07/2009	1584	1593	1556	1564.33	706200	1564.33
03/07/2009	1562	1593	1554	1579.21	610100	1579.21
06/07/2009	1586	1611	1564	1603.08	1031000	1603.08
07/07/2009	1611	1612	1582	1586.95	1080500	1586.95
08/07/2009	1587	1606	1585	1601.91	922200	1601.91
09/07/2009	1599	1625	1575	1618.77	643800	1618.77
10/07/2009	1608	1608	1586	1594.65	980100	1594.65
13/07/2009	1585	1624	1582	1618.25	401800	1618.25
14/07/2009	1616	1616	1590	1605	622200	1605
15/07/2009	1613	1628	1596	1621.19	1031700	1621.19
16/07/2009	1627	1656	1624	1638	404500	1638
17/07/2009	1649	1649	1624	1638.66	1051900	1638.66
20/07/2009	1643	1646	1620	1631	609700	1631
21/07/2009	1628	1652	1614	1634.77	976600	1634.77
22/07/2009	1625	1681	1617	1675.15	947200	1675.15
23/07/2009	1681	1686	1641	1663.77	828100	1663.77
24/07/2009	1653	1667	1629	1667	694600	1667
27/07/2009	1675	1676	1625	1639	1025500	1639
28/07/2009	1634	1649	1624	1631	649600	1631
29/07/2009	1631	1682	1625	1676.39	868900	1676.39
30/07/2009	1678	1717	1667	1699.15	1019300	1699.15
31/07/2009	1685	1736	1683	1711	1958300	1711
03/08/2009	1710	1710	1662	1669	1432100	1669
04/08/2009	1669	1702	1658	1679	494600	1679
05/08/2009	1673	1685	1646	1652	541700	1652
06/08/2009	1662	1667	1642	1647	397900	1647
07/08/2009	1651	1686	1643	1680.67	852600	1680.67
10/08/2009	1686	1686	1656	1663	577700	1663
11/08/2009	1673	1686	1659	1676.16	808500	1676.16
12/08/2009	1679	1719	1675	1708.15	956700	1708.15
13/08/2009	1708	1721	1681	1707	727200	1707
14/08/2009	1702	1724	1699	1702	657300	1702
17/08/2009	1694	1707	1672	1680	575400	1680
18/08/2009	1688	1688	1672	1684	977800	1684
19/08/2009	1681	1714	1674	1697.15	1024300	1697.15
20/08/2009	1713	1726	1698	1713.14	958400	1713.14
21/08/2009	1714	1761	1714	1747.13	872400	1747.13
24/08/2009	1744	1747	1721	1734	2227900	1734
25/08/2009	1730	1749	1728	1731	1362500	1731
26/08/2009	1720	1748	1720	1738.13	1426400	1738.13
27/08/2009	1732	1746	1716	1724	1461100	1724
28/08/2009	1728	1746	1717	1730	2258000	1730
31/08/2009	1730	1730	1730	1730	0	1730
01/09/2009	1747	1760	1721	1723	2504900	1723
02/09/2009	1720	1750	1706	1749	2451200	1749
03/09/2009	1761	1762	1715	1717	3941400	1717
04/09/2009	1718	1728	1710	1710	2119800	1710
07/09/2009	1721	1752	1717	1736	2240700	1736
08/09/2009	1745	1746	1718	1723	2209500	1723
09/09/2009	1722	1741	1709	1727	2232300	1727
10/09/2009	1736	1766	1731	1750	2553000	1750
11/09/2009	1763	1769	1748	1764	2482800	1764
14/09/2009	1775	1781	1760	1770	1589400	1770
15/09/2009	1768	1791	1758	1758	2625600	1758
16/09/2009	1758	1767	1747	1764	1871700	1764
17/09/2009	1777	1785	1759	1775	1564900	1775
18/09/2009	1781	1789	1761	1770	5363300	1770
21/09/2009	1774	1774	1744	1752	2598800	1752
22/09/2009	1760	1775	1752	1758	3348200	1758
23/09/2009	1757	1794	1756	1780	5856500	1780
24/09/2009	1784	1824	1772	1795	4644700	1795
25/09/2009	1802	1815	1788	1799	2842100	1799
28/09/2009	1807	1828	1794	1805	3153500	1805
29/09/2009	1800	1813	1787	1797	1119500	1797
30/09/2009	1798	1809	1778	1808	3900700	1808
01/10/2009	1815	1834	1804	1822.25	3683900	1822.25
02/10/2009	1810	1821	1790	1809	3156300	1809
05/10/2009	1814	1814	1792	1814	1855200	1814
06/10/2009	1810	1829	1797	1806	2185100	1806
07/10/2009	1799	1811	1783	1785	2395900	1785
08/10/2009	1798	1818	1775	1800	2910900	1800
09/10/2009	1797	1810	1787	1810	1935300	1810
12/10/2009	1810	1826	1800	1803	1545300	1803
13/10/2009	1806	1831	1799	1805	2761500	1805
14/10/2009	1831	1854	1825	1826	2785700	1826
15/10/2009	1827	1842	1811	1811	2583500	1811
16/10/2009	1814	1835	1810	1816	2733900	1816
19/10/2009	1814	1852	1814	1846	1878500	1846
20/10/2009	1843	1854	1828	1837	1841300	1837
21/10/2009	1838	1846	1819	1838	1768200	1838
22/10/2009	1828	1834	1809	1809	1923600	1809
23/10/2009	1815	1838	1814	1817	2196500	1817
26/10/2009	1826	1830	1802	1812	2757200	1812
27/10/2009	1822	1841	1812	1827	2794300	1827
28/10/2009	1820	1825	1791	1807	3072800	1807
29/10/2009	1811	1822	1787	1806	3154800	1806
30/10/2009	1810	1830	1796	1800	2930900	1800
02/11/2009	1795	1804	1782	1800	2398900	1800
03/11/2009	1791	1791	1768	1780	2157500	1780
04/11/2009	1783	1796	1765	1791	2123100	1791
05/11/2009	1780	1822	1778	1814	2451700	1814
06/11/2009	1810	1834	1807	1823	1831400	1823
09/11/2009	1825	1836	1807	1828	2256000	1828
10/11/2009	1847	1902	1839	1870	4550400	1870
11/11/2009	1873	1890	1863	1872	2045500	1872
12/11/2009	1876	1892	1862	1885	2013500	1885
13/11/2009	1875	1900	1875	1898	1718200	1898
16/11/2009	1898	1906	1879	1892	2205600	1892
17/11/2009	1892	1905	1886	1886	2169400	1886
18/11/2009	1898	1901	1846	1852	2842200	1852
19/11/2009	1846	1875	1820	1833	3049500	1833
20/11/2009	1836	1851	1824	1834	4607600	1834
23/11/2009	1838	1867	1837	1852	1634200	1852
24/11/2009	1850	1860	1833	1846.32	1738200	1846.32
25/11/2009	1835	1849	1812	1822	2636100	1822
26/11/2009	1826	1826	1767	1767	5003800	1767
27/11/2009	1755	1779	1755	1776	3762300	1776
30/11/2009	1776	1795	1768	1768	4741000	1768
01/12/2009	1785	1820	1780	1814	4568400	1814
02/12/2009	1812	1841	1812	1836	2744100	1836
03/12/2009	1852	1872	1844	1857	2441100	1857
04/12/2009	1850	1904	1848	1883.96	4255800	1883.96
07/12/2009	1879	1904	1875	1890	2418500	1890
08/12/2009	1883	1903	1861	1873	2184600	1873
09/12/2009	1865	1897	1865	1887	2444700	1887
10/12/2009	1882	1892	1874	1882	3774600	1882
11/12/2009	1888	1908	1881	1901	2499800	1901
14/12/2009	1914	1919	1901	1907	1461800	1907
15/12/2009	1924	1924	1898	1913	1969100	1913
16/12/2009	1910	1916	1888	1894	2070000	1894
17/12/2009	1894	1897	1879	1880	2306300	1880
18/12/2009	1876	1898	1869	1871	4311100	1871
21/12/2009	1869	1920	1867	1910	2702900	1910
22/12/2009	1907	1957	1907	1944	3349100	1944
23/12/2009	1957	1968	1940	1947	2000900	1947
24/12/2009	1940	1960	1938	1949	663600	1949
29/12/2009	1959	1975	1938	1961	1681200	1961
30/12/2009	1955	1975	1955	1962	1105700	1962
31/12/2009	1969	1988	1946	1960	375700	1960
