Date	Open	High	Low	Close	Volume	Adj Close
03/01/2006	1666	1666	1646	1662	1744700	1428.77
04/01/2006	1672	1692	1663	1679	2263100	1443.39
05/01/2006	1681	1681	1636	1648	3123200	1416.74
06/01/2006	1658	1658	1624	1631	2382900	1402.12
09/01/2006	1604	1608	1575	1577	4075100	1355.7
10/01/2006	1583	1599	1571	1594	3434400	1370.32
11/01/2006	1600	1600	1585	1594	1695000	1370.32
12/01/2006	1588	1595	1560	1580	2419500	1358.28
13/01/2006	1585	1585	1571	1582	1094600	1360
16/01/2006	1594	1602	1575	1601	756400	1376.33
17/01/2006	1581	1605	1576	1587	2684700	1364.3
18/01/2006	1576	1585	1550	1583	2024400	1360.86
19/01/2006	1585	1632	1585	1629	4346700	1400.4
20/01/2006	1625	1668	1625	1649	4299400	1417.6
23/01/2006	1641	1651	1623	1632	1135700	1402.98
24/01/2006	1623	1638	1619	1626	1558800	1397.83
25/01/2006	1639	1673	1635	1673	2098800	1438.23
26/01/2006	1680	1686	1648	1656	2565900	1423.62
27/01/2006	1673	1674	1647	1672	2712400	1437.37
30/01/2006	1667	1668	1646	1662	2054800	1428.77
31/01/2006	1656	1688	1637	1685	1874600	1448.55
01/02/2006	1685	1755	1677	1752	5620200	1506.14
02/02/2006	1752	1752	1732	1744	3484800	1499.27
03/02/2006	1741	1755	1721	1729	1957100	1486.37
06/02/2006	1726	1736	1716	1730	1240300	1487.23
07/02/2006	1746	1755	1703	1725	2604500	1482.93
08/02/2006	1711	1746	1711	1740	2472600	1495.83
09/02/2006	1740	1765	1739	1755	2460200	1508.72
10/02/2006	1758	1791	1746	1780	2370700	1530.21
13/02/2006	1789	1789	1754	1768	2907700	1519.9
14/02/2006	1782	1815	1782	1815	2992000	1560.3
15/02/2006	1817	1826	1801	1818	1247100	1562.88
16/02/2006	1823	1823	1797	1809	1562700	1555.14
17/02/2006	1809	1809	1795	1799	1170600	1546.55
20/02/2006	1808	1824	1791	1815	1031900	1560.3
21/02/2006	1831	1838	1806	1819	1882400	1563.74
22/02/2006	1801	1836	1801	1835	1697300	1577.5
23/02/2006	1841	1847	1825	1835	1989900	1577.5
24/02/2006	1845	1846	1822	1842	3710900	1583.51
27/02/2006	1849	1882	1842	1877	2877900	1613.6
28/02/2006	1870	1903	1838	1841	2723400	1582.65
01/03/2006	1857	1873	1840	1872	1915900	1609.3
02/03/2006	1869	1896	1867	1877	2250400	1613.6
03/03/2006	1871	1884	1838	1864	1732000	1602.43
06/03/2006	1864	1904	1856	1883	1947600	1618.76
07/03/2006	1872	1877	1812	1842	3362400	1583.51
08/03/2006	1842	1843	1804	1805	3746800	1551.71
09/03/2006	1821	1822	1807	1811	1476100	1556.86
10/03/2006	1811	1825	1804	1809	2314500	1555.14
13/03/2006	1811	1832	1811	1814	2578500	1559.44
14/03/2006	1805	1837	1805	1834	2086400	1576.64
15/03/2006	1835	1864	1835	1850	1870400	1590.39
16/03/2006	1851	1869	1849	1868	1542000	1605.87
17/03/2006	1875	1889	1870	1884	2887300	1619.62
20/03/2006	1887	1893	1840	1847	4781900	1587.81
21/03/2006	1853	1853	1824	1843	1709400	1584.37
22/03/2006	1844	2080	1840	2080	13696000	1788.12
23/03/2006	2105	2149	1987	2000	9566300	1719.34
24/03/2006	2001	2016	1970	1989	5814600	1709.89
27/03/2006	1989	1995	1938	1948	3433700	1674.64
28/03/2006	1957	1970	1910	1914	4031400	1645.41
29/03/2006	1919	1949	1887	1924	3832000	1654.01
30/03/2006	1923	1955	1923	1948	1867000	1674.64
31/03/2006	1953	1958	1923	1928	2012300	1657.45
03/04/2006	1928	1954	1921	1930	2346800	1659.17
04/04/2006	1933	1933	1910	1916	3731600	1647.13
05/04/2006	1925	1932	1905	1912	1708600	1643.69
06/04/2006	1919	1920	1856	1910	2698300	1641.97
07/04/2006	1910	1923	1908	1912	3845000	1643.69
10/04/2006	1903	1919	1894	1911	2337000	1642.83
11/04/2006	1916	1916	1846	1853	3535300	1592.97
12/04/2006	1843	1857	1813	1847	4834900	1587.81
13/04/2006	1850	1897	1850	1889	4818500	1623.92
14/04/2006	1889	1889	1889	1889	0	1623.92
17/04/2006	1889	1889	1889	1889	0	1623.92
18/04/2006	1897	1926	1897	1911	4369800	1642.83
19/04/2006	1930	1953	1921	1930	3512100	1659.17
20/04/2006	1933	1933	1900	1917	2074000	1647.99
21/04/2006	1928	1935	1918	1924	1679400	1654.01
24/04/2006	1918	1925	1900	1904	2019200	1636.81
25/04/2006	1916	1928	1890	1890	2432500	1624.78
26/04/2006	1900	1944	1865	1870	3389900	1607.58
27/04/2006	1871	1873	1846	1864	4511800	1602.43
28/04/2006	1864	1870	1850	1854	3024700	1593.83
01/05/2006	1854	1854	1854	1854	0	1593.83
02/05/2006	1845	1866	1836	1848	3570800	1588.67
03/05/2006	1854	1870	1840	1845	2302500	1586.09
04/05/2006	1840	1900	1840	1894	4898500	1628.22
05/05/2006	1889	1909	1883	1905	2954500	1637.67
08/05/2006	1917	1936	1914	1924	3330600	1654.01
09/05/2006	1930	1939	1921	1937	1830900	1665.18
10/05/2006	1931	1943	1926	1930	2694200	1659.17
11/05/2006	1924	1946	1906	1912	2171300	1643.69
12/05/2006	1905	1909	1858	1871	3286400	1608.44
15/05/2006	1869	1869	1796	1836	4054300	1578.36
16/05/2006	1832	1842.7	1803.06	1835	5216400	1577.5
17/05/2006	1860	1881.94	1755	1753	4800500	1507
18/05/2006	1747	1783.8	1726	1745	5128200	1500.13
19/05/2006	1735	1773.8	1720.06	1764	2437800	1516.46
22/05/2006	1768	1769.94	1682.9	1686	3861600	1449.41
23/05/2006	1705	1787.08	1705.06	1780	6218900	1530.21
24/05/2006	1755	1786	1746	1761	5469200	1513.88
25/05/2006	1773	1801	1735.4	1801	5055600	1548.27
26/05/2006	1828	1854	1802	1854	4006000	1593.83
29/05/2006	1854	1854	1854	1854	0	1593.83
30/05/2006	1854	1861.94	1785	1785	4961200	1534.51
31/05/2006	1784	1850.29	1764	1820	3474000	1564.6
01/06/2006	1815	1815.75	1780	1799	2209200	1546.55
02/06/2006	1832	1825.65	1804	1806	1867500	1552.57
05/06/2006	1805	1812.1	1781	1801	2317700	1548.27
06/06/2006	1792	1792	1746.35	1751	3351900	1505.28
07/06/2006	1751	1770	1737	1761	2612200	1513.88
08/06/2006	1721	1745	1714	1716	2774100	1475.2
09/06/2006	1727	1731.99	1696.12	1722	2835400	1480.35
12/06/2006	1721	1780.61	1713	1738	2626400	1494.11
13/06/2006	1713	1726	1693	1707	3539900	1467.46
14/06/2006	1717	1733.94	1695.9	1726	3184300	1483.79
15/06/2006	1735	1786	1732	1777	4221300	1527.64
16/06/2006	1797	1803	1742	1742	3046500	1497.55
19/06/2006	1764	1788.85	1757.06	1776	2664100	1526.78
20/06/2006	1768	1787.32	1739.85	1772	1489300	1523.34
21/06/2006	1757	1757	1720	1744	2209800	1499.27
22/06/2006	1765	1775	1724	1735	2504200	1491.53
23/06/2006	1739	1754	1726	1732	1761300	1488.95
26/06/2006	1736	1775.55	1733.06	1738	2201000	1494.11
27/06/2006	1753	1753	1724	1727	3062500	1484.65
28/06/2006	1725	1751	1720	1745	2487400	1500.13
29/06/2006	1751	1770	1737	1767	3064400	1519.04
30/06/2006	1789	1803	1770	1794	2730500	1542.25
03/07/2006	1801	1829	1799	1828	2635300	1571.48
04/07/2006	1822	1879	1822	1879	3513500	1615.32
05/07/2006	1867	1874	1838	1845	2633500	1586.09
06/07/2006	1852	1884	1838	1881	2337500	1617.04
07/07/2006	1872	1883	1856	1871	1191500	1608.44
10/07/2006	1880	1888	1863	1867	1586200	1605.01
11/07/2006	1871	1885	1850	1857	1772100	1596.41
12/07/2006	1863	1886	1851	1862	1338700	1600.71
13/07/2006	1849	1850	1824	1829	1144300	1572.34
14/07/2006	1802	1827	1802	1811	1624500	1556.86
17/07/2006	1818	1825	1777	1820	1863600	1564.6
18/07/2006	1809	1822	1793	1817	1317500	1562.02
19/07/2006	1828	1868	1818	1868	2539400	1605.87
20/07/2006	1870	1897	1849	1858	2155900	1597.27
21/07/2006	1857	1859	1835	1852	1193000	1592.11
24/07/2006	1861	1934	1861	1922	3439700	1652.29
25/07/2006	1926	1942	1906	1930	2662800	1659.17
26/07/2006	1935	1950	1914	1939	2706300	1666.9
27/07/2006	1941	1975	1931	1962	2166400	1686.67
28/07/2006	1950	1989	1950	1982	1355800	1703.87
31/07/2006	1971	1994	1950	1973	1978800	1696.13
01/08/2006	1973	1988	1934	1942	1453800	1669.48
02/08/2006	1947	1992	1947	1975	2380000	1697.85
04/08/2006	1923	1954	1897	1949	1813600	1675.5
07/08/2006	1940	1943	1925	1927	1960200	1656.59
08/08/2006	1943	1954	1937	1944	3576500	1671.2
09/08/2006	1952	1973	1917	1927	2877100	1656.59
10/08/2006	1903	1926	1872	1918	2768600	1648.85
11/08/2006	1926	1944	1922	1940	2284800	1667.76
14/08/2006	1967	1967	1937	1948	1317800	1674.64
15/08/2006	1950	1963	1937	1950	2892700	1676.36
16/08/2006	1954	1966	1922	1934	2653000	1662.6
17/08/2006	1935	1946	1929	1931	1480900	1660.02
18/08/2006	1938	1942	1920	1923	1668100	1653.15
21/08/2006	1922	1930	1910	1915	1277700	1646.27
22/08/2006	1923	1934	1911	1922	2794300	1652.29
23/08/2006	1930	1945	1887	1887	1214400	1622.2
24/08/2006	1898	1912	1892	1906	1678000	1638.53
25/08/2006	1901	1913	1897	1905	929700	1637.67
29/08/2006	1918	1924	1907	1909	1632200	1641.11
30/08/2006	1909	1922	1894	1896	2585800	1629.94
31/08/2006	1906	1906	1872	1894	1612000	1628.22
01/09/2006	1894	1925	1892	1918	1376600	1648.85
04/09/2006	1915	1925	1905	1920	754500	1650.57
05/09/2006	1927	1928	1900	1908	2782000	1640.25
06/09/2006	1913	1921	1887	1892	2366500	1626.5
07/09/2006	1892	1905	1870	1873	3484100	1610.16
08/09/2006	1873	1888	1865	1869	828500	1606.73
11/09/2006	1860	1889	1855	1886	1434400	1621.34
12/09/2006	1895	1895	1863	1881	3833600	1617.04
13/09/2006	1890	1901	1875	1890	1877800	1624.78
14/09/2006	1887	1920	1880	1890	2382000	1624.78
15/09/2006	1894	1930	1892	1916	2658200	1647.13
18/09/2006	1914	1928	1898	1918	1281200	1648.85
19/09/2006	1922	1930	1906	1912	1614300	1643.69
20/09/2006	1919	1922	1900	1917	2776500	1647.99
21/09/2006	1926	1926	1899	1909	2080400	1641.11
22/09/2006	1904	1909	1880	1892	2054500	1626.5
25/09/2006	1896	1920	1889	1898	2639100	1631.66
26/09/2006	1902	1921	1897	1913	3052400	1644.55
27/09/2006	1913	1947	1913	1947	2167600	1673.78
28/09/2006	1942	1963	1941	1960	1359600	1684.96
29/09/2006	1971	1990	1958	1968	2721800	1691.83
02/10/2006	1968	1989	1959	1974	3036500	1696.99
03/10/2006	1980	1980	1944	1963	3008700	1687.53
04/10/2006	1968	1977	1939	1954	3237000	1679.8
05/10/2006	1969	1980	1950	1978	2621000	1700.43
06/10/2006	1980	1992	1975	1990	2618800	1710.75
09/10/2006	1994	2011	1974	1983	2465500	1704.73
11/10/2006	2010	2010	1990	2008	3372400	1726.22
12/10/2006	2015	2031	2004	2030	1285200	1745.13
13/10/2006	2030	2052	2021	2038	2314100	1752.01
16/10/2006	2044	2065	2044	2052	1892200	1764.04
17/10/2006	2056	2056	2024	2028	2278900	1743.41
18/10/2006	2042	2061	2029	2045	1251400	1758.03
19/10/2006	2045	2115	2023	2029	1370500	1744.27
20/10/2006	2029	2041	2020	2034	2988600	1748.57
23/10/2006	2045	2069	2036	2059	1772100	1770.06
24/10/2006	2067	2073	2045	2059	1582100	1770.06
25/10/2006	2063	2085	2050	2057	1996100	1768.34
26/10/2006	2057	2058	2041	2048	1913700	1760.61
27/10/2006	2053	2080	2053	2069	2254800	1778.66
30/10/2006	2058	2071	2049	2065	1139900	1775.22
31/10/2006	2057	2106	2051	2096	9665100	1801.87
01/11/2006	2082	2135	2082	2094	8575000	1800.15
02/11/2006	2097	2097	2069	2080	2207900	1788.12
03/11/2006	2094	2094	2059	2068	2186300	1777.8
06/11/2006	2068	2092	2054	2087	3301800	1794.13
07/11/2006	2092	2124	2085	2121	3130200	1823.36
08/11/2006	2120	2137	2108	2135	2403200	1835.4
09/11/2006	2140	2148	2118	2141	1785200	1840.56
10/11/2006	2135	2159	2135	2152	1650200	1850.01
13/11/2006	2160	2177	2139	2164	1812700	1860.33
14/11/2006	2164	2172	2150	2165	1483500	1861.19
15/11/2006	2197	2197	2159	2176	2660500	1870.64
16/11/2006	2174	2202	2158	2198	2230300	1889.56
17/11/2006	2204	2223	2183	2202	2051100	1893
20/11/2006	2198	2240	2186	2232	2451200	1918.79
21/11/2006	2238	2273	2225	2251	9577200	1935.12
22/11/2006	2260	2278	2203	2220	3277800	1908.47
23/11/2006	2229	2229	2166	2174	3249800	1868.92
24/11/2006	2175	2185	2130	2182	2874300	1875.8
27/11/2006	2190	2196	2141	2141	3470500	1840.56
28/11/2006	2147	2147	2119	2128	2425600	1829.38
29/11/2006	2141	2141	2113	2114	3196500	1817.34
30/11/2006	2123	2132	2101	2125	3295900	1826.8
01/12/2006	2141	2144	2104	2111	1648600	1814.77
04/12/2006	2109	2156	2109	2140	2505100	1839.7
05/12/2006	2155	2173	2150	2167	3467000	1862.91
06/12/2006	2153	2155	2133	2150	2295800	1848.29
07/12/2006	2144	2154	2128	2141	1202700	1840.56
08/12/2006	2141	2158	2130	2154	1660300	1851.73
11/12/2006	2166	2182	2159	2172	1329200	1867.21
12/12/2006	2167	2179	2153	2170	2636600	1865.49
13/12/2006	2177	2185	2156	2183	4024600	1876.66
14/12/2006	2198	2215	2186	2215	2764700	1904.17
15/12/2006	2212	2231	2207	2220	4151300	1908.47
18/12/2006	2232	2232	2207	2221	1887100	1909.33
19/12/2006	2208	2217	2192	2209	1984200	1899.01
20/12/2006	2220	2233	2200	2222	1888700	1910.19
21/12/2006	2225	2237	2212	2229	1070000	1916.21
22/12/2006	2235	2245	2221	2240	421900	1925.66
27/12/2006	2250	2281	2235	2281	1507400	1960.91
28/12/2006	2296	2333	2292	2317	3039600	1991.86
29/12/2006	2329	2346	2299	2323	1839300	1997.02
02/01/2007	2340	2351	2314	2333	2744200	2005.61
03/01/2007	2340	2340	2340	2340	0	2011.63
04/01/2007	2314	2314	2314	2314	0	1989.28
05/01/2007	2301	2312	2277	2283	3132600	1962.63
18/01/2007	2127	2127	2127	2127	0	1828.52
19/01/2007	2155	2155	2155	2155	0	1852.59
22/01/2007	2173	2173	2173	2173	0	1868.07
23/01/2007	2168	2168	2168	2168	0	1863.77
24/01/2007	2214	2214	2214	2214	0	1903.31
25/01/2007	2216	2216	2216	2216	0	1905.03
26/01/2007	2189	2189	2189	2189	0	1881.82
29/01/2007	2177	2177	2177	2177	0	1871.5
30/01/2007	2180	2182	2150	2160	3105000	1856.89
31/01/2007	2168	2174	2125	2140	4988700	1839.7
01/02/2007	2158	2177	2156	2171	4808400	1866.35
02/02/2007	2181	2230	2181	2225	4073500	1912.77
05/02/2007	2229	2264	2207	2252	3526800	1935.98
06/02/2007	2265	2278	2248	2254	3227900	1937.7
07/02/2007	2264	2281	2253	2275	3076300	1955.75
08/02/2007	2289	2289	2216	2237	5231900	1923.08
09/02/2007	2253	2267	2222	2264	2346500	1946.3
12/02/2007	2262	2262	2242	2250	2269500	1934.26
13/02/2007	2240	2240	2198	2221	3298400	1909.33
14/02/2007	2227	2273	2220	2272	5990500	1953.17
15/02/2007	2281	2281	2243	2266	3356400	1948.01
16/02/2007	2268	2287	2260	2285	2178700	1964.35
19/02/2007	2295	2300	2281	2294	1109600	1972.09
20/02/2007	2264	2264	2231	2239	4310700	1924.8
21/02/2007	2258	2261	2210	2212	3902500	1901.59
22/02/2007	2220	2237	2175	2183	5064400	1876.66
23/02/2007	2194	2208	2190	2198	4813300	1889.56
26/02/2007	2200	2210	2172	2173	3209400	1868.07
27/02/2007	2172	2172	2081	2084	5447600	1791.55
28/02/2007	2052	2103	2012	2058	9741100	1769.2
01/03/2007	2068	2095	1988	2022	4493700	1738.25
02/03/2007	2040	2052	2003	2008	3633600	1726.22
05/03/2007	1971	1999	1948	1988	3155800	1709.03
06/03/2007	2017	2018	1990	2011	3627900	1728.8
07/03/2007	2027	2081	2027	2067	4072200	1776.94
08/03/2007	2056	2096	2056	2091	6783600	1797.57
09/03/2007	2111	2113	2072	2104	2595300	1808.75
12/03/2007	2125	2125	2067	2067	3172000	1776.94
13/03/2007	2067	2091	2035	2035	2115300	1749.43
14/03/2007	1992	2012	1964	1965	2761900	1689.25
15/03/2007	1992	2016	1968	2007	3592600	1725.36
16/03/2007	2007	2037	1995	2035	4948100	1749.43
19/03/2007	2041	2077	2039	2067	3012900	1776.94
20/03/2007	2075	2128	2068	2124	4465500	1825.94
21/03/2007	2125	2192	2125	2181	4968800	1874.94
22/03/2007	2200	2220	2151	2168	4327100	1863.77
23/03/2007	2177	2177	2137	2155	3889900	1852.59
26/03/2007	2163	2171	2122	2133	1664400	1833.68
27/03/2007	2149	2155	2125	2143	2298000	1842.27
28/03/2007	2150	2160	2082	2086	2565900	1793.27
29/03/2007	2101	2115	2078	2111	1937700	1814.77
30/03/2007	2126	2148	2094	2140	3956500	1839.7
02/04/2007	2155	2174	2144	2174	4982700	1868.92
03/04/2007	2189	2189	2148	2161	3208100	1857.75
04/04/2007	2182	2189	2156	2161	2527600	1857.75
05/04/2007	2172	2172	2137	2164	2040700	1860.33
10/04/2007	2188	2199	2169	2198	2130200	1889.56
11/04/2007	2192	2193	2161	2178	2825100	1872.36
12/04/2007	2183	2183	2117	2135	4111100	1835.4
13/04/2007	2147	2149	2118	2132	3014600	1832.82
16/04/2007	2147	2147	2118	2135	2216800	1835.4
17/04/2007	2130	2133	2078	2098	2756500	1803.59
18/04/2007	2104	2104	2037	2049	4134100	1761.47
19/04/2007	2040	2046	2009	2032	4278400	1746.85
20/04/2007	2050	2051	2026	2030	2903100	1745.13
23/04/2007	2048	2052	2031	2043	2535700	1756.31
24/04/2007	2057	2057	2006	2016	2091100	1733.1
25/04/2007	2031	2041	2006	2017	2766200	1733.96
26/04/2007	2036	2044	1989	1998	2597200	1717.62
27/04/2007	1998	1998	1954	1966	5332700	1690.11
30/04/2007	1960	1984	1955	1962	2193200	1686.67
01/05/2007	1973	1975	1945	1949	1701500	1675.5
02/05/2007	1950	1999	1950	1993	2680800	1713.32
03/05/2007	1999	2042	1994	2023	3596500	1739.11
04/05/2007	2022	2040	2007	2035	1753200	1749.43
08/05/2007	2039	2040	1990	1995	3394500	1715.04
09/05/2007	2014	2014	1970	1980	2867200	1702.15
10/05/2007	2000	2054	1980	1992	6109500	1712.46
11/05/2007	1989	2029	1972	1994	5396200	1714.18
14/05/2007	2012	2018	1985	2004	2615200	1722.78
15/05/2007	2013	2027	2002	2018	5145100	1734.82
16/05/2007	2000	2005	1921	1935	8654100	1663.46
17/05/2007	1949	1954	1905	1918	3892400	1648.85
18/05/2007	1920	1935	1888	1890	4370800	1624.78
21/05/2007	1881	1917	1880	1899	2818900	1632.52
22/05/2007	1900	1934	1878	1916	4759800	1647.13
23/05/2007	1930	1937	1922	1926	4659300	1655.73
24/05/2007	1909	1927	1888	1893	4389700	1627.36
25/05/2007	1891	1892	1851	1858	6115600	1597.27
29/05/2007	1871	1871	1846	1854	3643800	1593.83
30/05/2007	1842	1895	1836	1888	5494300	1623.06
31/05/2007	1898	1961	1898	1946	6572500	1672.92
04/06/2007	1955	1962	1913	1919	4760700	1649.71
05/06/2007	1928	1928	1870	1877	4152800	1613.6
06/06/2007	1884	1890	1810	1822	4216800	1566.32
07/06/2007	1831	1843	1744	1757	9987100	1510.44
08/06/2007	1745	1786	1735	1772	6556500	1523.34
11/06/2007	1774	1800	1765	1795	4436300	1543.11
12/06/2007	1807	1820	1790	1796	5195200	1543.97
13/06/2007	1796	1822	1782	1803	5569200	1549.99
14/06/2007	1816	1850	1811	1834	4192100	1576.64
15/06/2007	1845	1869	1828	1859	4478000	1598.13
18/06/2007	1878	1888	1812	1830	3308700	1573.2
19/06/2007	1837	1848	1821	1831	4309300	1574.06
20/06/2007	1820	1824	1780	1792	3272200	1569.68
21/06/2007	1790	1790	1713	1730	7974100	1515.37
22/06/2007	1741	1743	1698	1703	6510600	1491.72
25/06/2007	1689	1717	1689	1712	4065500	1499.6
26/06/2007	1710	1750	1695	1720	6753100	1506.61
27/06/2007	1707	1730	1693	1727	4861500	1512.74
28/06/2007	1746	1773	1731	1746	5157100	1529.38
29/06/2007	1760	1764	1715	1743	8486000	1526.76
02/07/2007	1742	1748	1702	1710	5007700	1497.85
03/07/2007	1722	1753	1718	1732	5909500	1517.12
04/07/2007	1749	1779	1740	1768	6532900	1548.66
05/07/2007	1765	1799	1758	1768	4867800	1548.66
06/07/2007	1775	1796	1750	1768	5417500	1548.66
09/07/2007	1768	1790	1745	1751	3965900	1533.76
10/07/2007	1745	1766	1717	1726	4180700	1511.87
11/07/2007	1710	1729	1695	1715	4408800	1502.23
12/07/2007	1716	1729	1688	1723	4613200	1509.24
13/07/2007	1743	1769	1720	1750	6025600	1532.89
16/07/2007	1767	1782	1730	1749	4967200	1532.01
17/07/2007	1750	1750	1696	1705	6670500	1493.47
18/07/2007	1695	1752	1690	1727	6621600	1512.74
19/07/2007	1736	1811	1736	1785	7910800	1563.55
20/07/2007	1789	1795	1768	1773	4103200	1553.04
23/07/2007	1777	1779	1724	1748	3568000	1531.14
24/07/2007	1749	1750	1718	1718	3606400	1504.86
25/07/2007	1720	1740	1710	1712	5116800	1499.6
26/07/2007	1716	1721	1614	1619	8710900	1418.14
27/07/2007	1605	1691	1596	1628	7640000	1426.02
30/07/2007	1637	1646	1602	1633	5699200	1430.4
31/07/2007	1640	1705	1639	1692	7449500	1482.08
01/08/2007	1659	1698	1635	1658	6406400	1452.3
02/08/2007	1672	1680	1647	1663	3900100	1456.68
03/08/2007	1672	1672	1638	1642	4554800	1438.29
06/08/2007	1618	1680	1613	1662	7937900	1455.81
07/08/2007	1678	1698	1678	1695	6876500	1484.71
08/08/2007	1711	1788	1702	1778	7105800	1557.41
09/08/2007	1777	1794	1707	1727	7069100	1512.74
10/08/2007	1701	1721	1658	1691	5819700	1481.21
13/08/2007	1713	1751	1695	1742	4839000	1525.88
15/08/2007	1704	1760	1686	1736	5206200	1520.63
16/08/2007	1707	1742	1695	1713	7905700	1500.48
17/08/2007	1720	1793	1692	1761	7147500	1542.52
20/08/2007	1775	1780	1720	1728	4940900	1513.62
21/08/2007	1748	1754	1702	1750	3468900	1532.89
22/08/2007	1764	1822	1761	1812	4664000	1587.2
23/08/2007	1832	1838	1764	1781	6880900	1560.04
24/08/2007	1787	1810	1764	1799	3117400	1575.81
28/08/2007	1808	1808	1740	1753	2257800	1535.52
29/08/2007	1737	1783	1729	1775	2962800	1554.79
30/08/2007	1789	1811	1779	1783	6239300	1561.79
31/08/2007	1801	1823	1779	1812	5302700	1587.2
03/09/2007	1828	1828	1800	1812	3236700	1587.2
04/09/2007	1807	1831	1788	1827	2929800	1600.34
05/09/2007	1860	1865	1814	1827	8075400	1600.34
06/09/2007	1849	1853	1793	1818	3480800	1592.45
07/09/2007	1826	1829	1738	1749	4134900	1532.01
10/09/2007	1755	1757	1694	1703	4701400	1491.72
11/09/2007	1726	1765	1693	1761	5220500	1542.52
12/09/2007	1767	1771	1727	1735	1445500	1519.75
13/09/2007	1745	1748	1715	1734	2358200	1518.87
14/09/2007	1716	1718	1651	1669	5476800	1461.94
17/09/2007	1656	1659	1573	1575	7649100	1379.6
18/09/2007	1566	1643	1558	1628	6375600	1426.02
19/09/2007	1684	1713	1656	1675	6042600	1470.08
20/09/2007	1663	1675	1634	1654	3116000	1451.65
21/09/2007	1646	1676	1635	1660	6014000	1456.92
24/09/2007	1646	1661	1629	1636	3793500	1435.85
25/09/2007	1634	1655	1613	1625	3208500	1426.2
26/09/2007	1626	1660	1626	1653	2598400	1450.77
27/09/2007	1658	1714	1658	1693	4524700	1485.88
28/09/2007	1690	1706	1661	1682	2496300	1476.23
01/10/2007	1670	1701	1664	1689	3542300	1482.37
02/10/2007	1700	1726	1682	1718	3683800	1507.82
03/10/2007	1717	1739	1706	1732	1683700	1520.11
04/10/2007	1722	1760	1722	1743	2884900	1529.76
05/10/2007	1741	1744	1655	1687	8047200	1480.61
08/10/2007	1694	1700	1649	1650	3375600	1448.14
09/10/2007	1655	1701	1630	1693	5752000	1485.88
10/10/2007	1707	1715	1677	1698	3766900	1490.27
11/10/2007	1698	1709	1654	1665	4006500	1461.31
12/10/2007	1654	1674	1638	1651	3124400	1449.02
15/10/2007	1651	1660	1615	1624	1733500	1425.32
16/10/2007	1611	1641	1595	1623	2646200	1424.44
17/10/2007	1632	1647	1609	1614	3725400	1416.55
18/10/2007	1610	1640	1558	1575	6488600	1382.32
19/10/2007	1575	1607	1549	1555	4214700	1364.76
22/10/2007	1518	1560	1518	1539	2864500	1350.72
23/10/2007	1560	1583	1548	1562	4623400	1370.91
24/10/2007	1552	1561	1532	1544	5300100	1355.11
25/10/2007	1564	1573	1525	1550	3595600	1360.38
26/10/2007	1553	1583	1527	1573	3105800	1380.56
29/10/2007	1596	1598	1552	1570	2877600	1377.93
30/10/2007	1561	1607	1561	1599	3667900	1403.38
31/10/2007	1614	1653	1600	1644	4435800	1442.88
01/11/2007	1638	1660	1585	1607	3647000	1410.4
02/11/2007	1592	1606	1566	1586	2868200	1391.97
05/11/2007	1580	1596	1562	1573	2516600	1380.56
06/11/2007	1580	1598	1545	1550	2782200	1360.38
07/11/2007	1563	1570	1515	1528	2458400	1341.07
08/11/2007	1522	1535	1476	1490	5936800	1307.72
09/11/2007	1525	1548	1481	1504	4924500	1320
12/11/2007	1510	1553	1504	1547	3806900	1357.74
13/11/2007	1545	1577	1530	1568	3079200	1376.17
14/11/2007	1594	1615	1521	1545	3981200	1355.99
15/11/2007	1547	1549	1491	1500	5027900	1316.49
16/11/2007	1494	1494	1430	1469	5008100	1289.28
19/11/2007	1473	1490	1371	1377	5479600	1208.54
20/11/2007	1386	1502	1379	1477	6321100	1296.31
21/11/2007	1448	1487	1432	1452	5066400	1274.36
22/11/2007	1456	1524	1429	1511	3965300	1326.15
23/11/2007	1508	1563	1507	1528	4279800	1341.07
26/11/2007	1543	1551	1450	1460	4107700	1281.39
27/11/2007	1452	1481	1422	1450	4863100	1272.61
28/11/2007	1451	1496	1437	1478	4717200	1297.18
29/11/2007	1490	1516	1464	1488	4256300	1305.96
30/11/2007	1490	1537	1482	1506	4855000	1321.76
03/12/2007	1503	1547	1498	1520	3853100	1334.05
04/12/2007	1525	1525	1460	1467	3289500	1287.53
05/12/2007	1472	1513	1465	1507	3973100	1325.53
06/12/2007	1521	1581	1504	1521	4765600	1337.84
07/12/2007	1539	1565	1511	1529	3796700	1344.88
10/12/2007	1520	1553	1516	1543	2761700	1357.19
11/12/2007	1554	1555	1508	1521	2597300	1337.84
12/12/2007	1501	1528	1472	1508	3133600	1326.41
13/12/2007	1481	1506	1446	1446	4365000	1271.87
14/12/2007	1463	1473	1419	1444	2871200	1270.11
17/12/2007	1418	1435	1404	1415	4666400	1244.61
18/12/2007	1404	1438	1404	1421	3249100	1249.88
19/12/2007	1423	1448	1408	1419	2759500	1248.12
20/12/2007	1428	1451	1418	1442	2485800	1268.35
21/12/2007	1451	1466	1435	1462	4479300	1285.95
24/12/2007	1447	1497	1447	1485	547500	1306.18
27/12/2007	1479	1498	1468	1482	1400900	1303.54
28/12/2007	1476	1504	1476	1498	1161100	1317.61
31/12/2007	1486	1517	1472	1506	832900	1324.65
02/01/2008	1491	1538	1483	1501	1916900	1320.25
03/01/2008	1508	1525	1459	1491	3406300	1311.45
04/01/2008	1484	1509	1445	1473	6531100	1295.62
07/01/2008	1473	1482	1424	1443	4614000	1269.23
08/01/2008	1444	1453	1413	1425	4070200	1253.4
09/01/2008	1410	1450	1404	1424	4503500	1252.52
10/01/2008	1433	1482	1432	1439	4342500	1265.72
11/01/2008	1439	1506	1439	1462	5100600	1285.95
14/01/2008	1473	1559	1448	1516	6646000	1333.44
15/01/2008	1516	1527	1480	1485	5918700	1306.18
16/01/2008	1476	1562	1459	1525	6300400	1341.36
17/01/2008	1554	1604	1547	1555	7105200	1367.75
18/01/2008	1556	1577	1514	1517	5838000	1334.32
21/01/2008	1493	1538	1475	1501	4956400	1320.25
22/01/2008	1460	1633	1457	1620	8129400	1424.92
23/01/2008	1648	1651	1541	1589	7215200	1397.65
24/01/2008	1644	1649	1565	1604	9721100	1410.85
25/01/2008	1640	1640	1542	1560	6023800	1372.15
28/01/2008	1551	1593	1530	1585	4096600	1394.13
29/01/2008	1592	1605	1557	1588	2966700	1396.77
30/01/2008	1586	1595	1534	1544	3913500	1358.07
31/01/2008	1564	1599	1526	1593	4517100	1401.17
01/02/2008	1620	1628	1580	1589	4078300	1397.65
04/02/2008	1593	1632	1573	1614	2533500	1419.64
05/02/2008	1600	1612	1540	1547	3570600	1360.71
06/02/2008	1515	1564	1515	1549	2884900	1362.47
07/02/2008	1550	1561	1519	1525	4135800	1341.36
08/02/2008	1546	1568	1520	1559	2189100	1371.27
11/02/2008	1549	1572	1533	1543	1921900	1357.19
12/02/2008	1558	1589	1536	1589	3504200	1397.65
13/02/2008	1585	1602	1560	1597	2640100	1404.69
14/02/2008	1603	1609	1533	1553	3014000	1365.99
15/02/2008	1559	1560	1504	1510	3129900	1328.17
18/02/2008	1511	1541	1511	1530	2981900	1345.76
19/02/2008	1527	1557	1515	1536	2593300	1351.04
20/02/2008	1523	1538	1495	1534	3867000	1349.28
21/02/2008	1546	1566	1531	1545	2059200	1358.95
22/02/2008	1541	1563	1518	1538	2403100	1352.79
25/02/2008	1551	1643	1551	1626	4666700	1430.2
26/02/2008	1640	1646	1610	1645	3083300	1446.91
27/02/2008	1634	1658	1615	1648	2618800	1449.55
28/02/2008	1644	1647	1614	1621	2427500	1425.8
29/02/2008	1618	1637	1567	1580	3161000	1389.74
03/03/2008	1564	1602	1552	1567	2292800	1378.3
04/03/2008	1579	1608	1547	1567	3215500	1378.3
05/03/2008	1581	1630	1571	1619	2842900	1424.04
06/03/2008	1620	1626	1587	1599	2407200	1406.45
07/03/2008	1575	1582	1544	1551	3199700	1364.23
10/03/2008	1551	1562	1494	1506	4404800	1324.65
11/03/2008	1506	1577	1506	1545	4113800	1358.95
12/03/2008	1568	1568	1530	1536	2761800	1362.32
13/03/2008	1520	1520	1484	1508	3517200	1337.49
14/03/2008	1507	1537	1492	1503	3605200	1333.05
18/03/2008	1458	1513	1455	1501	3144900	1331.28
19/03/2008	1512	1528	1459	1489	4530100	1320.64
20/03/2008	1467	1484	1447	1466	4417700	1300.24
25/03/2008	1512	1557	1505	1523	3461200	1350.79
26/03/2008	1517	1527	1496	1511	1903200	1340.15
27/03/2008	1508	1544	1504	1536	1840700	1362.32
28/03/2008	1536	1536	1490	1497	2567300	1327.73
31/03/2008	1490	1509	1460	1509	3838800	1338.37
01/04/2008	1500	1609	1500	1598	4634900	1417.31
02/04/2008	1621	1621	1570	1597	2719000	1416.42
03/04/2008	1598	1598	1546	1560	2278800	1383.61
04/04/2008	1568	1568	1531	1544	2362500	1369.42
07/04/2008	1565	1565	1510	1522	2535500	1349.9
08/04/2008	1523	1530	1491	1528	2381500	1355.23
09/04/2008	1515	1519	1496	1503	3268800	1333.05
10/04/2008	1509	1523	1463	1487	3301300	1318.86
11/04/2008	1501	1510	1452	1458	2761400	1293.14
14/04/2008	1452	1476	1443	1467	1621100	1301.12
15/04/2008	1471	1495	1447	1483	2371900	1315.31
16/04/2008	1498	1517	1482	1513	1905000	1341.92
17/04/2008	1523	1549	1513	1517	1879200	1345.47
18/04/2008	1518	1560	1503	1554	2197200	1378.29
21/04/2008	1562	1568	1493	1510	2367600	1339.26
22/04/2008	1501	1509	1476	1487	2209900	1318.86
23/04/2008	1495	1510	1467	1504	1978000	1333.94
24/04/2008	1511	1511	1447	1485	2366600	1317.09
25/04/2008	1497	1530	1484	1512	2352300	1341.04
28/04/2008	1519	1558	1516	1544	1491500	1369.42
29/04/2008	1544	1546	1514	1530	1948000	1357
30/04/2008	1535	1548	1511	1540	1772400	1365.87
01/05/2008	1533	1539	1505	1517	854700	1345.47
02/05/2008	1539	1583	1526	1568	2610100	1390.7
06/05/2008	1538	1551	1518	1543	1703600	1368.53
07/05/2008	1544	1553	1507	1516	2499200	1344.58
08/05/2008	1503	1530	1497	1515	2219600	1343.7
09/05/2008	1513	1513	1476	1488	1767900	1319.75
12/05/2008	1496	1502	1472	1477	1007400	1309.99
13/05/2008	1467	1480	1441	1468	2324800	1302.01
14/05/2008	1483	1488	1446	1467	2179400	1301.12
15/05/2008	1472	1506	1459	1493	1743500	1324.18
16/05/2008	1507	1515	1480	1489	1633300	1320.64
19/05/2008	1500	1504	1473	1486	1663100	1317.98
20/05/2008	1480	1491	1455	1455	1962200	1290.48
21/05/2008	1462	1476	1443	1462	1989000	1296.69
22/05/2008	1452	1469	1440	1446	2167000	1282.5
23/05/2008	1450	1457	1428	1431	1829100	1269.19
27/05/2008	1434	1443	1405	1416	2228100	1255.89
28/05/2008	1428	1449	1414	1436	1929500	1273.63
29/05/2008	1440	1448	1402	1416	3026400	1255.89
30/05/2008	1407	1432	1393	1412	2848400	1252.34
02/06/2008	1415	1415	1368	1406	4131400	1247.02
03/06/2008	1406	1442	1398	1438	4430900	1275.4
04/06/2008	1452	1463	1425	1454	3976400	1289.59
05/06/2008	1459	1480	1442	1456	1746700	1291.37
06/06/2008	1468	1483	1414	1417	2804000	1256.78
10/06/2008	1374	1396	1356	1370	2450400	1215.09
11/06/2008	1375	1379	1332	1358	4214300	1204.45
12/06/2008	1355	1381	1347	1371	2501500	1215.98
13/06/2008	1366	1400	1342	1387	2868100	1230.17
16/06/2008	1375	1397	1371	1390	2979000	1232.83
17/06/2008	1398	1418	1378	1385	2777800	1228.4
18/06/2008	1362	1363	1326	1332	4602300	1195.2
19/06/2008	1330	1339	1311	1317	3470200	1181.74
20/06/2008	1317	1344	1312	1339	3198900	1201.48
23/06/2008	1318	1318	1270	1275	4984100	1144.05
24/06/2008	1271	1278	1255	1260	4248800	1130.59
25/06/2008	1258	1295	1250	1290	2764600	1157.51
26/06/2008	1290	1290	1228	1228	3297500	1101.88
27/06/2008	1226	1242	1193	1232	2810400	1105.47
30/06/2008	1228	1255	1206	1232	3196400	1105.47
01/07/2008	1228	1241	1189	1210	4209800	1085.73
02/07/2008	1212	1224	1166	1175	3376000	1054.32
03/07/2008	1160	1184	1145	1180	4005900	1058.81
04/07/2008	1184	1191	1161	1177	1527700	1056.12
07/07/2008	1194	1198	1174	1195	1975000	1072.27
08/07/2008	1168	1208	1161	1203	3629500	1079.44
09/07/2008	1217	1251	1212	1247	3418900	1118.93
10/07/2008	1230	1235	1206	1212	2441000	1087.52
11/07/2008	1215	1235	1168	1173	3441500	1052.53
14/07/2008	1205	1235	1189	1201	3203100	1077.65
15/07/2008	1188	1199	1124	1154	3776100	1035.48
16/07/2008	1158	1169	1098	1135	3606800	1018.43
17/07/2008	1158	1183	1143	1160	4151600	1040.86
18/07/2008	1155	1197	1136	1186	2980700	1064.19
21/07/2008	1181	1271	1162	1255	3868600	1126.1
22/07/2008	1250	1260	1213	1252	2935300	1123.41
23/07/2008	1259	1317	1251	1297	2667100	1163.79
24/07/2008	1312	1326	1268	1279	2067900	1147.64
25/07/2008	1267	1267	1212	1252	3027700	1123.41
28/07/2008	1250	1263	1217	1227	1936200	1100.98
29/07/2008	1218	1239	1198	1228	1609600	1101.88
30/07/2008	1252	1265	1235	1260	1373900	1130.59
31/07/2008	1260	1304	1255	1292	3515600	1159.3
01/08/2008	1289	1315	1277	1303	2231000	1169.17
04/08/2008	1309	1328	1286	1325	2231400	1188.91
05/08/2008	1327	1387	1310	1380	2255500	1238.27
06/08/2008	1386	1390	1312	1345	3654400	1206.86
07/08/2008	1337	1340	1306	1318	2670200	1182.63
08/08/2008	1311	1350	1308	1344	1679200	1205.96
11/08/2008	1357	1363	1330	1360	1270200	1220.32
12/08/2008	1360	1383	1340	1383	2011900	1240.96
13/08/2008	1376	1378	1304	1313	3583100	1178.15
14/08/2008	1317	1337	1302	1319	1752800	1183.53
15/08/2008	1333	1341	1304	1315	1772200	1179.94
18/08/2008	1305	1324	1280	1311	1249200	1176.35
19/08/2008	1299	1299	1250	1258	2457600	1128.8
20/08/2008	1263	1287	1255	1273	1592600	1142.26
21/08/2008	1264	1290	1255	1274	1150500	1143.15
22/08/2008	1276	1343	1271	1322	2097400	1186.22
26/08/2008	1298	1328	1285	1316	1433900	1180.84
27/08/2008	1308	1311	1282	1290	1619800	1157.51
28/08/2008	1295	1352	1292	1340	2401500	1202.37
29/08/2008	1334	1379	1334	1360	2704400	1220.32
01/09/2008	1341	1374	1331	1364	1112000	1223.91
02/09/2008	1367	1394	1323	1328	3366800	1191.61
03/09/2008	1313	1340	1283	1321	2341800	1185.33
04/09/2008	1318	1334	1278	1281	1355300	1149.43
05/09/2008	1267	1316	1264	1277	3288600	1145.84
08/09/2008	1360	1363	1340	1340	1751900	1202.37
09/09/2008	1350	1407	1342	1375	4918400	1233.78
10/09/2008	1377	1435	1354	1420	5649600	1274.16
11/09/2008	1421	1429	1353	1381	4198700	1239.16
12/09/2008	1407	1424	1390	1416	3468400	1270.57
15/09/2008	1352	1391	1327	1347	4511100	1208.65
16/09/2008	1334	1334	1280	1285	4295100	1153.02
17/09/2008	1293	1328	1262	1270	4366700	1152.89
18/09/2008	1265	1309	1217	1217	6414300	1104.77
19/09/2008	1798	1798	1262	1320	4019500	1198.28
22/09/2008	1285	1355	1285	1298	4051000	1178.3
23/09/2008	1265	1309	1216	1292	3801100	1172.86
24/09/2008	1302	1314	1263	1289	2086000	1170.13
25/09/2008	1313	1313	1261	1294	2870100	1174.67
26/09/2008	1260	1314	1258	1285	2738700	1166.5
29/09/2008	1250	1288	1189	1218	3505500	1105.68
30/09/2008	1186	1255	1171	1250	4658000	1134.73
01/10/2008	1274	1280	1240	1280	3137500	1161.96
02/10/2008	1250	1308	1250	1290	1852700	1171.04
03/10/2008	1310	1319	1264	1291	3827000	1171.95
06/10/2008	1220	1303	1205	1225	3638800	1112.04
07/10/2008	1265	1270	1157	1225	2797200	1112.04
08/10/2008	1154	1266	1137	1182	3638700	1073
09/10/2008	1194	1225	1163	1187	2592100	1077.54
10/10/2008	1093	1121	1025	1103	3829400	1001.29
13/10/2008	1101	1171	1056	1098	4982600	996.75
14/10/2008	1150	1158	1113	1157	2459100	1050.31
15/10/2008	1161	1161	1084	1101	4211400	999.47
16/10/2008	1046	1099	1036	1076	2147500	976.78
17/10/2008	1116	1116	1007	1063	5465000	964.98
20/10/2008	1116	1116	1056	1085	2740000	984.95
21/10/2008	1107	1123	1063	1070	2488300	971.33
22/10/2008	1068	1068	1015	1025	4176800	930.48
23/10/2008	1030	1041	978	1000	3557800	907.78
24/10/2008	974	984	921	960.5	5637800	871.93
27/10/2008	928.5	962	913	946.5	3873600	859.22
28/10/2008	975	992.5	950	953.5	3596400	865.57
29/10/2008	972.5	1020	972.5	1007	3569100	914.14
30/10/2008	1042	1070	1015	1050	3249800	953.17
31/10/2008	1074	1095	1034	1091	3166700	990.39
03/11/2008	1070	1126	1070	1115	2019300	1012.18
04/11/2008	1130	1175	1112	1161	2398500	1053.94
05/11/2008	1162	1194	1136	1180	2198800	1071.19
06/11/2008	1133	1162	1097	1132	4182000	1027.61
07/11/2008	1134	1145	1087	1104	2526800	1002.19
10/11/2008	1105	1138	1056	1066	2726000	967.7
11/11/2008	1045	1062	1004	1015	2501900	921.4
12/11/2008	1015	1057	988	1014	2073000	920.49
13/11/2008	981	1011	950	964.5	4067900	875.56
14/11/2008	1005	1009	949.5	960.5	2997600	871.93
17/11/2008	951.5	979	928	938	3111200	851.5
18/11/2008	939.5	958.5	905	933.5	3175600	847.42
19/11/2008	940.5	949	907.5	923.5	5196300	838.34
20/11/2008	891.5	914	884	908.5	4720000	824.72
21/11/2008	912	914.5	854	871	3776200	790.68
24/11/2008	880	900.5	874	895	3418100	812.47
25/11/2008	893	925.5	875.5	903	3583800	819.73
26/11/2008	885	916.5	884.5	900	2393000	817.01
27/11/2008	908.5	938	907.5	927.5	2743100	841.97
28/11/2008	937.5	946.5	920	945	2280900	857.86
01/12/2008	949	951.5	885	898	3425600	815.19
02/12/2008	873	910.5	853.5	895	5738400	812.47
03/12/2008	890	909	867.5	901	2514900	833.28
04/12/2008	904.5	970	897.5	900	3297900	832.35
05/12/2008	897.5	922.5	882.5	901	2729000	833.28
08/12/2008	935	960.5	920	929	3050000	859.17
09/12/2008	918.5	992	914.5	965	4108700	892.47
10/12/2008	953.5	981	931	942	3350200	871.19
11/12/2008	932.5	950	912.5	934.5	2837100	864.26
12/12/2008	897.5	925	889.5	920.5	2938200	851.31
15/12/2008	928	960	911	921.5	2644000	852.24
16/12/2008	915	925	879.5	913	2683500	844.37
17/12/2008	924.5	924.5	885	901	3264600	833.28
18/12/2008	912	948.5	901	934.5	2702200	864.26
19/12/2008	929.5	957	909	927.5	3718700	857.78
22/12/2008	930	930	895.5	903	2118500	835.13
23/12/2008	894	938.5	894	920	1568200	850.85
24/12/2008	933.5	946	911	919	284000	849.92
29/12/2008	917	922	887	899.5	1128000	831.89
30/12/2008	914.5	923	897	909.5	958900	841.14
31/12/2008	895.5	928.5	895.5	921	687100	851.77
02/01/2009	906.5	953.5	906.5	949	943500	877.67
05/01/2009	967.5	983	918.5	937	1213700	866.57
06/01/2009	950	1034	948	1005	3598900	929.46
07/01/2009	1019	1051	990.5	999.5	3623600	924.37
08/01/2009	980	1010	960.5	984	4528400	910.04
09/01/2009	985.5	998.5	953	965	3501900	892.47
12/01/2009	955.5	965	923	939.5	3176100	868.88
13/01/2009	920	929.5	881	892	4469000	824.95
14/01/2009	903.5	903.5	804.5	812	5770200	750.97
15/01/2009	809.5	827	752.5	765	6556300	707.5
16/01/2009	783.5	784	746.5	751	4996300	694.55
19/01/2009	778	778	700.5	712	4825100	658.48
20/01/2009	716.5	725	651.5	659	5932600	609.47
21/01/2009	649.5	692	638	679.5	6385100	628.43
22/01/2009	694.5	716.5	656	664.5	4342700	614.55
23/01/2009	662	665	611	625.5	5880500	578.48
26/01/2009	626.5	662	620.5	657	4024800	607.62
27/01/2009	662	667	627	634	3124600	586.35
28/01/2009	650	670	638.5	650	6747000	601.14
29/01/2009	645	650	624	633.5	8186000	585.88
30/01/2009	637.5	689.5	635.5	689.5	6767700	637.67
02/02/2009	673.5	683	631	640	4686700	591.89
03/02/2009	646	647.5	625	647	3122600	598.37
04/02/2009	654.5	684	645	681	3906300	629.81
05/02/2009	662	663	629	645.5	4647400	596.98
06/02/2009	654	710	644	680	6940900	628.89
09/02/2009	685.5	723	682.5	719	5307300	664.96
10/02/2009	722	734.5	697.5	699.5	2994000	646.92
11/02/2009	695	696	675	685	1995500	633.51
12/02/2009	685.5	685.5	635	652.5	3540700	603.45
13/02/2009	666	675	637	643	2589000	594.67
16/02/2009	637.5	648	619.5	621.5	1695300	574.78
17/02/2009	618	620.5	558	568.5	5285400	525.77
18/02/2009	568.5	579	556	568	3856500	525.31
19/02/2009	568	573.5	544	552.5	5822300	510.97
20/02/2009	547.5	547.5	506.5	511	4651000	472.59
23/02/2009	525	526	507.5	512	5662100	473.52
24/02/2009	513	513	490	500	3845800	462.42
25/02/2009	515	543	504.5	527.5	3031600	487.85
26/02/2009	530.5	550	527	543	3790300	502.19
27/02/2009	529.5	549	529.5	549	5420600	507.73
02/03/2009	522	552	492	498.25	3537100	460.8
03/03/2009	501	514.5	469.75	486.25	4527500	449.7
04/03/2009	490	500	467	480	4701500	443.92
05/03/2009	480.5	492.75	466.75	471.75	4324700	436.29
06/03/2009	476.25	476.25	422	422.25	5133600	390.51
09/03/2009	433	433	369.5	380	9139800	351.44
10/03/2009	344	362.5	323.25	357.25	17000200	330.4
11/03/2009	362	362	345	346.75	7665900	320.69
12/03/2009	360	362.5	332.5	341	9296200	315.37
13/03/2009	342.5	378.5	341.25	370.5	16682600	342.65
16/03/2009	378	402.25	376.25	399.75	8229200	369.7
17/03/2009	399.75	399.75	386.75	394.5	7835600	364.85
18/03/2009	384	396	374	381.5	11512200	368.23
19/03/2009	381	427.5	365.75	426.5	16235000	411.66
20/03/2009	428.5	465.5	415.25	453.5	13510100	437.72
23/03/2009	465	465	443.5	460.5	5464200	444.48
24/03/2009	477.25	484.5	451.5	461.5	5973300	445.44
25/03/2009	454	454	426.25	437.5	8947400	422.28
26/03/2009	440	440	428.75	437.75	5552500	422.52
27/03/2009	444.25	452.5	435.75	438.5	3051700	423.24
30/03/2009	451.25	454.75	401.75	406.25	6457800	392.11
31/03/2009	419.75	439.75	407	437.25	7583300	422.04
01/04/2009	436	450	426	448.5	3541300	432.89
02/04/2009	469	498.25	453	495.25	7546200	478.02
03/04/2009	502.5	502.5	475	483	5520000	466.19
06/04/2009	498.75	533.5	487.75	497.5	6756800	480.19
07/04/2009	503.5	503.5	477.25	487.5	7670600	470.54
08/04/2009	484	517.5	466	516	6595000	498.05
09/04/2009	532.5	569	512	564.5	7429100	544.86
14/04/2009	566	605.5	561.5	573	7252700	553.06
15/04/2009	565.5	565.5	537	544	5192400	525.07
16/04/2009	541	549.5	531.5	540	4323000	521.21
17/04/2009	537	544.5	521	539	4322900	520.25
20/04/2009	537.5	540	496.75	504.5	1400600	486.95
21/04/2009	505.5	519	479.75	504	1261200	486.46
22/04/2009	510.5	549	504.5	537	933100	518.31
23/04/2009	533	538.5	514	520	1162100	501.91
24/04/2009	530	548	500.5	541	1980600	522.18
27/04/2009	534.5	541.5	521.5	527	794900	508.66
28/04/2009	515	525	498.5	517	1207200	499.01
29/04/2009	517	554	505.5	548	1902300	528.93
30/04/2009	560.5	571.5	558	562.5	1110900	542.93
01/05/2009	579	579	536	548	1245800	528.93
05/05/2009	573	595	559	561.5	1984600	541.96
06/05/2009	559.5	593	556.5	588.5	1030800	568.02
07/05/2009	591	625	587.5	592	1312700	571.4
08/05/2009	606	609.5	550.5	557	1490600	537.62
11/05/2009	550.5	555	533	550	1017800	530.86
12/05/2009	550	555.5	526.5	539	722600	520.25
13/05/2009	530	530	458.75	468	1753800	451.72
14/05/2009	461.25	492	441	490	1052200	472.95
15/05/2009	496.5	499.75	458	473.5	918300	457.02
18/05/2009	464.25	493.5	464.25	488.5	1291300	471.5
19/05/2009	498	529	494.5	519	1838100	500.94
20/05/2009	519	523.5	509	518	597800	499.98
21/05/2009	499.75	510.5	482.5	488	1123400	471.02
22/05/2009	493.5	505	488.75	496.5	421700	479.22
26/05/2009	477	494.25	477	491.25	693700	474.16
27/05/2009	502	505	490	496	1239200	478.74
28/05/2009	488.75	492.75	479	487.25	1263500	470.3
29/05/2009	491.5	499.25	484.75	486.75	2578100	469.81
01/06/2009	495.25	509.5	492.75	506	654900	488.39
02/06/2009	505	510	488.75	497	1099000	479.71
03/06/2009	497	499	469.5	476.25	1036600	459.68
04/06/2009	478	492.5	478	483.5	1270300	466.68
05/06/2009	487.75	502	483.5	488	1145800	471.02
08/06/2009	488	497.75	477.25	487.75	1096800	470.78
09/06/2009	493.5	500.5	488.5	495.75	2462000	478.5
10/06/2009	502	515	496.75	503.5	1601300	485.98
11/06/2009	500.5	513.5	500.5	504	1352100	486.46
12/06/2009	505	519.5	504	511	872900	493.22
15/06/2009	512	512	484.25	490.25	1038000	473.19
16/06/2009	487	499	478.75	490.5	1219500	473.43
17/06/2009	489.5	489.5	463.75	466.25	956800	456.54
18/06/2009	471.5	474	455	462.5	812100	452.87
19/06/2009	463	491.25	462.5	487	5181900	476.86
22/06/2009	484.75	486	466.75	468	1752600	458.26
23/06/2009	465	472.25	459.5	466	873900	456.3
24/06/2009	466.25	477	465.25	470.24	1183400	460.45
25/06/2009	472.75	474.25	461	467	551200	457.28
26/06/2009	471.75	473.5	459	467.75	679300	458.01
29/06/2009	464.5	474	463.25	470	2590500	460.21
30/06/2009	473.75	483.5	466.75	471.25	2727900	461.44
01/07/2009	475.5	481.25	472.5	477.33	1384500	467.4
02/07/2009	479.5	479.5	461.25	461.5	1084600	451.89
03/07/2009	465.5	465.5	443.5	443.5	1725200	434.27
06/07/2009	444.25	444.25	435	439.5	2368300	430.35
07/07/2009	440	445.5	436.5	438.75	2099600	429.61
08/07/2009	435.25	439.25	415.25	416.75	1454600	408.07
09/07/2009	422	429	416	421.5	551700	412.72
10/07/2009	423.75	430	418.5	423.75	781700	414.93
13/07/2009	424	441.75	421.5	441.75	994200	432.55
14/07/2009	443	449.5	435.5	440.25	697500	431.08
15/07/2009	447	462.75	447	462.75	2179600	453.11
16/07/2009	464.25	487	459	484.5	3213400	474.41
17/07/2009	489.5	493.75	474	481.75	1563900	471.72
20/07/2009	487	493	478.75	490	1119400	479.8
21/07/2009	489	495.75	486	488.5	802900	478.33
22/07/2009	492.75	496	478.25	481.75	1043200	471.72
23/07/2009	485.75	504.5	475.25	500	2863800	489.59
24/07/2009	502	513	493.5	508.5	902200	497.91
27/07/2009	515	515	487	489	647900	478.82
28/07/2009	489.75	501.5	487	500.5	1092300	490.08
29/07/2009	502	513	501	512.63	1021500	501.96
30/07/2009	515	523.5	507	521	962400	510.15
31/07/2009	520.5	544	518	534	1660400	522.88
03/08/2009	533.5	537.5	517	525.5	824900	514.56
04/08/2009	526.5	541.5	524.5	541.5	922600	530.23
05/08/2009	542.5	586.5	540	579	1291700	566.94
06/08/2009	588	625	582.5	610.5	1835100	597.79
07/08/2009	607	608.5	570.5	595.5	3855100	583.1
10/08/2009	590	613	583	605.5	1240000	592.89
11/08/2009	604	606	570.5	575.5	1214100	563.52
12/08/2009	573	597.5	564	597	1338200	584.57
13/08/2009	600	630.5	591.5	626.5	1958100	613.46
14/08/2009	630	669	626.5	631	1597100	617.86
17/08/2009	634	634	601	610	1010200	597.3
18/08/2009	615	615	590.5	607.5	901800	594.85
19/08/2009	601.5	623	589	606.53	1802000	593.9
20/08/2009	619.5	629	609.5	610.5	1975000	597.79
21/08/2009	605	620	600.5	614	1180200	601.22
24/08/2009	617	627	614	626.5	3232700	613.46
25/08/2009	623	634.5	614	630	3567300	616.88
26/08/2009	633.5	639	625.5	634	2208800	620.8
27/08/2009	636	636	615	619	2867800	606.11
28/08/2009	622	632	617.5	617.5	3155200	604.64
01/09/2009	630	638	606.5	611.5	5597200	598.77
02/09/2009	614.5	614.5	594.5	603.5	4107700	590.93
03/09/2009	607	617.5	597.5	602	2988000	589.47
04/09/2009	608.5	626	604	620	3636500	607.09
07/09/2009	627	634.5	622	631	1365900	617.86
08/09/2009	635.5	635.5	620.5	627	2801500	613.94
09/09/2009	627	649	625	647	3524500	633.53
10/09/2009	649	649.5	633.5	640.39	2487700	627.06
11/09/2009	643	657	640.5	653	3810300	639.4
14/09/2009	645.5	657.5	638	655	3000400	641.36
15/09/2009	657.5	662.5	645.5	659.5	2648700	645.77
16/09/2009	653	678.5	652	673	4890300	666.06
17/09/2009	680	694.5	674	683	7592800	675.95
18/09/2009	677	701	675.5	687	9578400	679.91
21/09/2009	690	691.5	675.5	686.5	2217800	679.42
22/09/2009	693	693	679	684.5	3734400	677.44
23/09/2009	687.5	687.5	669.5	675	5509400	668.04
24/09/2009	671.5	673.5	638.5	649	6865600	642.3
25/09/2009	650	658	634	642.5	4185500	635.87
28/09/2009	640	658	633.5	656.5	2829400	649.73
29/09/2009	655	662.5	628.5	638	3284900	631.42
30/09/2009	637	643.5	612	625	5272900	618.55
01/10/2009	628	644	618	620	3889400	613.6
02/10/2009	618.5	620.5	601.5	608.5	3058600	602.22
05/10/2009	610.5	619	598.5	610.5	3525300	604.2
06/10/2009	611	631	610.5	629	4220300	622.51
07/10/2009	626.5	642	623.5	634	3466900	627.46
08/10/2009	643.5	645	623.5	627.5	3660700	621.03
09/10/2009	629	635.5	625.5	630	2309100	623.5
12/10/2009	632	638	629	631	2876400	624.49
13/10/2009	628.5	632	620	624	2759800	617.56
14/10/2009	628.5	638	618.5	631	4041700	624.49
15/10/2009	628	642.5	625	637	4067400	630.43
16/10/2009	641	650	628.5	634	3817600	627.46
19/10/2009	639	653	638	652	3144800	645.27
20/10/2009	652.5	663.5	643	647	4115500	640.32
21/10/2009	659.5	663	644.5	660.5	4257200	653.69
22/10/2009	653.5	666.5	647	661.5	2711200	654.68
23/10/2009	667	681	665	669	4229400	662.1
26/10/2009	669.5	680.5	662	671.5	2711300	664.57
27/10/2009	673.5	675.5	656.5	663	5459600	656.16
28/10/2009	667.5	674.5	629	631	4431500	624.49
29/10/2009	627	654	621	654	3795400	647.25
30/10/2009	663	672.5	652	662	6886700	655.17
02/11/2009	657	667.5	640.5	650.5	3290300	643.79
03/11/2009	645.5	652.5	635.5	647	2540100	640.32
04/11/2009	655	673	651.5	673	5149400	666.06
05/11/2009	670.5	677	660.5	673	3170300	666.06
06/11/2009	674.5	695	674	686.12	3969700	679.04
09/11/2009	692	698.5	690.5	698.5	2028600	691.29
10/11/2009	696.5	702	687.5	690	3761500	682.88
11/11/2009	691.5	710	691.5	704.75	5992800	697.48
12/11/2009	707	718	704	710.5	3090400	703.17
13/11/2009	713.5	729.5	711	726.5	4285700	719
16/11/2009	737.5	743.5	722	726	4930500	718.51
17/11/2009	725.5	726	707	714.5	4260900	707.13
18/11/2009	723	724.5	706	713	3977700	705.64
19/11/2009	714.5	714.5	693.5	701	4352000	693.77
20/11/2009	701	703.5	682	684	6214800	676.94
23/11/2009	690	700.5	685.5	694.5	3795200	687.33
24/11/2009	693.5	705	690.5	692	2680500	684.86
25/11/2009	695	702	685	687	3060400	679.91
26/11/2009	685.5	691.5	658.5	660.5	4600000	653.69
27/11/2009	648.5	673	642.5	670.5	2871600	663.58
30/11/2009	671	678	656.5	658.5	3201600	651.71
01/12/2009	662	677	661.5	677	3442200	670.02
02/12/2009	676.5	682	670	680	1888500	672.98
03/12/2009	680.5	695	680.5	691	3008100	683.87
04/12/2009	691	694	674.5	685	3160700	677.93
07/12/2009	682	686.5	675	678.5	2138500	671.5
09/12/2009	650	659	638.5	647	3043400	647
11/12/2009	636	649.5	636	638	3326400	638
14/12/2009	643.5	648.5	636	641.5	2556500	641.5
15/12/2009	641.5	647.5	635	643	1939700	643
