Date	Open	High	Low	Close	Volume	Adj Close
03/01/2006	491	494.5	486.5	489.75	40324200	489.75
04/01/2006	492.75	493.5	489.75	492.75	18210000	492.75
05/01/2006	493.5	496.5	488.5	492.5	35680300	492.5
06/01/2006	493.5	498	492.75	497.75	26571800	497.75
09/01/2006	498	500	495.25	499.75	28637200	499.75
10/01/2006	498.75	498.75	494	495.5	22574400	495.5
11/01/2006	497	505.75	497	505	63560000	505
12/01/2006	514	519	511	511	85568000	511
13/01/2006	511	516.25	507	512.25	37430700	512.25
16/01/2006	510.25	514.5	509	511.5	15005400	511.5
17/01/2006	509.5	510.75	507	507.25	26463600	507.25
18/01/2006	503	507.5	500.5	502.75	41359300	502.75
19/01/2006	507.75	522	507	516	62854600	516
20/01/2006	518	521	510	511.25	48932400	511.25
23/01/2006	508	517	506.25	515	34551900	515
24/01/2006	515	516	505	506.5	30949000	506.5
25/01/2006	507	509.5	503.5	508	47402800	508
26/01/2006	510	515	508.5	510.75	47349800	510.75
27/01/2006	516	519	511.75	516.5	65081900	516.5
30/01/2006	517.5	518	509.75	511.25	39301700	511.25
31/01/2006	510	512	508.25	509.5	40213400	509.5
01/02/2006	514.5	555	509.5	535	193432800	535
02/02/2006	535	535	523.5	525.25	67496200	525.25
03/02/2006	525.5	531.75	520.75	521	66958500	521
06/02/2006	533	539.5	525.5	525.5	68984200	525.5
07/02/2006	524.25	527.25	521	524	37225700	524
08/02/2006	521.75	544.5	520.5	533	91679300	533
09/02/2006	536.75	557	533	549	79541400	549
10/02/2006	547.5	554.75	543.25	549	45728000	549
13/02/2006	550	559.5	548.5	552	53649300	552
14/02/2006	554	557.5	542.75	550	39821600	550
15/02/2006	550	552.25	544	548	26223500	548
16/02/2006	550	551.75	544	546.75	27800800	546.75
17/02/2006	547	558	544.5	546.75	41235000	546.75
20/02/2006	547	547.25	541	546.75	18563900	546.75
21/02/2006	547	549.75	542.5	546.5	26329600	546.5
22/02/2006	545.5	547	542.25	545	23284900	545
23/02/2006	546	550	540	541	30969900	541
24/02/2006	556.5	572.5	553.25	566.5	197709200	566.5
27/02/2006	570	573.5	565	565	33094600	565
28/02/2006	567	567.25	551.5	553.75	58237100	553.75
01/03/2006	554	555.25	549.25	554.5	22133600	554.5
02/03/2006	554.5	557	548.5	551.75	35646200	551.75
03/03/2006	550	552.5	542.75	545.5	25781200	545.5
06/03/2006	548.25	551.75	545.5	547	82471600	547
07/03/2006	546.25	547.5	539	543.25	60286500	543.25
08/03/2006	522	526.75	513.5	521.75	33141600	521.75
09/03/2006	522.5	535.5	519.5	531	42085200	531
10/03/2006	531.5	542	531	535.5	30809800	535.5
13/03/2006	539	543.5	534.5	541.75	31981500	541.75
14/03/2006	541.5	546.75	537.5	540	27479400	540
15/03/2006	542	543.5	536.5	538.75	22604900	538.75
16/03/2006	539.5	549.75	536.25	545	41104300	545
17/03/2006	550	558	548.25	551	47917000	551
20/03/2006	556	572	556	558	68724100	558
21/03/2006	561	561	553.5	560	42615200	560
22/03/2006	558.5	583	554	573.5	102541900	573.5
23/03/2006	575	581.5	565	568	37827200	568
24/03/2006	568	571	563.5	569	46173000	569
27/03/2006	566.5	571.5	562	562	24364600	562
28/03/2006	565	565	551.5	555	50663400	555
29/03/2006	554	559	550.5	552	21093200	552
30/03/2006	557	560	551	556	18822700	556
31/03/2006	557	557	548.5	550.5	25741400	550.5
03/04/2006	554.5	558	550.5	552	31612400	552
04/04/2006	552	552	543	545.5	39100800	545.5
05/04/2006	547	550	541.5	544	85324100	544
06/04/2006	546	550.5	540.5	549	27299700	549
07/04/2006	550	552	538.5	540	32742500	540
10/04/2006	542	542	532.5	536.5	37337400	536.5
11/04/2006	534.5	536	527	530	47379900	530
12/04/2006	532	532	520.5	524.5	36945800	524.5
13/04/2006	526	528	518	525	39543400	525
14/04/2006	525	525	525	525	0	525
17/04/2006	525	525	525	525	0	525
18/04/2006	523	526.5	519	524	50698500	524
19/04/2006	530	532	525.5	527.5	67561600	527.5
20/04/2006	528	533	523.5	526.5	62437800	526.5
21/04/2006	528.5	533	527	530.5	73313400	530.5
24/04/2006	526	527.5	521	522	27818000	522
25/04/2006	523.5	533	523	524	33242800	524
26/04/2006	527	535	526	532	60114700	532
27/04/2006	536	539.5	529.5	533	38562300	533
28/04/2006	533	542.5	532.5	533.5	24424600	533.5
01/05/2006	533.5	533.5	533.5	533.5	0	533.5
02/05/2006	533	536	529	534	43391600	534
03/05/2006	533	538	530.5	532.5	39449900	532.5
04/05/2006	533.5	535.5	528.5	531	76563200	531
05/05/2006	537	540	532.5	536.5	55010900	536.5
08/05/2006	539	542	530	530.5	43200600	530.5
09/05/2006	530	533	526	528.5	46177000	528.5
10/05/2006	529.5	533	526	526.5	22490700	526.5
11/05/2006	525	528	519.5	520	31275200	520
12/05/2006	519	522.5	505.5	506	42419200	506
15/05/2006	503.5	513.5	492.66	510	45732100	510
16/05/2006	510	522	510	512	45865300	512
17/05/2006	514	519.96	498.08	499.5	28634300	499.5
18/05/2006	502	509	492.16	500.5	38186700	500.5
19/05/2006	500	507.02	497.5	500	30339500	500
22/05/2006	500	504.94	470	491.5	38804000	491.5
23/05/2006	494.5	505	491.34	500	32776900	500
24/05/2006	496.5	501	487.26	493	38308600	493
25/05/2006	497	502.5	486.08	502	29471900	502
26/05/2006	503	510.5	500.94	510.5	20443700	510.5
29/05/2006	510.5	510.5	510.5	510.5	0	510.5
30/05/2006	511	512.94	494.5	496.5	35820500	496.5
31/05/2006	492.5	507.35	491.66	503.5	24010000	503.5
01/06/2006	507	517.66	488.1	515.5	55101100	515.5
02/06/2006	519	523.5	516.3	518.5	26014200	518.5
05/06/2006	518.5	520.73	512.5	514.5	24048000	514.5
06/06/2006	510	515	508.16	511	37628200	511
07/06/2006	511.5	530	511.5	523	61602800	523
08/06/2006	512.5	535.2	511.66	521	91870600	521
09/06/2006	525	531.03	511.71	523.5	31488800	523.5
12/06/2006	520.5	525.5	515	519	15930500	519
13/06/2006	510.5	512.35	499	503	41430000	503
14/06/2006	506	522.24	505.14	515	50041500	515
15/06/2006	523	531.35	522.12	527	45939500	527
16/06/2006	532	535.05	523.82	527	55343000	527
19/06/2006	525	550	520.85	523.5	37410600	523.5
20/06/2006	520	526.42	518.89	525	22626900	525
21/06/2006	525.5	526.7	516.5	523.5	33510600	523.5
22/06/2006	527	530	521.11	526.5	17737200	526.5
23/06/2006	524.5	527.5	518.63	521.5	17799500	521.5
26/06/2006	524	524.37	518.75	522	20265100	522
27/06/2006	524	524.5	516.25	517.5	16514700	517.5
28/06/2006	517.5	525.26	515.25	517	18235000	517
29/06/2006	519.5	529.5	519	529	39279100	529
30/06/2006	533.5	535.5	526	531.5	22607800	531.5
03/07/2006	534	539.5	531	535	25692900	535
04/07/2006	536	543.5	534	541	19151000	541
05/07/2006	537.5	541	537	539	19856500	539
06/07/2006	539	543.5	537.5	542	19888200	542
07/07/2006	541.5	548.5	537.5	544	34777200	544
10/07/2006	546	546	537	543	32081200	543
11/07/2006	539.5	545	536.5	541	25542600	541
12/07/2006	543	544	532	535	15050900	535
13/07/2006	533	533	523	525.5	32123900	525.5
14/07/2006	522	527.5	516	517	14778200	517
17/07/2006	518	520.5	511.5	518.5	21966100	518.5
18/07/2006	515	521	515	516.5	21966800	516.5
19/07/2006	518	532	518	528.5	32447600	528.5
20/07/2006	532.5	534.5	529	531	29775600	531
21/07/2006	529.5	529.5	520	524.5	30949800	524.5
24/07/2006	526.5	540	525.5	538	28934900	538
25/07/2006	538	540.5	531	540	33912900	540
26/07/2006	540	541	535.5	540.5	56136300	540.5
27/07/2006	541	544	538	542.5	22373900	542.5
28/07/2006	539	546	538.5	544	39740800	544
31/07/2006	544	544	536.5	539	19577100	539
01/08/2006	536	539	528	534	30926900	534
02/08/2006	538	540.5	521.5	528	47830100	528
03/08/2006	528	528	528	528	0	528
04/08/2006	520	527	517.5	525	23972000	525
07/08/2006	525	528	518.5	519.5	20720500	519.5
08/08/2006	523	527.5	519	521	26422400	521
09/08/2006	513.5	515.5	508.5	511.5	30674900	511.5
10/08/2006	506.5	510	501.5	509.5	23312100	509.5
11/08/2006	510.5	513	506	507	15602200	507
14/08/2006	511	516.5	508.5	514.5	13819200	514.5
15/08/2006	514.5	519.5	512	517	20514600	517
16/08/2006	518	523	515.5	519.5	21572600	519.5
17/08/2006	519.5	522	517	519.5	17253000	519.5
18/08/2006	521	532	518.5	523	28415200	523
21/08/2006	523.5	526	520	522	16491900	522
22/08/2006	523	530.5	521.5	523	38714100	523
23/08/2006	524.5	526	518.5	521.5	32962100	521.5
24/08/2006	522.5	526.5	515.5	523	49926500	523
25/08/2006	529	532	523.5	526	32297300	526
28/08/2006	526	526	526	526	0	526
29/08/2006	529	530	522	524	32980200	524
30/08/2006	524.5	529.5	524.5	527	16765000	527
31/08/2006	528.5	529	520	521.5	22614900	521.5
01/09/2006	523.5	527.5	522	525.5	33561600	525.5
04/09/2006	525	535	523	533.5	33303700	533.5
05/09/2006	534.5	535.5	529	532.5	23934800	532.5
06/09/2006	535	535	526.5	529.5	17846000	529.5
07/09/2006	528	528	518.5	522	26709800	522
08/09/2006	524	525	520	521	13477000	521
11/09/2006	518	523	518	522	28941600	522
12/09/2006	523	532	520.5	528	44470400	528
13/09/2006	530	532	523.5	525	25852500	525
14/09/2006	525	529	521.5	524.5	19922900	524.5
15/09/2006	524	530	524	529.5	33721200	529.5
18/09/2006	530.5	533	527.5	529	19852600	529
19/09/2006	529.5	531.5	524	529	45389700	529
20/09/2006	531	535	529	534	38767400	534
21/09/2006	533.5	536	529.5	533	23223200	533
22/09/2006	529.5	531	525.5	529	16003800	529
25/09/2006	529	533.5	525	527.5	26861600	527.5
26/09/2006	530.5	534.5	528.5	532.5	16997600	532.5
27/09/2006	534.5	540	533	537	46453700	537
28/09/2006	534.5	542	534	540	20948100	540
29/09/2006	539.5	544	537.5	539.5	26086200	539.5
02/10/2006	542.5	544	538	540	12438200	540
03/10/2006	542	542	537	542	47995100	542
04/10/2006	544	554.5	541.5	547.5	48817400	547.5
05/10/2006	554	556	550	552.5	37837400	552.5
06/10/2006	556	562	551.5	556	32157100	556
09/10/2006	556.5	557	552	556	26132300	556
10/10/2006	557	557	548.5	552.5	41498300	552.5
11/10/2006	552	555.5	550	554.5	37135400	554.5
12/10/2006	553	562.5	552.5	559	20826300	559
13/10/2006	560.5	587.5	559.5	581	92214300	581
16/10/2006	584	595.5	575	579	50990300	579
17/10/2006	575.5	577	561.5	564.5	44457000	564.5
18/10/2006	568	571.5	564	569	46016200	569
19/10/2006	568	571	563	568.5	19930500	568.5
20/10/2006	568.5	571	557.5	562.5	35497800	562.5
23/10/2006	563	566	557	564	24532500	564
24/10/2006	563	566.5	559.5	563	19367300	563
25/10/2006	562	566.5	559.5	564	37169100	564
26/10/2006	565	566.5	560	563	17551400	563
27/10/2006	565.5	568	557.5	561	26019200	561
30/10/2006	557	561	557	559.5	17886700	559.5
31/10/2006	559	564	557	559.5	15666300	559.5
01/11/2006	560.5	563	558	560.5	26198400	560.5
02/11/2006	560	561	556	559	21999500	559
03/11/2006	560.5	562	555.5	558	19256000	558
06/11/2006	552	564	552	561	19306500	561
07/11/2006	562.5	565	557	561.5	27202400	561.5
08/11/2006	559	561	555.5	560	32462900	560
09/11/2006	561	561	552	555.5	58217100	555.5
10/11/2006	555	556	552	555.5	15828700	555.5
13/11/2006	555	564.5	554.5	561	39021900	561
14/11/2006	563.5	564.5	558	561.5	27009600	561.5
15/11/2006	563	565.5	561	564.5	18307000	564.5
16/11/2006	563	568	561.5	567	22228600	567
17/11/2006	567.5	571	564.5	568	28724300	568
20/11/2006	564	566.5	560	565.5	24887900	565.5
21/11/2006	569.5	570	565	567	24868300	567
22/11/2006	569	574	558.5	564	24464200	564
23/11/2006	564.5	565.5	554.5	561.5	32534800	561.5
24/11/2006	559.5	559.5	550.5	554.5	34059200	554.5
27/11/2006	553	555	548.5	551	30614100	551
28/11/2006	551	552	541.5	546.5	31376800	546.5
29/11/2006	548	550	543	546	24901600	546
30/11/2006	546	549.5	540	540.5	30672100	540.5
01/12/2006	544	547.5	537.5	539.5	38507800	539.5
04/12/2006	539.5	545	539.5	543	33587300	543
05/12/2006	543	544.5	535	539.5	42234200	539.5
06/12/2006	539.5	549	538	543.5	33713900	543.5
07/12/2006	544	556.5	542.5	550.5	47236300	550.5
08/12/2006	550	560	550	555.5	33740800	555.5
11/12/2006	559	569.5	554	558.5	44329700	558.5
12/12/2006	557.5	561	554.5	558	28515700	558
13/12/2006	555.5	557.5	551	556.5	43364200	556.5
14/12/2006	558	562.5	555	561.5	26223400	561.5
15/12/2006	564	568.5	562	565	45011500	565
18/12/2006	562.5	565.5	559	564	14595600	564
19/12/2006	563	563.5	556	557.5	55098700	557.5
20/12/2006	560	566	559	560	17410700	560
21/12/2006	560.5	568	560.5	565.5	15707100	565.5
22/12/2006	563.5	570	563.5	568.5	11311600	568.5
25/12/2006	568.5	568.5	568.5	568.5	0	568.5
26/12/2006	568.5	568.5	568.5	568.5	0	568.5
27/12/2006	571	576.5	568.5	572.5	18429200	572.5
28/12/2006	576	580	570.5	574	12230400	574
29/12/2006	573	576	568.5	571.5	27447400	571.5
01/01/2007	571.5	571.5	571.5	571.5	0	571.5
02/01/2007	575.5	580	573	577.5	13606600	577.5
03/01/2007	580	587.5	576.5	585	26836200	585
04/01/2007	582	583	576	580.5	29643000	580.5
05/01/2007	577	582.5	574	577.5	20066000	577.5
08/01/2007	581	582	575	575.5	18980800	575.5
09/01/2007	583.5	585.5	579.5	581	29187100	581
10/01/2007	580	580	574	577.5	18246100	577.5
11/01/2007	578	585	563.5	583	38466800	583
12/01/2007	584	594	582.5	593	45404000	593
15/01/2007	594.5	600	594	597.5	38149200	597.5
16/01/2007	595	599.5	587	590	32375700	590
17/01/2007	583	586	577	584	57780900	584
18/01/2007	584	587	578	579.5	21566400	579.5
19/01/2007	576.5	582	572.5	582	28110100	582
22/01/2007	581.5	587.5	579.5	581	31390200	581
23/01/2007	583	588	578.5	580.5	16148900	580.5
24/01/2007	582	588	581	588	80919400	588
25/01/2007	590	593	583.5	585	21111100	585
26/01/2007	583.5	588.5	582	583.5	50124000	583.5
29/01/2007	582	590.5	581.5	587.5	70008400	587.5
30/01/2007	588	590.5	583	584.5	68185600	584.5
31/01/2007	584.5	585	578.5	581.5	28566700	581.5
01/02/2007	586	589	583.5	585.5	50163000	585.5
02/02/2007	586	593.5	584	590	25250300	590
05/02/2007	590.5	592	587.5	590.5	10911000	590.5
06/02/2007	593	604	593	598.5	72266300	598.5
07/02/2007	597	598.5	591.5	598.5	56973300	598.5
08/02/2007	595	604	594	600	34135600	600
09/02/2007	603	608	601	606	30994100	606
12/02/2007	603	604	599	602.5	28871000	602.5
13/02/2007	605	605	599	602.5	12192600	602.5
14/02/2007	605.5	608.5	602	607	47833100	607
15/02/2007	608.5	608.5	600.5	607.5	18287400	607.5
16/02/2007	605	609	603	605.5	21921200	605.5
19/02/2007	607.5	611	606	606.5	31757600	606.5
20/02/2007	607.5	618.5	607	614	86014700	614
21/02/2007	618	622	608.5	613	49978400	613
22/02/2007	617	618	609	613	25401500	613
23/02/2007	600.5	602	587.5	592	79727900	592
26/02/2007	593	594	586	591.5	36381300	591.5
27/02/2007	588.5	589	581	585	34055300	585
28/02/2007	578.5	581.5	572.5	574	38886800	574
01/03/2007	574	580	553	567	45762000	567
02/03/2007	571	573	563	565	37151200	565
05/03/2007	557.5	565.5	554	562.5	33348600	562.5
06/03/2007	564	566	559	563.5	75130000	563.5
07/03/2007	544	544.5	535	539	59331900	539
08/03/2007	540.5	554	540.5	552	56789300	552
09/03/2007	553	555	547	552.5	23180100	552.5
12/03/2007	554	555	546.5	548.5	27077300	548.5
13/03/2007	549.5	550	539.5	540	34651500	540
14/03/2007	534.5	537	529	532	104338600	532
15/03/2007	540	541.5	530	533.5	53378600	533.5
16/03/2007	533	534.5	527.5	534	50340700	534
19/03/2007	545	551	541	548	68036100	548
20/03/2007	551	559.5	549	553.5	78933600	553.5
21/03/2007	554.5	562	553	559	54322700	559
22/03/2007	567.5	571	563.5	565.5	68902500	565.5
23/03/2007	568.5	574	566	573.5	79815700	573.5
26/03/2007	574	575	559	562.5	80100400	562.5
27/03/2007	567	567	558.5	563.5	28542600	563.5
28/03/2007	563	564.5	556	556.5	30468100	556.5
29/03/2007	557.5	563.5	556.5	560.5	28168100	560.5
30/03/2007	559.5	563.5	557	560	20737800	560
02/04/2007	562	569.5	560.5	567	61516800	567
03/04/2007	571	571	561	567	83786600	567
04/04/2007	571	571	563.5	564	64572200	564
05/04/2007	563.5	571.5	561.5	569	45055900	569
06/04/2007	569	569	569	569	0	569
09/04/2007	569	569	569	569	0	569
10/04/2007	571	575	567.5	571.5	88063200	571.5
11/04/2007	571	572.5	566.5	570	89421800	570
12/04/2007	570	572.5	566.5	570.5	30535700	570.5
13/04/2007	571.5	574.5	568	574.5	23957500	574.5
16/04/2007	582	588.5	578	586	57086100	586
17/04/2007	588.5	588.5	578	585	28066500	585
18/04/2007	582	584.5	578.5	582	33262900	582
19/04/2007	579	579	574.5	577.5	14033600	577.5
20/04/2007	578	588.5	577.5	583	75735900	583
23/04/2007	582	586.5	577.5	584	17765500	584
24/04/2007	586	587	572.5	578	27823700	578
25/04/2007	578	587.5	578	580.5	33469700	580.5
26/04/2007	585	590	579	582	35786000	582
27/04/2007	581.5	583.5	577	579	58077700	579
30/04/2007	577	583.5	576	581	11947500	581
01/05/2007	582	583	571.5	573	19622300	573
02/05/2007	577.5	585	577	582	38742700	582
03/05/2007	585	588	582.5	585.5	30605800	585.5
04/05/2007	589	589	583.5	587	9718900	587
07/05/2007	587	587	587	587	0	587
08/05/2007	590	592	579.5	582	15804500	582
09/05/2007	584	588	577	581	19729900	581
10/05/2007	582.5	586	577.5	581.5	22663600	581.5
11/05/2007	578.5	587	574	586.5	27865900	586.5
14/05/2007	587	588.5	582	583.5	11463900	583.5
15/05/2007	582	586	580	584	29149800	584
16/05/2007	584	584.5	578	580.5	26860000	580.5
17/05/2007	583.5	583.5	579	581	21682700	581
18/05/2007	581	584.5	579	584	16980700	584
21/05/2007	583.5	585	580.5	583	15804300	583
22/05/2007	584.5	586.5	580.5	581	39940800	581
23/05/2007	583.5	589	583	583	54418100	583
24/05/2007	582	583.5	574.5	576	23683500	576
25/05/2007	574.5	577.5	571	576	14846900	576
28/05/2007	576	576	576	576	0	576
29/05/2007	576.5	578.5	571	576	23857700	576
30/05/2007	572	577	569	576.5	16488300	576.5
31/05/2007	579.5	581.5	574	575	17608400	575
01/06/2007	575	575	575	575	0	575
04/06/2007	577.5	579.5	573	575.5	12258400	575.5
05/06/2007	576	583	575.5	579	35482900	579
06/06/2007	582	584.5	568	570.5	34447100	570.5
07/06/2007	571.5	573.5	562	569	36490400	569
08/06/2007	569	570	562	567.5	33110700	567.5
11/06/2007	570	574	568.5	572	28494500	572
12/06/2007	570	572.5	565.5	566	31466700	566
13/06/2007	566	568.5	558	567.5	47047300	567.5
14/06/2007	572	577	568	574.5	36700500	574.5
15/06/2007	581	583.5	576.5	579	88086200	579
18/06/2007	582	588	577.5	578	27652700	578
19/06/2007	580.5	584.5	574.5	574.5	28713700	574.5
20/06/2007	578.5	590	576.5	576.5	38410400	576.5
21/06/2007	574	577	566	573	21228200	573
22/06/2007	574.5	577.5	568	568.5	20956300	568.5
25/06/2007	567.5	568	562.5	567	41062400	567
26/06/2007	565	565	559	560	29810900	560
27/06/2007	555	556.5	544	551.5	53975900	551.5
28/06/2007	554	555	548	553.5	31001600	553.5
29/06/2007	555.5	559.5	547.5	556	28350200	556
02/07/2007	554.5	557.5	548.5	550	23640700	550
03/07/2007	553.5	556.5	550	554	65202200	554
04/07/2007	553	558.5	552	553.5	19916700	553.5
05/07/2007	561	565	559	560	76488400	560
06/07/2007	558.5	566.5	558.5	562	25887300	562
09/07/2007	563.5	568.5	561	565.5	35258600	565.5
10/07/2007	566	569	554	557.5	34322500	557.5
11/07/2007	555	556.5	549	553.5	25249800	553.5
12/07/2007	554.5	563.5	552	560	46625300	560
13/07/2007	565	571	562	566.5	37748400	566.5
16/07/2007	568	573	566	569	50451900	569
17/07/2007	569	574.5	566.5	572	28544800	572
18/07/2007	567	573	567	567	28621200	567
19/07/2007	568.5	573	567	569.5	26314000	569.5
20/07/2007	570.5	572.5	562	563.5	18546800	563.5
23/07/2007	563	568.5	563	568	12938100	568
24/07/2007	565	569	559.5	560.5	58274900	560.5
25/07/2007	557.5	559.5	552.5	554.5	30150600	554.5
26/07/2007	554.5	558	538.5	538.5	46240000	538.5
27/07/2007	536.5	545.5	533	537	42993900	537
30/07/2007	538.5	539.5	529	534.5	42147200	534.5
31/07/2007	550	561	547.5	558	64411000	558
01/08/2007	550	560.5	545	553	44874000	553
02/08/2007	557.5	565	554	562	29805400	562
03/08/2007	563.5	563.5	549	553.5	26066900	553.5
06/08/2007	549	559.5	548	554.5	35236400	554.5
07/08/2007	560	570	558	570	51948900	570
08/08/2007	566	569.5	560.5	565	48821000	565
09/08/2007	566.5	568	547.5	554	52433700	554
10/08/2007	546.5	550	527.5	530	57163600	530
13/08/2007	535	550	534	545.5	29548800	545.5
14/08/2007	540.5	552	536.5	538.5	32542000	538.5
15/08/2007	533.5	539	528.5	538.5	48929300	538.5
16/08/2007	529	531	517.5	521	58811300	521
17/08/2007	517	551	516.5	544	169616700	544
20/08/2007	542	552.5	540	543.5	29462400	543.5
21/08/2007	543.5	548	538.5	544	52155500	544
22/08/2007	547	554	546	552	26165800	552
23/08/2007	555	560	553.5	553.5	43958400	553.5
24/08/2007	552.5	557	547	550.5	17703700	550.5
27/08/2007	550.5	550.5	550.5	550.5	0	550.5
28/08/2007	549.5	551.5	533.5	534	30567100	534
29/08/2007	532	538.5	530.5	534	21657600	534
30/08/2007	539	540	528.5	537.5	37130900	537.5
31/08/2007	543	547	536.5	545	23162800	545
03/09/2007	548	549	543.5	547.5	9441100	547.5
04/09/2007	540.5	549	538.5	548.5	37893100	548.5
05/09/2007	548	548	533	535	23684600	535
06/09/2007	538.5	538.5	523	533.5	27143300	533.5
07/09/2007	531.5	533.5	521.5	524	30082900	524
10/09/2007	523	530.5	519	520.5	20333600	520.5
11/09/2007	524	534	522.5	532	19404100	532
12/09/2007	531	533.5	525.5	530.5	10436900	530.5
13/09/2007	529	536	525	534.5	35145600	534.5
14/09/2007	529	529	515	520	47247800	520
17/09/2007	519	519	508	513	46401600	513
18/09/2007	514	523.5	510	519.5	39367800	519.5
19/09/2007	534	546	532	540.5	66901900	540.5
20/09/2007	540	540	527.5	532	34430800	532
21/09/2007	529.5	539.5	529	536	73051400	536
24/09/2007	534	539.5	530	534	42328200	534
25/09/2007	532.5	535	526.5	531.5	77664500	531.5
26/09/2007	535	541	534	536	31805200	536
27/09/2007	541	551	540	542.5	51266400	542.5
28/09/2007	541	543	534.5	542.5	64083900	542.5
01/10/2007	539	544.5	535	543	23311800	543
02/10/2007	545	561	543.5	556	48007200	556
03/10/2007	560	570	557.5	565	80461700	565
04/10/2007	565	585	564.5	571.5	56137500	571.5
05/10/2007	576	578	564.5	571	36763200	571
08/10/2007	572	572	567.5	567.5	45337300	567.5
09/10/2007	569	574.5	566.5	571	25253000	571
10/10/2007	574.5	574.5	559.5	563.5	32574100	563.5
11/10/2007	564	565.5	554.5	562	50106500	562
12/10/2007	558	559	548	557	73328400	557
15/10/2007	557	560.5	545	547.5	32247700	547.5
16/10/2007	542.5	544	531.5	536.5	45119800	536.5
17/10/2007	537	548.5	533.5	547.5	44710600	547.5
18/10/2007	549	555	541	543.5	44102500	543.5
19/10/2007	541.5	543.5	529	536.5	91892700	536.5
22/10/2007	525	533	525	530	28137800	530
23/10/2007	534	536.5	529	531	49859800	531
24/10/2007	532.5	533	524.5	527.5	31358800	527.5
25/10/2007	531	532	525	529.5	19258800	529.5
26/10/2007	531.5	538	527	534	20733100	534
29/10/2007	537	542	532.5	536	16853200	536
30/10/2007	535	539.5	532.5	536	29920200	536
31/10/2007	537	547	536	545.5	22730300	545.5
01/11/2007	545	546.5	527	531	25285800	531
02/11/2007	527	527	508.5	517.5	39301500	517.5
05/11/2007	511	512	498.5	508	30340900	508
06/11/2007	512.5	518.5	507	510	50600600	510
07/11/2007	513	513.5	498.5	502	18417700	502
08/11/2007	494.25	500	482.75	483.5	40018100	483.5
09/11/2007	488	493.75	467.5	474.5	45277300	474.5
12/11/2007	472.25	489.75	471.5	487.5	39567900	487.5
13/11/2007	483	503.5	480	497.5	30619900	497.5
14/11/2007	504.5	511.5	494.25	499.5	35368100	499.5
15/11/2007	502.5	507	482	491.75	31551800	491.75
16/11/2007	486.5	487.75	477.75	481.25	31729200	481.25
19/11/2007	481	485.75	465	466.75	29660900	466.75
20/11/2007	469	476	451.25	472	31178800	472
21/11/2007	460	462.75	446	451.25	33591400	451.25
22/11/2007	452	458	440	457	23327900	457
23/11/2007	458	472.5	456.5	470.25	24424500	470.25
26/11/2007	464.25	474.5	452.25	455.5	33005500	455.5
27/11/2007	452.75	461.5	438.75	454	51910100	454
28/11/2007	460	474.75	447	473	54046600	473
29/11/2007	480	483	466.25	474	36043900	474
30/11/2007	474	500.5	473	495	45846500	495
03/12/2007	492.75	499	487.5	490.75	22383900	490.75
04/12/2007	486	487.25	464	474.25	37921600	474.25
05/12/2007	478.5	486.25	469.25	485.5	34175700	485.5
06/12/2007	496	503	480.25	487.5	62718300	487.5
07/12/2007	490.75	498.75	482.5	488	28647000	488
10/12/2007	486	513.5	479.75	504.5	45081600	504.5
11/12/2007	508.5	510	495	498.75	27905600	498.75
12/12/2007	488	504	483.75	498.75	86773300	498.75
13/12/2007	495	495.5	470.75	471.75	36838600	471.75
14/12/2007	478.75	482.25	469	476.5	19347500	476.5
17/12/2007	469.25	471.75	458.5	464	44784100	464
18/12/2007	463	475	462	465	30209400	465
19/12/2007	468.5	468.5	459.75	462.25	23506900	462.25
20/12/2007	462.5	465.75	458.25	461.25	19420300	461.25
21/12/2007	466.25	472	462.5	470	35458700	470
24/12/2007	465.75	481.5	465.75	475.25	3203800	475.25
25/12/2007	475.25	475.25	475.25	475.25	0	475.25
26/12/2007	475.25	475.25	475.25	475.25	0	475.25
27/12/2007	476	482.25	474	475.75	12204400	475.75
28/12/2007	466.5	478.5	466.5	475.25	7974900	475.25
31/12/2007	478.75	478.75	468	472	4389300	472
01/01/2008	472	472	472	472	0	472
02/01/2008	467.5	480.75	465.5	469	13080100	469
03/01/2008	469	474	460.75	471.5	19987100	471.5
04/01/2008	468	474.75	451.25	455	28868200	455
07/01/2008	455	458	442.25	452	36559100	452
08/01/2008	453	456.25	432.25	443.5	40851100	443.5
09/01/2008	437.25	439.5	427.25	433.5	40693800	433.5
10/01/2008	440	440	427.25	430.5	42327200	430.5
11/01/2008	430	434.25	419.5	430.25	56474000	430.25
14/01/2008	429.5	432.25	422.25	425	38562400	425
15/01/2008	422.25	429.25	403	406	44212400	406
16/01/2008	400.75	404.25	386.75	394.25	58124200	394.25
17/01/2008	398	409.5	396.75	405.5	68017000	405.5
18/01/2008	404.25	422.25	393	401.25	60894300	401.25
21/01/2008	392	394.5	372.25	373.5	63624000	373.5
22/01/2008	361	430	354	408	113298200	408
23/01/2008	422	423.5	399.75	410	81611200	410
24/01/2008	440	453.5	426.75	443.75	94962600	443.75
25/01/2008	457.75	458	422.75	429.25	55386300	429.25
28/01/2008	421	424.75	412.75	422	40805900	422
29/01/2008	426.75	440.5	423.75	439.5	36954400	439.5
30/01/2008	434	445.25	431.25	438	30303600	438
31/01/2008	435	440	407.5	437.5	47812700	437.5
01/02/2008	445	447.25	432	441.75	37823500	441.75
04/02/2008	447	452.75	438.75	447.5	24132800	447.5
05/02/2008	445	449.75	428	432.5	37392300	432.5
06/02/2008	423.75	431.75	417.25	425	32174700	425
07/02/2008	424.5	424.5	409.25	416	35212600	416
08/02/2008	419.5	424.5	409	416.5	26717100	416.5
11/02/2008	410.75	415.25	401.25	404.25	29383800	404.25
12/02/2008	409.5	424	398.5	421.5	37382500	421.5
13/02/2008	415	423.25	409	416	37345800	416
14/02/2008	418.75	422.5	405.5	410.5	30877400	410.5
15/02/2008	409	412.5	392.5	395.75	49785400	395.75
18/02/2008	403	428	403	424.5	42576900	424.5
19/02/2008	420.5	444.5	414.75	432	60217200	432
20/02/2008	424	439.75	418.75	428	47113100	428
21/02/2008	433.25	443	430	436.75	31085800	436.75
22/02/2008	434.5	467.5	429.25	457.5	96011400	457.5
25/02/2008	466	473.5	455.5	466.5	79669400	466.5
26/02/2008	468.25	483.75	467	482.25	71341500	482.25
27/02/2008	482	483.5	466	476.25	76696700	476.25
28/02/2008	473	479.5	461.5	463.5	34069600	463.5
29/02/2008	462	464	448.75	453.5	46275000	453.5
03/03/2008	445.25	450.75	440.25	444.5	42370400	444.5
04/03/2008	447	452.25	435.75	440.25	41849400	440.25
05/03/2008	427	432	421	428.25	44230100	428.25
06/03/2008	427	430.75	409.5	413.75	35807100	413.75
07/03/2008	409	434	405.25	424	61127700	424
10/03/2008	423.5	433.75	418.75	421	32919600	421
11/03/2008	423.5	442.5	420	433.25	50060800	433.25
12/03/2008	446	450	439.5	444	33679800	444
13/03/2008	436.75	436.75	422.25	430	41444700	430
14/03/2008	428	445	415	421.25	43260200	421.25
17/03/2008	408	412	386	398	91518700	398
18/03/2008	408.75	419.25	402.5	416.5	49061200	416.5
19/03/2008	425	430.25	401.75	427.25	95689900	427.25
20/03/2008	420	441.5	420	434	98945400	434
21/03/2008	434	434	434	434	0	434
24/03/2008	434	434	434	434	0	434
25/03/2008	458	468.5	452.5	461.5	73760700	461.5
26/03/2008	462.75	472	456.25	461.75	93433200	461.75
27/03/2008	463.5	473.25	455.5	459.5	47549900	459.5
28/03/2008	454.25	460	447.25	451.25	42725600	451.25
31/03/2008	449.75	460	443	451	43114000	451
01/04/2008	448	482.5	446.5	480.25	49106900	480.25
02/04/2008	483	488.5	472.5	483.25	38571900	483.25
03/04/2008	470.5	477.75	457.75	462.75	33941800	462.75
04/04/2008	463	467.25	448.25	457.5	34545900	457.5
07/04/2008	462.5	468.5	457.5	461.5	27581200	461.5
08/04/2008	454.5	459.5	446	457	31587100	457
09/04/2008	457	462	450.75	454.25	27330000	454.25
10/04/2008	454.75	459.25	437	446.25	35867400	446.25
11/04/2008	451	451.5	427	433	38639000	433
14/04/2008	427	434	420.75	421	28201700	421
15/04/2008	420.5	431	415.75	427	33224700	427
16/04/2008	431.75	442.75	427.5	441.75	40530900	441.75
17/04/2008	442.5	458.25	439.75	442.75	37150600	442.75
18/04/2008	445.75	458.5	426.75	453.25	61153500	453.25
21/04/2008	455	462.75	439.25	442.5	35857300	442.5
22/04/2008	434.75	445.5	432.5	439.75	23638700	439.75
23/04/2008	440.25	442.5	417.25	430.5	43588600	430.5
24/04/2008	432	436	423.5	436	24075300	436
25/04/2008	438.25	449.75	438.25	442.25	25085500	442.25
28/04/2008	445.75	450.75	444.25	447.25	24407300	447.25
29/04/2008	448	451.25	435.5	438.75	24796300	438.75
30/04/2008	436.25	441	425	432.5	33711200	432.5
01/05/2008	441	441	427	430.75	14635700	430.75
02/05/2008	439.75	453.75	437.75	452.5	34202800	452.5
05/05/2008	452.5	452.5	452.5	452.5	0	452.5
06/05/2008	450	451	431.25	439	37022400	439
07/05/2008	437.25	451.25	434.5	449.5	32990900	449.5
08/05/2008	446	448	440	443.75	31947700	443.75
09/05/2008	439.75	441.5	426.5	433	40949800	433
12/05/2008	435.75	435.75	419.75	424.75	28014100	424.75
13/05/2008	428	428.75	407.5	418	41531100	418
14/05/2008	413.5	417	407.25	410.5	36241900	410.5
15/05/2008	409.75	412	398.75	409	38675500	409
16/05/2008	413	417.5	409.5	411	24153000	411
19/05/2008	412.5	414	399.75	408.25	25369500	408.25
20/05/2008	405.75	412	400	402.75	31974700	402.75
21/05/2008	407.5	410.5	392.25	394.75	28700400	394.75
22/05/2008	391.75	394.75	386	391.25	27353600	391.25
23/05/2008	398.5	406.5	388.5	395	35978300	395
26/05/2008	395	395	395	395	0	395
27/05/2008	398	401	389.75	393.5	21382100	393.5
28/05/2008	388	394.5	381.5	384.75	38394300	384.75
29/05/2008	384	384	372	377	42541800	377
30/05/2008	379.75	392.25	378	384	34078000	384
02/06/2008	380	383.75	365	377.25	47430700	377.25
03/06/2008	379	391	375.5	388.75	44394600	388.75
04/06/2008	394.5	394.5	376.5	390.25	39857200	390.25
05/06/2008	389	394.5	382.25	385.5	51715000	385.5
06/06/2008	389.5	390.5	367.25	368.25	41931700	368.25
09/06/2008	364.5	368.25	354	356.75	52357500	356.75
10/06/2008	350	356.25	342.5	351.5	57940000	351.5
11/06/2008	351.75	363	328.75	332.75	68453100	332.75
12/06/2008	329.5	356.5	326.25	353.5	50895400	353.5
13/06/2008	358.5	361	344	356	40251300	356
16/06/2008	361.75	370	346.5	348	37233100	348
17/06/2008	350	367	349.5	356.25	48325900	356.25
18/06/2008	353	353	341.25	341.25	37217500	341.25
19/06/2008	338.5	340	330	332	38396100	332
20/06/2008	334.25	337.5	324.5	327.5	42864000	327.5
23/06/2008	321.75	329.5	317	318.75	35512300	318.75
24/06/2008	319	329.5	313.25	325.75	42357000	325.75
25/06/2008	331	333.75	316.5	328.5	51844600	328.5
26/06/2008	323	325.5	306.75	306.75	44106200	306.75
27/06/2008	306	320.5	299.25	317	47276500	317
30/06/2008	319.25	320	306	310.75	31853000	310.75
01/07/2008	307.25	308.75	295.25	301	51785200	301
02/07/2008	301.75	307	293.75	295.5	40992500	295.5
03/07/2008	293.5	306.75	286.75	306	69925300	306
04/07/2008	306	311	298.25	299.25	45284900	299.25
07/07/2008	304.25	307.75	293.75	295.5	44664900	295.5
08/07/2008	286.75	291.5	282.25	285.75	57298200	285.75
09/07/2008	291.25	317.5	291	304.75	86696800	304.75
10/07/2008	296.5	298.5	288	292.5	48684500	292.5
11/07/2008	296	300	275.5	275.5	59125400	275.5
14/07/2008	282.5	297.75	280.25	282.25	57756700	282.25
15/07/2008	278	278.25	262	273	65068000	273
16/07/2008	273.25	288.75	252.25	284	128291300	284
17/07/2008	298	308.5	290	300.5	97429800	300.5
18/07/2008	295	331.5	292.25	331	110375500	331
21/07/2008	330	350.75	325.25	325.75	89280500	325.75
22/07/2008	318	320.75	305.25	320	61777700	320
23/07/2008	331	351.5	329	346.5	85780200	346.5
24/07/2008	348	351.75	335.75	338	55776000	338
25/07/2008	327.5	335.75	318	331.25	56791800	331.25
28/07/2008	330.75	330.75	316.75	318.25	29794900	318.25
29/07/2008	308.25	323	305.5	321	37136100	321
30/07/2008	325	328	297	306	111583200	306
31/07/2008	304	306	288.5	295.25	119703300	295.25
01/08/2008	293.5	303.5	287.5	300	47981900	300
04/08/2008	300	302.75	292	293.25	41665400	293.25
05/08/2008	295.75	324.5	295.5	324.5	62590400	324.5
06/08/2008	317.75	320	305.75	314.25	43296300	314.25
07/08/2008	312.5	329.5	308	318.75	59846000	318.75
08/08/2008	316.25	321.5	310.25	318	29215300	318
11/08/2008	321.25	331	318.5	330.75	37259600	330.75
12/08/2008	329	337.75	324.5	329	29772500	329
13/08/2008	321.5	323.5	305	308.5	52696800	308.5
14/08/2008	312.25	313.25	301	306.25	25779400	306.25
15/08/2008	310	313.5	307	312	34007700	312
18/08/2008	310.25	311.5	301.25	306	23172400	306
19/08/2008	302.5	302.5	286.75	288.25	55040900	288.25
20/08/2008	288.5	292.25	283.5	290.25	29655300	290.25
21/08/2008	285	287.25	278.75	280	42933400	280
22/08/2008	282.75	299.5	280.25	299.5	84039200	299.5
25/08/2008	299.5	299.5	299.5	299.5	0	299.5
26/08/2008	294	294	286.75	292	40753600	292
27/08/2008	287.5	297	286.75	295.5	34029200	295.5
28/08/2008	296.75	307.5	291	305.5	30351300	305.5
29/08/2008	307.75	311	301.75	303.75	26305100	303.75
01/09/2008	301.75	309.5	297	307.5	14079000	307.5
02/09/2008	308.25	316.75	306.25	311	41684000	311
03/09/2008	305.75	309.5	298.5	303.5	43437500	303.5
04/09/2008	302.75	306	283.75	286.25	20087900	286.25
05/09/2008	284.25	284.5	274	279	62086400	279
08/09/2008	320	320	304.25	310	42667000	310
09/09/2008	307.75	321.25	304.75	307.75	80008100	307.75
10/09/2008	306.75	309.25	293.25	295	68835100	295
11/09/2008	294	294	277	283	62968700	283
12/09/2008	288	292	282	289.5	45867200	289.5
15/09/2008	273	280.5	262	273.75	102837000	273.75
16/09/2008	265.5	292	256.25	279.75	104669500	279.75
17/09/2008	290	332.5	253	279.75	267034700	279.75
18/09/2008	256.5	308.75	226.5	237.5	352814500	237.5
19/09/2008	360	393	280	285.75	187664500	285.75
22/09/2008	280	298	271.75	275	101447100	275
23/09/2008	270	271	249	261.75	82466700	261.75
24/09/2008	264	267	248	267	60591600	267
25/09/2008	262	273.25	251.75	273.25	58295100	273.25
26/09/2008	259.75	263.75	248.75	251	58721400	251
29/09/2008	245	253.5	209	217.25	56309400	217.25
30/09/2008	200.5	233	192.5	226.5	74060100	226.5
01/10/2008	244	267	229.25	250	79328400	250
02/10/2008	251	273.25	251	262	33581400	262
03/10/2008	269.75	296	262.5	290.25	54894700	290.25
06/10/2008	262.5	283.75	258.5	259	26407000	259
07/10/2008	270	273.75	200	225.5	45851600	225.5
08/10/2008	215	245	200	210	54889500	210
09/10/2008	211.25	237	203	211.75	35339100	211.75
10/10/2008	185	218.75	176.2	189.4	37613600	189.4
13/10/2008	200	215	147.8	162	85673800	162
14/10/2008	175	176	146.6	151.3	55270800	151.3
15/10/2008	158.7	169	150.2	150.2	81002900	150.2
16/10/2008	148.9	159	141.6	150	45163000	150
17/10/2008	162.5	166.4	151.8	158.8	37777000	158.8
20/10/2008	166.5	174	161	173.5	41164400	173.5
21/10/2008	174	177	168	174	24299500	174
22/10/2008	169.1	179.9	167.5	167.5	24921100	167.5
23/10/2008	160.8	173.3	160.1	172	21174400	172
24/10/2008	170.9	170.9	154	165.8	33731300	165.8
27/10/2008	166	182.9	151.6	169.9	27322500	169.9
28/10/2008	175.2	176.5	161	162.5	32129600	162.5
29/10/2008	174	188.2	173.5	179.2	36613400	179.2
30/10/2008	179.2	198.6	175.1	197.5	30930200	197.5
31/10/2008	199.8	207	188.5	197.8	23148900	197.8
03/11/2008	201.75	207	188.8	197.8	18978000	197.8
04/11/2008	207	216.25	200	210	28089800	210
05/11/2008	210	222	203	208.75	21193900	208.75
06/11/2008	196.3	208	180.5	187.6	40295700	187.6
07/11/2008	189.4	201.5	187	200.5	27940500	200.5
10/11/2008	205	207	195.1	195.2	11637900	195.2
11/11/2008	186	188.8	175.3	177.4	21970800	177.4
12/11/2008	185	185	165.1	173.3	32558600	173.3
13/11/2008	165.1	172.5	155.1	167	24710300	167
14/11/2008	175	175.9	159.9	166	32651900	166
17/11/2008	161.4	167.5	144.2	149	36763400	149
18/11/2008	149	152.9	127.6	131.2	30024300	131.2
19/11/2008	131	137.8	118.1	118.5	30961200	118.5
20/11/2008	115.1	133.8	115	125.3	36818900	125.3
21/11/2008	131.5	133	120.6	124.7	22875600	124.7
24/11/2008	124	148	124	147.6	36029400	147.6
25/11/2008	150.1	170	144.1	160.9	38491400	160.9
26/11/2008	166	166.6	149.6	160	24999800	160
27/11/2008	166.6	172.5	163	164	14134300	164
28/11/2008	169.5	171.1	153	168	16551500	168
01/12/2008	162.5	169.6	154.1	156.4	13313200	156.4
02/12/2008	157.5	164.8	146	164.8	19790600	164.8
03/12/2008	169	169	155	163.7	16385800	163.7
04/12/2008	166.5	170	160	162.5	15746800	162.5
05/12/2008	160.3	168.2	150	150	17207700	150
08/12/2008	164	168	156.1	160	23481900	160
09/12/2008	163.2	168	152.5	167	16899400	167
10/12/2008	160	170	160	167.1	11600400	167.1
11/12/2008	168	168	152	158	26335100	158
12/12/2008	150.1	151.6	126.6	129.9	74118700	129.9
15/12/2008	133	137.2	124	124	41865700	124
16/12/2008	129.1	130	125.5	128	18657900	128
17/12/2008	126.9	133	120.1	125.2	23144700	125.2
18/12/2008	127.1	130.5	117.5	126.4	22917300	126.4
19/12/2008	127.5	134.6	117	134.6	43160100	134.6
22/12/2008	128.5	130.9	122.1	123	30037300	123
23/12/2008	123	127.5	122	124.1	11744800	124.1
24/12/2008	127.7	129.3	121.1	123.7	4729100	123.7
25/12/2008	123.7	123.7	123.7	123.7	0	123.7
26/12/2008	123.7	123.7	123.7	123.7	0	123.7
29/12/2008	125	128	123.2	128	9968800	128
30/12/2008	129	129	123.2	126.5	11066100	126.5
31/12/2008	128	128.5	124.5	126	6410000	126
01/01/2009	126	126	126	126	0	126
02/01/2009	129.6	130.7	125.3	130	5708300	130
05/01/2009	133	133.9	123	125.7	20538600	125.7
06/01/2009	124.3	126.3	118.5	119	44391800	119
07/01/2009	120	127	115.6	123.9	40130100	123.9
08/01/2009	125.1	130	124.1	128.4	52611700	128.4
09/01/2009	132	135.5	128.5	131.5	46005100	131.5
12/01/2009	131.1	144.2	131.1	140.7	39938100	140.7
13/01/2009	138.6	139.9	130.5	133	38657100	133
14/01/2009	137.5	137.5	116	117.2	71718400	117.2
15/01/2009	115	118.2	99.2	103.5	60668800	103.5
16/01/2009	108	109.5	96.1	98.4	98557200	98.4
19/01/2009	102	105.7	60	65	123606200	65
20/01/2009	68.9	70.7	33.8	44.8	179011400	44.8
21/01/2009	44.7	48	33	45.1	142189300	45.1
22/01/2009	49	55	47	49.1	93411100	49.1
23/01/2009	49.8	50.8	43.2	49.3	53837200	49.3
26/01/2009	50.8	67	50.1	65.2	90895500	65.2
27/01/2009	63.2	74.6	63.2	67.1	52504700	67.1
28/01/2009	74	100.9	72	100.9	128878400	100.9
29/01/2009	100	101.5	81.4	89	81976100	89
30/01/2009	90	97.6	87.2	90.7	63455900	90.7
02/02/2009	90	91.3	85.5	88.2	36547900	88.2
03/02/2009	88.4	90	83.8	88.7	27039100	88.7
04/02/2009	87.4	97.9	86.3	95.2	43918500	95.2
05/02/2009	91	101.4	90.2	100.6	60962600	100.6
06/02/2009	101	110	100.3	105	61447500	105
09/02/2009	101.9	113	99.2	100.5	73775600	100.5
10/02/2009	100.9	104.2	94.9	94.9	49907400	94.9
11/02/2009	93.5	95.9	87.4	87.4	44328300	87.4
12/02/2009	85.8	91.6	84.3	90.9	39251300	90.9
13/02/2009	94.9	96.1	54.9	61.4	216677700	61.4
16/02/2009	52.5	67	48	56.4	116969400	56.4
17/02/2009	56	58.9	50.5	51.5	92371800	51.5
18/02/2009	52	54.6	50.1	50.8	54772200	50.8
19/02/2009	52.1	57.9	51.8	56.8	44218300	56.8
20/02/2009	54.9	58.4	53.5	56.3	59426300	56.3
23/02/2009	58	61.8	55.4	56.8	36839100	56.8
24/02/2009	55	59.1	53	53.9	40605400	53.9
25/02/2009	58	60	55.6	57.4	41052400	57.4
26/02/2009	75	76.7	63.1	75	158730200	75
27/02/2009	68.7	70.4	52.7	58.3	146803400	58.3
02/03/2009	55.7	56.6	49.4	49.4	81324100	49.4
03/03/2009	50.8	53.9	44.1	45.5	104107500	45.5
04/03/2009	45.3	49.4	45.3	47.7	60277100	47.7
05/03/2009	46.3	49.3	39.5	40.3	98303200	40.3
06/03/2009	42	43.8	40.5	42	62431700	42
09/03/2009	38	44.3	36	43.7	131044800	43.7
10/03/2009	45.1	50.8	40.6	50.8	86498900	50.8
11/03/2009	51	53	43.4	44.5	76002700	44.5
12/03/2009	45	47.1	39.6	45.7	71394700	45.7
13/03/2009	48	48.9	43.7	46.8	66361100	46.8
16/03/2009	49	49.4	44.6	47.2	49114300	47.2
17/03/2009	48.2	48.4	45.8	48	43156000	48
18/03/2009	49	49.9	46.5	47.6	69355100	47.6
19/03/2009	49.4	65.1	47.6	54.4	175431100	54.4
20/03/2009	52.5	58.2	48.1	55.3	90004800	55.3
23/03/2009	58	61.8	56.5	61.5	62222500	61.5
24/03/2009	65.7	67	55.8	58	87845800	58
25/03/2009	59.1	62.7	56.3	61.8	68782600	61.8
26/03/2009	62.4	69.2	62.3	69	102640400	69
27/03/2009	70	78	70	76.1	113324800	76.1
30/03/2009	71	73.9	64.8	64.8	58827700	64.8
31/03/2009	63.4	72.8	63.3	70.7	57378500	70.7
01/04/2009	68.3	72.6	64.3	71	53756600	71
02/04/2009	72.4	77.8	72	76.5	59720900	76.5
03/04/2009	77.8	81	73	79.2	72280800	79.2
06/04/2009	83	87.5	78.4	79.7	53809400	79.7
07/04/2009	79.4	80	70.2	72.9	57813300	72.9
08/04/2009	70.1	74.6	69	71.7	36055200	71.7
09/04/2009	73.7	81	73	79.5	40257400	79.5
10/04/2009	79.5	79.5	79.5	79.5	0	79.5
13/04/2009	79.5	79.5	79.5	79.5	0	79.5
14/04/2009	83.5	91.8	82	87.9	75075900	87.9
15/04/2009	85	91.5	82	84.1	52385700	84.1
16/04/2009	86	94.5	85.8	89.7	69416500	89.7
17/04/2009	92	112.6	91.5	104.6	101843700	104.6
20/04/2009	104.6	115	97.4	104.5	27755700	104.5
21/04/2009	100.4	105.4	90.7	95	16453500	95
22/04/2009	97.5	101.9	95.1	100.5	8979400	100.5
23/04/2009	98.1	102.6	94.7	96	6935600	96
24/04/2009	99.5	101	97.4	100	7480900	100
27/04/2009	101	102.7	97.4	100.5	4800800	100.5
28/04/2009	96.1	99.8	95.1	95.6	5894900	95.6
29/04/2009	97.1	103.8	96.4	103.5	29438500	103.5
30/04/2009	105	115.8	104	112	30140400	112
01/05/2009	110	112.7	108	109.6	5893900	109.6
04/05/2009	109.6	109.6	109.6	109.6	0	109.6
05/05/2009	119.5	124.7	117	121.1	21272600	121.1
06/05/2009	118	125	111.9	113.2	18123700	113.2
07/05/2009	112.7	112.7	92.3	97	38425800	97
08/05/2009	101	105	98	100.7	18162000	100.7
11/05/2009	102	102	95.6	99.3	49772100	99.3
12/05/2009	95.9	96.8	88.8	89.1	15330300	89.1
13/05/2009	91.5	93	82	84.6	9190000	84.6
14/05/2009	86	89.8	82.1	87.8	6345300	87.8
15/05/2009	89.1	92.7	87.7	89.2	12587800	89.2
18/05/2009	93	98.9	85.2	98	31034200	98
19/05/2009	102.5	107.5	92.3	100.3	54576700	100.3
20/05/2009	74	76.6	70	70.5	40248200	70.5
21/05/2009	68.5	71.5	65.1	66.7	51433500	66.7
22/05/2009	69.5	70.7	66.7	68.6	25846700	68.6
25/05/2009	68.6	68.6	68.6	68.6	0	68.6
26/05/2009	69.2	69.8	64.7	66.8	18993000	66.8
27/05/2009	68.3	69.6	65.2	65.5	19287900	65.5
28/05/2009	64.8	65.6	63.3	65	10908200	65
29/05/2009	66.7	68	65	68	31693200	68
01/06/2009	69.5	73.1	69	72.5	12792100	72.5
02/06/2009	71	72	68.3	69.5	12748700	69.5
03/06/2009	69.8	70	65.1	66	20553400	66
04/06/2009	67.7	69.3	66	67.1	15824500	67.1
05/06/2009	67.1	68.8	64.5	66.2	52182100	66.2
08/06/2009	65	65.4	59.5	61.1	163974200	61.1
09/06/2009	63	64.4	62	63	50290500	63
10/06/2009	64.8	67.9	64.2	65	46674100	65
11/06/2009	65.6	67.5	64.8	66.7	22541800	66.7
12/06/2009	66	68.5	65.3	65.3	31896500	65.3
15/06/2009	64.5	67.9	64.5	67.4	30644800	67.4
16/06/2009	66.5	71.1	66.5	69.3	41283100	69.3
17/06/2009	70	70.5	66.3	68.4	12741800	68.4
18/06/2009	67.5	70	67.5	69.3	31852000	69.3
19/06/2009	70	71.6	69.5	70	110181000	70
22/06/2009	69.25	71.3	67.85	67.78	26729600	67.78
23/06/2009	67.3	67.74	64.99	65	24078800	65
24/06/2009	65.69	68.2	65.16	67.57	26192300	67.57
25/06/2009	67.6	67.9	64.92	66.5	50556200	66.5
26/06/2009	67.9	68	65.01	66.49	16388200	66.49
29/06/2009	68.69	71.88	67.86	70.56	34404700	70.56
30/06/2009	71.58	72.6	69.73	69.9	39894800	69.9
01/07/2009	69.86	70.86	67.5	68.51	19786400	68.51
02/07/2009	67.5	68.7	65.9	66.2	20234300	66.2
03/07/2009	66.01	68.25	65.5	66.49	26926000	66.49
06/07/2009	67.02	67.67	66	66.56	18040700	66.56
07/07/2009	66.8	67.97	66	66.81	15957500	66.81
08/07/2009	66.09	66.74	63.01	64.71	34653200	64.71
09/07/2009	63.5	65.15	63	63.26	25465800	63.26
10/07/2009	63.02	65	63.02	64.25	35774600	64.25
13/07/2009	62	64.99	60.71	64.51	31986900	64.51
14/07/2009	65.1	67.31	64.38	65.8	15892200	65.8
15/07/2009	66.12	68.81	66	68.73	16685400	68.73
16/07/2009	69.9	70.1	68.1	69.95	20904300	69.95
17/07/2009	70.26	70.9	67.5	67.47	20060200	67.47
20/07/2009	69.5	73.54	69.5	72.01	31264500	72.01
21/07/2009	72	74.74	72	74.14	34149200	74.14
22/07/2009	73.1	73.6	70.49	71.77	16615600	71.77
23/07/2009	72.3	76.33	72.13	76.15	28636800	76.15
24/07/2009	75.5	79.5	75.5	77.99	16182300	77.99
27/07/2009	79.9	83.33	78.96	83.33	29835800	83.33
28/07/2009	83.4	87.2	79.96	81.28	34531700	81.28
29/07/2009	80.6	84.2	80.6	83.8	16097000	83.8
30/07/2009	84.22	85.06	81.92	84.84	14808600	84.84
31/07/2009	84.9	85.36	83.03	85	67995400	85
03/08/2009	85	87.18	83.01	85.25	71439600	85.25
04/08/2009	85.19	87.41	82.31	84.27	22651700	84.27
05/08/2009	90	97.83	87.65	93.2	91857600	93.2
06/08/2009	97	105.5	95.05	104.7	42452300	104.7
07/08/2009	101.5	104	96.51	102	183812600	102
10/08/2009	99.8	99.8	96.01	97.84	32529900	97.84
11/08/2009	96.43	97.56	88.47	90.99	40647100	90.99
12/08/2009	90.02	97.45	88.14	96.83	26593400	96.83
13/08/2009	97	101	97	98.49	26219600	98.49
14/08/2009	98.66	101.1	98	99.5	22021600	99.5
17/08/2009	99.29	99.44	94.53	95	21086100	95
18/08/2009	95.4	97.11	95.02	96.76	17306700	96.76
19/08/2009	97.46	100.6	94.25	98.72	19629700	98.72
20/08/2009	100.75	102.44	100	101.25	23351400	101.25
21/08/2009	101.25	102.8	100.5	101.58	26542700	101.58
24/08/2009	103.9	108.5	103.41	107.97	144508700	107.97
25/08/2009	106	108.41	105	106.47	110717700	106.47
26/08/2009	107.99	113.5	106	108.47	113538200	108.47
27/08/2009	109.69	110.64	104.02	104.7	87459800	104.7
28/08/2009	107	111.9	105.92	111.34	126841300	111.34
31/08/2009	111.34	111.34	111.34	111.34	0	111.34
01/09/2009	111.1	112.4	105.5	106.01	126066100	106.01
02/09/2009	103.92	103.95	97.08	99.41	217393200	99.41
03/09/2009	100.99	103.93	98.4	99.7	109741700	99.7
04/09/2009	101.24	104.39	100.61	101.78	118299300	101.78
07/09/2009	104.5	106.98	102.5	106.31	105292700	106.31
08/09/2009	108	110.55	105.56	106.9	106953800	106.9
09/09/2009	106.5	108.34	105.17	106.2	87464200	106.2
10/09/2009	107.47	108.2	103.85	105.17	85859200	105.17
11/09/2009	108.2	108.2	105.01	105.5	78084700	105.5
14/09/2009	103.5	105.39	102.68	105.37	66298700	105.37
15/09/2009	105.1	107.76	104.7	104.7	85329600	104.7
16/09/2009	105.82	109.18	105.1	109.17	160028200	109.17
17/09/2009	110	112.1	108.82	109.68	123297600	109.68
18/09/2009	106.97	112.14	105.18	110.67	134455200	110.67
21/09/2009	111.95	111.95	106.25	107.6	102688400	107.6
22/09/2009	107.9	109.6	107.05	108.04	61205800	108.04
23/09/2009	109	109.6	107.25	108.9	49120600	108.9
24/09/2009	107.75	110	106.55	107.1	78453200	107.1
25/09/2009	106.6	108	102.85	105.13	102240700	105.13
28/09/2009	103.85	104.15	98.7	102.74	88836400	102.74
29/09/2009	105.1	106.6	104.05	104.8	53941800	104.8
30/09/2009	104.85	107	102.2	104.86	73262900	104.86
01/10/2009	102.8	104	99.23	99.84	110833400	99.84
02/10/2009	98	99.15	92.85	94.75	196102000	94.75
05/10/2009	95.5	96.25	94.35	94.96	83764500	94.96
06/10/2009	97.3	97.49	95.55	96.5	116278900	96.5
07/10/2009	95.57	97.08	95.48	96.19	75165300	96.19
08/10/2009	97.5	97.79	90.66	94.31	182468700	94.31
09/10/2009	94	94.78	92.22	93.49	115241900	93.49
12/10/2009	94.94	94.94	91.15	91.61	80646200	91.61
13/10/2009	91.61	91.93	87.65	89.72	229995300	89.72
14/10/2009	90.6	94	90.5	93.16	99633300	93.16
15/10/2009	93.8	94.64	91.41	91.41	82499700	91.41
16/10/2009	93.82	96.1	92.64	93.1	103337700	93.1
19/10/2009	94.33	94.64	90.5	91.84	183244800	91.84
20/10/2009	92.95	92.98	90	91.35	96996100	91.35
21/10/2009	91.49	92.25	89.34	91.5	108066400	91.5
22/10/2009	89.99	94.87	89.01	94.8	157244400	94.8
23/10/2009	95	100	94.65	96.23	181576400	96.23
26/10/2009	96.71	97.88	88.68	89.3	187118800	89.3
27/10/2009	89	89.51	83.84	84.46	249225700	84.46
28/10/2009	84.71	84.89	80	80	180591200	80
29/10/2009	78.95	87.65	78.81	86	175854000	86
30/10/2009	90	91.75	85.01	87.03	168902300	87.03
02/11/2009	83.75	88.39	82.05	85	111834300	85
03/11/2009	84	90.35	82.96	87.33	245694600	87.33
04/11/2009	89.51	89.99	84.71	86.29	109636600	86.29
05/11/2009	84.6	85.1	82.17	83.81	108343700	83.81
06/11/2009	83.39	86.15	82.5	84.8	91308800	84.8
09/11/2009	85.5	86.71	83.3	85.22	86888800	85.22
10/11/2009	85	86	84	85.21	60894800	85.21
11/11/2009	86.31	89.88	85	89.25	101245900	89.25
12/11/2009	88.8	90.85	87.83	90	66785500	90
13/11/2009	91	91.87	87.9	89.85	74525600	89.85
16/11/2009	90	91.26	88.61	90.49	54979300	90.49
17/11/2009	89.25	92.65	89.25	91	71981200	91
18/11/2009	91.46	91.81	89.56	89.56	105882000	89.56
19/11/2009	89.11	91.76	89.11	89.94	93286100	89.94
20/11/2009	89.44	90.85	87.22	88.15	82853200	88.15
23/11/2009	89.41	91.47	88.26	91.47	66263700	91.47
24/11/2009	90	95.02	89.51	93.81	199943800	93.81
25/11/2009	95	95.75	93.27	94.25	148353500	94.25
26/11/2009	94	94	88.1	88.83	189088600	88.83
27/11/2009	56	61.52	54.62	58.6	467261500	58.6
30/11/2009	58.68	58.87	54.59	55.15	331243600	55.15
01/12/2009	55.5	56.35	53.38	54.14	528999800	54.14
02/12/2009	54.5	54.56	51.11	53.1	572430900	53.1
03/12/2009	54.21	57.06	54.21	56.42	486205300	56.42
04/12/2009	54.76	56.95	52.2	56	508185000	56
07/12/2009	55.06	56	53.4	53.69	393390300	53.69
08/12/2009	53.39	54.74	52.93	53.77	326754700	53.77
09/12/2009	53.32	55.2	53.32	54.69	295810600	54.69
11/12/2009	58.72	59.49	56	56.22	239746000	56.22
14/12/2009	58	59.5	54.8	55.48	475607000	55.48
15/12/2009	55.94	56.17	54.5	55.35	183587200	55.35
16/12/2009	55.35	56.74	54.66	55.58	173942600	55.58
17/12/2009	55.29	55.29	50.9	51.4	431100200	51.4
18/12/2009	51.99	51.99	47.89	48.7	612637400	48.7
21/12/2009	50	50	48.75	49.22	219724300	49.22
22/12/2009	49.89	50.3	49.08	49.25	118114400	49.25
23/12/2009	49.51	50.1	48.64	49.1	63824000	49.1
24/12/2009	49.55	50	48.83	49.27	32280300	49.27
29/12/2009	49.5	50.15	49.05	50.07	58138400	50.07
30/12/2009	49.94	50.51	49.77	49.84	86965400	49.84
31/12/2009	50.8	50.8	49.9	50.69	42798900	50.69
