Date	Open	High	Low	Close	Volume	Adj Close
03/01/2006	575.5	578	568.5	569	17852300	536.01
04/01/2006	572	572	567	569	9832400	536.01
05/01/2006	571.5	571.5	563.5	565.5	17284900	532.71
06/01/2006	568.5	569	560.5	563	11024300	530.35
09/01/2006	565	565	554	554.5	22532000	522.35
10/01/2006	555.5	562	548	554	32243500	521.88
11/01/2006	559	560.5	553.5	557.5	11592500	525.17
12/01/2006	559.5	561.5	555.5	558.5	10436700	526.12
13/01/2006	558.5	560	548.5	551	10934700	519.05
16/01/2006	551	559	550.5	557.5	10684400	525.17
17/01/2006	558	565	556	564	14775600	531.3
18/01/2006	560.5	572	560	569.5	13050200	536.48
19/01/2006	572	574.5	567.5	571	10302200	537.89
20/01/2006	570	573	563.5	566	6570500	533.18
23/01/2006	560	567.5	555.5	562	7202300	529.41
24/01/2006	567	567	562	562	5913000	529.41
25/01/2006	566	569	560	568	6338100	535.06
26/01/2006	571	574	563.5	564.5	12192100	531.77
27/01/2006	566	566.5	560	564	6280100	531.3
30/01/2006	568	579.5	565	577.5	11336900	544.01
31/01/2006	577.5	578	572	575.5	8166400	542.13
01/02/2006	577	581	571	578	8854600	544.49
02/02/2006	582	590	578	581.5	8948400	547.78
03/02/2006	585.5	592	583.5	589	15058000	554.85
06/02/2006	588.5	597	580.5	582	13846500	548.25
07/02/2006	582	584.5	577	582	9452600	548.25
08/02/2006	584	602	574.5	591	30007000	556.73
09/02/2006	590	595	584	593	17082000	558.62
10/02/2006	593	593	581	585	18477500	551.08
13/02/2006	588	588.5	581	587.5	13904000	553.43
14/02/2006	590	590	579.5	582.5	19084500	548.72
15/02/2006	585	590	583.5	587	22095600	552.96
16/02/2006	589.5	590	579.5	588	12529200	553.91
17/02/2006	591	591.5	576	578.5	16273500	544.96
20/02/2006	577	581	575	579	8963800	545.43
21/02/2006	575.5	592	575.5	586	37962700	552.02
22/02/2006	587	607.5	583	598.5	27415800	563.8
23/02/2006	600.5	600.5	595	597.5	7505200	562.85
24/02/2006	597.5	619	597	613.5	38899400	577.93
27/02/2006	617	627.5	609	610	12836600	574.63
28/02/2006	608.5	610.5	599.5	600	21621500	565.21
01/03/2006	601	602	595	599	9145700	564.27
02/03/2006	596.5	606.5	596.5	599.5	15084000	564.74
03/03/2006	597.5	599.5	591.5	592	7421400	557.67
06/03/2006	595	599	593.5	596.5	7701300	561.91
07/03/2006	593.5	595.5	587	594	13947700	559.56
08/03/2006	594	599.5	587.5	590	12768700	555.79
09/03/2006	591	597	589.5	592	8819500	557.67
10/03/2006	589	597.5	586	597.5	6248700	562.85
13/03/2006	600	605	595.5	603	8271300	568.04
14/03/2006	600.5	602.5	594	598	5914300	563.33
15/03/2006	597	616	596.5	603.5	17693200	568.51
16/03/2006	605	605	597	600	7092500	565.21
17/03/2006	600	606	597.5	598.5	13858900	563.8
20/03/2006	600	600.5	593.5	597	9624600	562.38
21/03/2006	599	599	590.5	596	10286300	561.44
22/03/2006	595	596	588.5	590	8357300	555.79
23/03/2006	593	593	581.5	584.5	12405300	550.61
24/03/2006	587.5	588	579.5	585.5	9098600	551.55
27/03/2006	587.5	587.5	580.5	582.5	7461000	548.72
28/03/2006	582.5	586	567.5	570	24545400	536.95
29/03/2006	570	577.5	564.5	572	27528300	538.83
30/03/2006	580	583	574.5	577	19519500	543.54
31/03/2006	573.5	580.5	568	572.5	12568200	539.3
03/04/2006	585.5	585.5	572.5	575.5	10860500	542.13
04/04/2006	575.5	579.5	573.5	575.5	9793200	542.13
05/04/2006	577.5	577.5	565	572	13499800	538.83
06/04/2006	572	582	570	578.5	11341700	544.96
07/04/2006	577	581.5	565.5	567.5	13380500	534.59
10/04/2006	569.5	569.5	563	568	9029400	535.06
11/04/2006	570.5	570.5	560.5	561.5	12310900	528.94
12/04/2006	563.5	563.5	554	557.5	7435700	525.17
13/04/2006	557.5	560.5	553	556.5	8877100	524.23
14/04/2006	556.5	556.5	556.5	556.5	0	524.23
17/04/2006	556.5	556.5	556.5	556.5	0	524.23
18/04/2006	562.5	565	554.5	559	8862200	526.59
19/04/2006	566	576	566	570.5	18434200	537.42
20/04/2006	569.5	576.5	567	571	12675000	537.89
21/04/2006	573	586.5	570	577	18286600	543.54
24/04/2006	572.5	578.5	571	576.5	6890000	543.07
25/04/2006	579	581	573.5	577.5	6631400	544.01
26/04/2006	580.5	582.5	573.5	575	6264200	541.66
27/04/2006	577	578.5	565	575	10865800	541.66
28/04/2006	575	580	572	575.5	10862100	542.13
01/05/2006	575.5	575.5	575.5	575.5	0	542.13
02/05/2006	573	578.5	570	577	7658700	543.54
03/05/2006	579	579.5	571	571.5	8282500	538.36
04/05/2006	570	578	569.5	575.5	5509900	542.13
05/05/2006	574	575	562.5	567	11790600	534.12
08/05/2006	571	573.5	565.5	570	15361100	536.95
09/05/2006	572	572	562.5	569	18880000	536.01
10/05/2006	570	579	569	571	17780700	537.89
11/05/2006	569.5	572	553.5	557	11448500	524.7
12/05/2006	557	557	547	552	19464800	519.99
15/05/2006	550.5	564.31	539.58	560.5	12623300	528
16/05/2006	560.5	571	558	568	11606800	535.06
17/05/2006	566.5	570.5	558.5	559	19602800	526.59
18/05/2006	561.5	570.27	552.65	569	19184000	536.01
19/05/2006	565	575.6	565	569.5	11501600	536.48
22/05/2006	568	576.5	559.73	569.5	7237900	536.48
23/05/2006	569.5	584.61	565.15	584	15784500	550.14
24/05/2006	581.5	587	574.5	580.5	12100100	546.84
25/05/2006	579	596.63	581.92	591.5	15204200	557.2
26/05/2006	596	604	590.5	604	14169400	568.98
29/05/2006	604	604	604	604	0	568.98
30/05/2006	604	604	594	594.5	19223300	560.03
31/05/2006	590.5	611.08	589.1	606.5	14470800	571.33
01/06/2006	604.5	609.61	595.73	608	13543400	572.75
02/06/2006	610.5	614.5	603	606.5	20565900	571.33
05/06/2006	606.5	615.23	601.38	611	7749500	575.57
06/06/2006	608.5	616.87	602.92	615	21233100	579.34
07/06/2006	605	615	595.63	599.5	18293600	564.74
08/06/2006	588	603.1	586	594.5	16521100	560.03
09/06/2006	594.5	613.39	587.63	594.5	16658200	560.03
12/06/2006	594.5	597.5	589	590.5	8287500	556.26
13/06/2006	585.5	586.78	577.1	584	15484900	550.14
14/06/2006	584.5	590	578.5	588	11474100	553.91
15/06/2006	588	599.5	587.69	598	39295900	563.33
16/06/2006	603	606	598.5	600	32244000	565.21
19/06/2006	607.5	611	598.23	600	12198100	565.21
20/06/2006	598	605	595.5	604	11412100	568.98
21/06/2006	606.5	610.77	598.32	608.5	8457200	573.22
22/06/2006	612	613.46	600.8	602.5	19004500	567.56
23/06/2006	601	616	597.46	600	12510800	565.21
26/06/2006	597	596.98	578.93	596.5	25639400	561.91
27/06/2006	599	599.34	588	588	16786000	553.91
28/06/2006	587	595.8	585.69	586	15338800	552.02
29/06/2006	588	590.5	586	587	14295800	552.96
30/06/2006	583	588.5	576.5	585	24996500	551.08
03/07/2006	585.5	590.5	585	589	11740900	554.85
04/07/2006	590	591.5	584	588.5	7740600	554.38
05/07/2006	588	590.5	583	587	12560800	552.96
06/07/2006	587	595	587	594	21361900	559.56
07/07/2006	594	600	591.5	597.5	12072900	562.85
10/07/2006	600	600	595	598.5	5747900	563.8
11/07/2006	597.5	601	590.5	592.5	11639400	558.14
12/07/2006	594	597.5	585.5	588	8086400	553.91
13/07/2006	586.5	594	583	590	15940400	555.79
14/07/2006	586	593.5	585	588	7991500	553.91
17/07/2006	588	590.5	582	588	7032200	553.91
18/07/2006	585	595	585	594	11177300	559.56
19/07/2006	598.5	599.5	586.5	595.5	11894300	560.97
20/07/2006	595.5	598.5	587	591	6908100	556.73
21/07/2006	590	597	587	593.5	8982800	559.09
24/07/2006	596	605.5	595	602	9869300	567.09
25/07/2006	603.5	606.5	599.5	602	14612300	567.09
26/07/2006	601.5	602.5	597.5	599	9712400	564.27
27/07/2006	602	606.5	598	603	11994400	568.04
28/07/2006	598.5	614.5	598.5	612.5	11611100	576.98
31/07/2006	615	615	607.5	609.5	8842500	574.16
01/08/2006	612	613	602	603	8079500	568.04
02/08/2006	605.5	610	601.5	606	14269000	570.86
03/08/2006	606	606	606	606	0	570.86
04/08/2006	604.5	611	600	610	9522500	574.63
07/08/2006	606	614	604	610.5	6959200	575.1
08/08/2006	612	615.5	609	614	12658100	578.4
09/08/2006	616	621.5	614.5	620	12524800	584.05
10/08/2006	612	627	611.5	623.5	15431800	587.35
11/08/2006	622.5	628.5	619	628	8455500	591.59
14/08/2006	630	639.5	627.5	637.5	17456300	600.54
15/08/2006	633	641	629.5	639	13189400	601.95
16/08/2006	640	640	627	631.5	12324200	594.88
17/08/2006	634.5	635.5	626	629.5	7488500	593
18/08/2006	628	635	624.5	631	8898300	594.41
21/08/2006	632	638	629.5	635	8317000	598.18
22/08/2006	638.5	641.5	628.5	631.5	10308700	594.88
23/08/2006	635	638	629.5	631.5	8157800	594.88
24/08/2006	635	640	630.5	638.5	9005300	601.48
25/08/2006	637.5	642	633.5	636	7858800	599.12
28/08/2006	636	636	636	636	0	599.12
29/08/2006	639	646.5	637.5	643.5	9883300	606.19
30/08/2006	645.5	645.5	640	641.5	10684600	604.3
31/08/2006	640	644	636.5	638	9234600	601.01
01/09/2006	641.5	648.5	638	643	7657100	605.72
04/09/2006	645.5	646	641	644.5	4884400	607.13
05/09/2006	646.5	646.5	640	645.5	12176700	608.07
06/09/2006	643.5	644	639.5	641	7856200	603.83
07/09/2006	640.5	640.5	632.5	634.5	18160900	597.71
08/09/2006	636.5	641	634	639	7838600	601.95
11/09/2006	639.5	642	633.5	637.5	6327100	600.54
12/09/2006	636.5	646	635.5	645	11868500	607.6
13/09/2006	643	646.5	638.5	644	8580300	606.66
14/09/2006	646.5	650	643.5	645	16066100	607.6
15/09/2006	647	651	644.5	649.5	10451500	611.84
18/09/2006	648.5	651	644	648	7242700	610.43
19/09/2006	646	650	643	647	7576600	609.48
20/09/2006	649	653	645	651	13574100	613.25
21/09/2006	653	654.5	648.5	652.5	8165300	614.67
22/09/2006	649.5	651	647	648.5	9355400	610.9
25/09/2006	648	652	646	650	16361900	612.31
26/09/2006	652	662	648	660.5	17661300	622.2
27/09/2006	662	670	660.5	668	12844100	629.27
28/09/2006	666	673.5	663	672	12603700	633.03
29/09/2006	671	675	667.5	667.5	10925600	628.8
02/10/2006	668	680	668	678	14209400	638.69
03/10/2006	677.5	679	670	677	14196900	637.74
04/10/2006	679.5	679.5	673.5	676	9918100	636.8
05/10/2006	677	678.5	670.5	675	15364600	635.86
06/10/2006	677	692.5	673.5	685.5	22093400	645.75
09/10/2006	686	688.5	676.5	680	11097300	640.57
11/10/2006	682	683.5	678	680.5	11892800	641.04
12/10/2006	683	686.5	679.5	684	7307800	644.34
13/10/2006	685.5	689	682	685	8196900	645.28
16/10/2006	685	690	683	686	7329500	646.22
17/10/2006	687	694	685	685.5	14512600	645.75
18/10/2006	687	689.5	672.5	674.5	64960100	635.39
19/10/2006	674	676	671.5	674	5127400	634.92
20/10/2006	673	677.5	646.5	676.5	8096900	637.27
23/10/2006	676	677.5	670	670.5	6082800	631.62
24/10/2006	668.5	674.5	666.5	673	6187000	633.98
25/10/2006	671.5	676.5	671.5	673	4993500	633.98
26/10/2006	675.5	676.5	668	669	4203700	630.21
27/10/2006	671.5	675.5	666	673.5	6153400	634.45
30/10/2006	701	713	667	672	8679900	633.03
31/10/2006	670	673.5	663.5	670	15070500	631.15
01/11/2006	672.5	672.5	665	669	17163800	630.21
02/11/2006	669	672.5	663	670	31572400	631.15
03/11/2006	672	673	664.5	664.5	11409100	625.97
06/11/2006	669.5	671.5	664.5	670	7926900	631.15
07/11/2006	668	673	665	672	15435800	633.03
08/11/2006	672	694.5	672	686.5	20739300	646.69
09/11/2006	689	690.5	683.5	688	61082200	648.11
10/11/2006	689	690.5	684.5	686	15737700	646.22
13/11/2006	687.5	697.5	686.5	690.5	9245700	650.46
14/11/2006	690	696	687.5	695	11874500	654.7
15/11/2006	698.5	701.5	694.5	699	12808000	658.47
16/11/2006	716	747.5	716	746.5	29904400	703.21
17/11/2006	746	746	719	723	16233200	681.08
20/11/2006	716	727	716	724	15485700	682.02
21/11/2006	721	734	721	723	18706300	681.08
22/11/2006	722	727	714.5	717.5	25452300	675.9
23/11/2006	721.5	723	705	714	10394200	672.6
24/11/2006	715.5	725.5	707.5	721.5	5774300	679.66
27/11/2006	714.5	726	711.5	711.5	12855400	670.24
28/11/2006	714	714	703.5	705	15392100	664.12
29/11/2006	699	710	693	702	17903500	661.3
30/11/2006	699.5	702	686	687.5	24190600	647.64
01/12/2006	694	705	692	701.5	27863300	660.82
04/12/2006	705.5	712	702.5	708.5	14404400	667.42
05/12/2006	708	718.5	707.5	715.5	11631400	674.01
06/12/2006	720.5	724	713	717	9657100	675.43
07/12/2006	715	727	714	724.5	7715000	682.49
08/12/2006	723.5	726	715	719	9435900	677.31
11/12/2006	724	729	715	721.5	6854800	679.66
12/12/2006	719.5	724	714.5	715.5	9172300	674.01
13/12/2006	715.5	744.5	715.5	741	26625800	698.03
14/12/2006	741	747.5	741	747.5	11563500	704.16
15/12/2006	745	749	739.5	745.5	14074900	702.27
18/12/2006	742	751	742	748	9861900	704.63
19/12/2006	748.5	756	745	749.5	7547300	706.04
20/12/2006	750	752.5	737.5	739	7202000	696.15
21/12/2006	740.5	742	732	735	4656900	692.38
22/12/2006	737	741.5	731.5	741	3174900	698.03
27/12/2006	752.5	753	736.5	741.5	3521000	698.5
28/12/2006	746	749	738.5	745.5	2782200	702.27
29/12/2006	745.5	746	733.5	737	3650500	694.27
02/01/2007	735.5	749.5	735.5	748	11126400	704.63
03/01/2007	753.5	754	743	744.5	21133800	701.33
04/01/2007	742	742	733	737	15480100	694.27
05/01/2007	735	735	717	720	14030100	678.25
08/01/2007	721.5	730	713	720.5	14811200	678.72
09/01/2007	720.5	728.5	717.5	720	18773700	678.25
10/01/2007	715.5	721.5	709	717	9465100	675.43
11/01/2007	719	733	710.5	731	12368800	688.61
12/01/2007	732	734	725.5	731.5	15724500	689.08
15/01/2007	731.5	739.5	729	736	8348800	693.32
16/01/2007	737.5	744.5	732	736.5	13059900	693.79
17/01/2007	742	753.5	736	740.5	15620800	697.56
18/01/2007	739.5	747.5	739	740.5	11278700	697.56
19/01/2007	740.5	744.5	730.5	737	13635800	694.27
22/01/2007	737.5	742.5	737.5	738.5	9258500	695.68
23/01/2007	739	744	736.5	741	7377300	698.03
24/01/2007	741	759	738	753.5	15174000	709.81
25/01/2007	750.5	756.5	746.5	748	9210100	704.63
26/01/2007	750	753.5	742.5	751	13709300	707.45
29/01/2007	753	761	750.5	758.5	9187400	714.52
30/01/2007	760	770.5	759	770.5	20764700	725.82
31/01/2007	768.5	782	764.5	768	21565700	723.47
01/02/2007	775	780.5	768.5	778.5	14547700	733.36
02/02/2007	776	781	773.5	777	12027400	731.95
05/02/2007	774	778	769	776	7072000	731
06/02/2007	776.5	781.5	775	778.5	18009900	733.36
07/02/2007	776	785	774.5	784	14631000	738.54
08/02/2007	785	789.5	781.5	786	15255500	740.42
09/02/2007	786.5	795.5	783.5	795.5	15188800	749.37
12/02/2007	792	799	792	797	14672800	750.79
13/02/2007	801.5	801.5	789.5	792	10402100	746.08
14/02/2007	791	794.5	787	794.5	12726600	748.43
15/02/2007	797	798	789.5	795	6859200	748.9
16/02/2007	795	797	789	791	9070100	745.13
20/02/2007	788.5	788.5	779.5	782.5	10401400	737.13
21/02/2007	786	790	773	775	10743600	730.06
22/02/2007	780	793.5	771	785.5	40813300	739.95
23/02/2007	793	793	777	782.5	7050400	737.13
26/02/2007	785.5	798	785.5	791.5	6439700	745.61
27/02/2007	790	791.5	776.5	780	12071800	734.77
28/02/2007	775	782.5	760	763	17647800	718.76
01/03/2007	765	777	741.5	750.5	13661500	706.98
02/03/2007	750	759	746	757	9955100	713.11
05/03/2007	745	754.5	743.5	753	11957300	709.34
06/03/2007	753.5	756.5	744	752	22008700	708.4
07/03/2007	763	764.5	744	761	7520300	716.87
08/03/2007	761	772	759	771	9928000	726.29
09/03/2007	771.5	776	766	772.5	6918000	727.71
12/03/2007	776.5	780	765.5	766.5	6381000	722.06
13/03/2007	769	769.5	761.5	764.5	13638400	720.17
14/03/2007	759	762.5	748.5	748.5	11207600	705.1
15/03/2007	754	762	747	757	27361000	713.11
16/03/2007	754	766	754	763	25278000	718.76
19/03/2007	766.5	773	758.5	772	21854800	727.24
20/03/2007	770	778.5	765	777	8649600	731.95
21/03/2007	773.5	786.5	773.5	785	7802400	739.48
22/03/2007	794.5	794.5	780.5	785	6745600	739.48
23/03/2007	782.5	789.5	779.5	783.5	7380400	738.07
26/03/2007	784	784	771	774	6866100	729.12
27/03/2007	779.5	788	775	780	11409700	734.77
28/03/2007	781	789.5	778	788.5	10123900	742.78
29/03/2007	789	790.5	780	787.5	13840500	741.84
30/03/2007	790.5	801	785.5	797.5	13347500	751.26
02/04/2007	799.5	802.5	793	799	9944600	752.67
03/04/2007	800	820	800	816	17155600	768.68
04/04/2007	819.5	820	805.5	806	9056500	759.26
05/04/2007	806	814.5	804.5	811	7382900	763.97
10/04/2007	809.5	817	808	813.5	7628500	766.33
11/04/2007	817.5	817.5	808.5	816.5	9161300	769.16
12/04/2007	816.5	819	800.5	806.5	9968400	759.74
13/04/2007	806.5	812	800.5	802.5	11161300	755.97
16/04/2007	802.5	806.5	796	799.5	18116600	753.14
17/04/2007	795	800	785.5	786	18139400	740.42
18/04/2007	782.5	792	780.5	787	9832700	741.37
19/04/2007	779.5	788	775	785.5	6967300	739.95
20/04/2007	791	793.5	783.5	787	11351100	741.37
23/04/2007	787.5	791.5	781	788.5	7389900	742.78
24/04/2007	793.5	793.5	781	785.5	6142400	739.95
26/04/2007	792	793.5	783	785	10881300	739.48
27/04/2007	786.5	790	779	780	11491600	734.77
30/04/2007	776.5	788	775	786.5	9959600	740.9
01/05/2007	783	786.5	776.5	777.5	6744800	732.42
02/05/2007	782	786	769.5	775	76986900	730.06
03/05/2007	773.5	787.5	773	786	26615600	740.42
04/05/2007	784.5	793.5	781	783	6745100	737.6
08/05/2007	780.5	785	772.5	776	10885800	731
09/05/2007	775	782	773.5	775	12952100	730.06
10/05/2007	781	781	765	767	26429400	722.53
11/05/2007	765.5	771	760.5	768	29552900	723.47
14/05/2007	768	776	768	773	16113800	728.18
15/05/2007	770	775.5	765	770	17590400	725.35
16/05/2007	768.5	772.5	763	770.5	24690600	725.82
17/05/2007	771	774	755.5	759	36728900	714.99
18/05/2007	756	766.5	755	764.5	32843900	720.17
21/05/2007	767	774.5	763	769.5	20931900	724.88
22/05/2007	771	775	765.5	770	27743200	725.35
23/05/2007	766.5	788	765.5	775.5	23546300	730.53
24/05/2007	779.5	785.5	775.5	779.5	51529700	734.3
25/05/2007	776	781	772.5	772.5	13195400	727.71
29/05/2007	775	780	770	775	38941100	730.06
30/05/2007	767.5	780.5	767	780.5	25857300	735.24
31/05/2007	781	787.5	778.5	783	11913600	737.6
04/06/2007	790	791	778.5	781.5	10951300	736.19
05/06/2007	780	785	775.5	778	12658400	732.89
06/06/2007	765.5	766.5	741.5	741.5	23989100	698.5
07/06/2007	741.5	745	730.5	736	27320900	693.32
08/06/2007	735.5	735.5	717	720	26975500	678.25
11/06/2007	723	728	720	727	33413900	684.85
12/06/2007	729	735	725	729	94498300	686.73
13/06/2007	726	731.5	722	725	10302700	682.96
14/06/2007	730.5	731.5	723	730	26428600	687.67
15/06/2007	730	744	730	741.5	24603100	698.5
18/06/2007	747	748	733.5	734.5	9029500	691.91
19/06/2007	737.5	746.5	734	741.5	15675100	698.5
20/06/2007	741	745.5	736	740.5	61667400	697.56
21/06/2007	737.5	745	727.5	732.5	51575100	690.03
22/06/2007	724	726.5	715.5	719.5	21925900	677.78
25/06/2007	717.5	727	714	723	33056700	681.08
26/06/2007	720	726.5	717.5	720.5	20951700	678.72
27/06/2007	718	733.5	717.5	727	20716900	684.85
28/06/2007	730	743	728	741	19552500	698.03
29/06/2007	744	746	733	738	28234400	695.21
02/07/2007	738.5	739.5	733.5	735	11757400	692.38
03/07/2007	738.5	746.5	738.5	742	13843000	698.98
04/07/2007	739	742.5	735.5	737	13372500	694.27
05/07/2007	737	737	721	722	20954400	680.14
06/07/2007	720	727	715	722.5	14266200	680.61
09/07/2007	720.5	731	719.5	725.5	10383800	683.43
10/07/2007	725.5	728	715.5	715.5	18000600	674.01
11/07/2007	711	716.5	707	707	19973100	666.01
12/07/2007	705.5	707	699.5	704	26153800	663.18
13/07/2007	707	711	700.5	704	21990600	663.18
16/07/2007	707.5	712.5	702.5	711	13691500	669.77
17/07/2007	706	710.5	699	701	30939500	660.35
18/07/2007	693	710	693	701	19387800	660.35
19/07/2007	702.5	721	702	719.5	29212900	677.78
20/07/2007	715	727	715	718	23223800	676.37
23/07/2007	716	722.5	712	715	19674900	673.54
24/07/2007	710.5	714	697	698	19248200	657.53
25/07/2007	695	703.5	685	686.5	16402500	646.69
26/07/2007	685	703.5	685	687	21074400	647.16
27/07/2007	681	710	680	701	33084000	660.35
30/07/2007	698.5	698.5	685	686	18697200	646.22
31/07/2007	688.5	703.5	685	702.5	24589700	661.77
01/08/2007	693.5	713	690	699.5	24967200	658.94
02/08/2007	703	722	700.5	717	16147500	675.43
03/08/2007	713.5	719.5	708	712	12525300	670.72
06/08/2007	708.5	721.5	706	714.5	13204800	673.07
07/08/2007	720	731	715	730	11936600	687.67
08/08/2007	732	734.5	715.5	716.5	23765500	674.95
09/08/2007	717	738	713.5	731.5	27131100	689.08
10/08/2007	719	744.5	716.5	717.5	24822900	675.9
13/08/2007	716.5	731	710.5	727.5	15999700	685.32
15/08/2007	718	728.5	714.5	718.5	8714800	676.84
16/08/2007	700.5	714.5	696.5	697.5	24302200	657.06
17/08/2007	699	715.5	688.5	711	28782300	669.77
20/08/2007	709.5	721	709.5	715	11350800	673.54
21/08/2007	719.5	723	704	708.5	10331900	667.42
22/08/2007	710.5	722	710.5	719	14185700	677.31
23/08/2007	722.5	725.5	715	717	13483300	675.43
24/08/2007	716.5	732.5	714.5	730	7745100	687.67
28/08/2007	728	731	722	726	10295900	683.9
29/08/2007	726	729.5	719	723.5	10966900	681.55
30/08/2007	727	733	723	732	6395000	689.56
31/08/2007	735.5	744	730.5	742.5	10686500	699.45
03/09/2007	748.5	748.5	735	739	5832800	696.15
04/09/2007	737	747	732	746	6023600	702.74
05/09/2007	744	746	726.5	728	10345000	685.79
06/09/2007	732	736	719.5	729.5	9693700	687.2
07/09/2007	726.5	733.5	717.5	721.5	7407700	679.66
10/09/2007	724.5	730	718.5	718.5	7816700	676.84
11/09/2007	727	736	723.5	734	9145900	691.44
12/09/2007	736.5	739	731	736	3717500	693.32
13/09/2007	743.5	752.5	733	749	11478600	705.57
14/09/2007	743.5	753.5	740.5	744.5	9785900	701.33
17/09/2007	745	751.5	741	743	10424400	699.92
18/09/2007	744	764.5	741	762.5	12550900	718.29
19/09/2007	774.5	785.5	767	778	19208400	732.89
20/09/2007	777.5	781	770.5	777.5	10283800	732.42
21/09/2007	777	782	755	759	23285300	714.99
24/09/2007	757	763.5	754.5	761	6311500	716.87
25/09/2007	762.5	781.5	762.5	780	21751500	734.77
26/09/2007	784	795	780.5	790.5	17985600	744.66
27/09/2007	791	794.5	782	784.5	10729300	739.01
28/09/2007	787	788	775	784	8921600	738.54
01/10/2007	777.5	789	776	787	5942600	741.37
02/10/2007	788	790	772.5	775	9990700	730.06
03/10/2007	774.5	779.5	767.5	774	6727500	729.12
04/10/2007	770	781	770	773.5	9984200	728.65
05/10/2007	774.5	779	767	772	12978000	727.24
08/10/2007	770.5	773.5	761.5	761.5	8180600	717.35
09/10/2007	759	773	758.5	771.5	8913200	726.77
10/10/2007	776.5	777	760.5	766.5	9135500	722.06
11/10/2007	766	776.5	763.5	775	6359200	730.06
12/10/2007	774	781.5	773.5	780.5	11180100	735.24
15/10/2007	782	783	775	775	5909600	730.06
16/10/2007	773.5	784.5	772.5	780	7435100	734.77
17/10/2007	783.5	787.5	777.5	787.5	5750000	741.84
18/10/2007	787.5	793	782.5	785.5	10788200	739.95
19/10/2007	787.5	791.5	779.5	783	7771500	737.6
22/10/2007	769.5	784	769	779	7096500	733.83
23/10/2007	785	795	775.5	790	11324700	744.19
24/10/2007	792.5	794	781	787	6989800	741.37
25/10/2007	793.5	799.5	788	798.5	8544000	752.2
26/10/2007	796	804.5	793	800.5	7720000	754.08
29/10/2007	802.5	805.5	791	795	9961300	748.9
30/10/2007	789	803	788.5	801	7600100	754.55
31/10/2007	800.5	807.5	793.5	801.5	7898400	755.03
01/11/2007	793.5	801	789.5	794	5617900	747.96
02/11/2007	790.5	800.5	787.5	795	7507600	748.9
05/11/2007	793	800.5	787	794.5	4904100	748.43
06/11/2007	799.5	799.5	785	788.5	6826900	742.78
07/11/2007	789.5	799	784	790.5	5968300	744.66
08/11/2007	796.5	796.5	783	787	10458300	741.37
09/11/2007	788.5	798	785	790	9550700	744.19
12/11/2007	785	790	778.5	786	8248800	740.42
13/11/2007	779.5	786.5	774.5	781	9849600	735.71
14/11/2007	780.5	784	773	780	11427500	734.77
15/11/2007	776	785	774	781	7780600	735.71
16/11/2007	780	800.5	778.5	794.5	10279100	748.43
19/11/2007	793.5	803.5	788	788.5	10197300	742.78
20/11/2007	789.5	794.5	781	784	8834400	738.54
21/11/2007	777.5	785	767	772	6281700	727.24
22/11/2007	778	804	775.5	798	7028800	751.73
23/11/2007	798.5	807.5	792	802	6485200	755.5
26/11/2007	811	820	805	815	10920000	767.74
27/11/2007	811	818.5	803	811	5788900	763.97
28/11/2007	807	815	795	811	11135500	763.97
29/11/2007	817.5	824.5	807.5	823.5	6492500	775.75
30/11/2007	824	829.5	817	821.5	10671600	773.87
03/12/2007	820	827	812.5	815.5	8490500	768.21
04/12/2007	818	824.5	807	811	11411600	763.97
05/12/2007	815	826.5	808	822.5	7115000	774.81
06/12/2007	822.5	830.5	816	828	5822800	779.99
07/12/2007	833	837	827	834.5	6903600	786.11
10/12/2007	831.5	849	829.5	840	8086700	791.29
11/12/2007	846.5	846.5	834	840	6656600	791.29
12/12/2007	831	849.5	831	840	10634500	791.29
13/12/2007	832	839	820	820.5	8894400	772.92
14/12/2007	822	844.5	821.5	842	6290400	793.18
17/12/2007	835	847.5	831	839	7951600	790.35
18/12/2007	835.5	841.5	825	827	9406200	779.05
19/12/2007	831.5	832	816.5	825.5	5926900	777.63
20/12/2007	829	832	822.5	826	5376600	778.11
21/12/2007	837	847.5	830	834.5	13681300	786.11
24/12/2007	826.5	839	817	822	1848500	774.34
27/12/2007	819.5	846.5	819.5	845.5	4083100	796.47
28/12/2007	841.5	847.5	838	840	3059800	791.29
31/12/2007	845	845	828	834	1408900	785.64
02/01/2008	830.5	844	826	828.5	3941900	780.46
03/01/2008	824.5	845.5	824.5	838	9478500	789.41
04/01/2008	843	848	833.5	837	5054300	788.47
07/01/2008	838	858	838	856.5	6375200	806.84
08/01/2008	859.5	866.5	841	843.5	7231000	794.59
09/01/2008	842.5	863	842.5	856	8921800	806.37
10/01/2008	858.5	866	850.5	863	7557900	812.96
11/01/2008	862.5	863	829.5	836	12255000	787.53
14/01/2008	834.5	854	830.5	847	9676600	797.89
15/01/2008	841	854	813	820	12368600	772.45
16/01/2008	822	830.5	805.5	808.5	13175300	761.62
17/01/2008	816	828.5	806.5	826	11043600	778.11
18/01/2008	823	844	820.5	837	10740300	788.47
21/01/2008	828.5	838	789	794	11619800	747.96
22/01/2008	780	824	759	781	22528600	735.71
23/01/2008	794.5	794.5	747.5	748	20226200	704.63
24/01/2008	770	773	751	769.5	14184900	724.88
25/01/2008	774	786.5	762	778	12666100	732.89
28/01/2008	772.5	780	765.5	775	8213200	730.06
29/01/2008	778.5	791.5	767.5	791.5	9290500	745.61
30/01/2008	789	795.5	782.5	789	8426400	743.25
31/01/2008	782	795	761.5	774	19369000	729.12
01/02/2008	779	785	770.5	785	11148900	739.48
04/02/2008	787.5	790.5	782.5	788	5413600	742.31
05/02/2008	788	790	767	770.5	6840400	725.82
06/02/2008	765	788	762.5	783	8052700	737.6
07/02/2008	778	787.5	767	767	9486000	722.53
08/02/2008	775	777	767	777	6231400	731.95
11/02/2008	772	782.5	767	769	4939100	724.41
12/02/2008	772.5	785.5	766.5	782.5	9460900	737.13
13/02/2008	778	791.5	773	787.5	6814500	741.84
14/02/2008	789.5	794	781	790.5	8078700	744.66
15/02/2008	790.5	794.5	769	775.5	7169900	730.53
18/02/2008	776	792	776	790.5	6235100	744.66
19/02/2008	785	791	776.5	784	6134000	738.54
20/02/2008	774.5	780	763.5	776	9851600	731
21/02/2008	778	783	760	761.5	7255800	717.35
22/02/2008	756	772.5	747.5	762.5	8319600	718.29
25/02/2008	765.5	772	760.5	767.5	5992400	723
26/02/2008	770.5	771	751	759	10848000	714.99
27/02/2008	762.5	769.5	752.5	767	7372000	722.53
28/02/2008	762.5	764	738	738	14940400	695.21
29/02/2008	735.5	741	729	733.5	12701100	690.97
03/03/2008	725	730	711.5	713.5	8392300	672.13
04/03/2008	714.5	725	710.5	724	11601600	682.02
05/03/2008	734	737	722	724	6859500	682.02
06/03/2008	728.5	737	724	727	6089600	684.85
07/03/2008	723.5	728	713	717	8268500	675.43
10/03/2008	718	725.5	710.5	716.5	6900800	674.95
11/03/2008	716.5	727.5	714	716.5	9724100	674.95
12/03/2008	720	721	708	710.5	8090500	669.3
13/03/2008	701	722	698.5	721.5	10601500	679.66
14/03/2008	723.5	726.5	711.5	721	8453900	679.19
18/03/2008	721.5	733	713	732.5	7699200	690.03
19/03/2008	738.5	740	722	734.5	9187200	691.91
20/03/2008	728.5	739.5	719	719	12185700	677.31
25/03/2008	732	739	717.5	724.5	10773500	682.49
26/03/2008	716	729	714.5	714.5	7366200	673.07
27/03/2008	713	723.5	702	706.5	12017100	665.53
28/03/2008	708	711	693	694.5	11483400	654.23
31/03/2008	688	703	684	691.5	11207000	651.4
01/04/2008	692.5	718	692.5	715.5	9069900	674.01
02/04/2008	716	724.5	710.5	719.5	7927000	677.78
03/04/2008	724.5	730	720	728	6944100	685.79
04/04/2008	730	732.5	719.5	728	5262600	685.79
07/04/2008	734.5	734.5	725.5	727	4173800	684.85
08/04/2008	720.5	734	720.5	730	3721900	687.67
09/04/2008	731	731	716.5	716.5	5831300	674.95
10/04/2008	718.5	731	712.5	727.5	6108300	685.32
11/04/2008	729.5	735.5	721.5	723	5482200	681.08
14/04/2008	721.5	729.5	719.5	724	4678100	682.02
15/04/2008	724	728	718.5	725	5863000	682.96
16/04/2008	730	731	721.5	724.5	6831000	682.49
17/04/2008	730	730	714	717	7094200	675.43
18/04/2008	719.5	725	709.5	712	7827100	670.72
21/04/2008	711.5	714	697.5	701.5	6775900	660.82
22/04/2008	697	706	694	702.5	5218300	661.77
23/04/2008	701	706.5	688	700	11792900	659.41
24/04/2008	702	719.5	698.5	717.5	8091600	675.9
25/04/2008	726.5	726.5	705	710.5	9593100	669.3
28/04/2008	713	715.5	702.5	706.5	3472500	665.53
29/04/2008	704.5	709.5	693	695.5	6297500	655.17
30/04/2008	695.5	704	691.5	700.5	6348000	659.88
01/05/2008	699	711.5	691.5	710	2547800	668.83
02/05/2008	719.5	719.5	707.5	713	6417400	671.66
06/05/2008	709.5	715.5	702	707	4646200	666.01
07/05/2008	705	709	700.5	704	5891200	663.18
08/05/2008	700	711	699.5	709.5	4944700	668.36
09/05/2008	707.5	708	699.5	704	3624000	663.18
12/05/2008	703.5	718	703.5	713	4418100	671.66
13/05/2008	715.5	719	702.5	710.5	6150400	669.3
14/05/2008	714	724.5	709	724.5	9062500	682.49
15/05/2008	720	725	713	716	11600200	674.48
16/05/2008	719	740	719	727.5	11894800	685.32
19/05/2008	726	740.5	721.5	738.5	12651700	695.68
20/05/2008	739	739.5	724.5	724.5	7389000	682.49
21/05/2008	725.5	733.5	721	726	29550000	683.9
22/05/2008	724	739	720	734	11950700	691.44
23/05/2008	735	742	727.5	731	7139800	688.61
27/05/2008	732	736	726.5	732	6727900	689.56
28/05/2008	737	753.5	731.5	749.5	10483200	706.04
29/05/2008	752.5	754	738	746.5	8511500	703.21
30/05/2008	751.5	751.5	733.5	746	8518700	702.74
02/06/2008	743	746	732	732.5	5656600	690.03
03/06/2008	734.5	751	731.5	748.5	6560900	705.1
04/06/2008	735.5	736	715.5	720	7366400	678.25
05/06/2008	722	726	711.5	715	5218500	673.54
06/06/2008	714.5	728	701.5	703.5	5647300	662.71
10/06/2008	703.5	709	697.5	703.5	8880300	662.71
11/06/2008	690	705	690	700.5	10990300	659.88
12/06/2008	701	702.5	692.5	696	9934300	655.64
13/06/2008	689	702	681	700	11167900	659.41
16/06/2008	696.5	702.5	685	690.5	8266300	650.46
17/06/2008	689.5	705	689	695.5	8065300	655.17
18/06/2008	694.5	701.5	687.5	693.5	5638500	653.29
19/06/2008	686.5	701.5	686.5	692.5	28167500	652.35
20/06/2008	692.5	698	672.5	672.5	9529400	633.51
23/06/2008	675	693	673	690	13164000	649.99
24/06/2008	688	692.5	666.5	669	29689800	630.21
25/06/2008	672.5	676	658.5	665.5	9688000	626.91
26/06/2008	664	666.5	651	651	12235300	613.25
27/06/2008	651	658	638.5	642.5	16569500	605.25
30/06/2008	645	661.5	641.5	660.5	6075500	622.2
01/07/2008	654	660	640	641	9118800	603.83
02/07/2008	643.5	655.5	641	648.5	10913800	610.9
03/07/2008	646	663.5	643.5	661.5	9861600	623.14
04/07/2008	661	663.5	653	653	6223700	615.14
07/07/2008	663	670.5	652.5	670.5	6151100	631.62
08/07/2008	657.5	685	656	682.5	8885300	642.93
09/07/2008	686	691	673.5	679	7450400	639.63
10/07/2008	668.5	675	661.5	662.5	6772800	624.09
11/07/2008	662.5	670	644	644.5	7050800	607.13
14/07/2008	654	664	648	658	6521600	619.85
15/07/2008	656	659	643.5	649	5788900	611.37
16/07/2008	654	661.5	650.5	654	7997400	616.08
17/07/2008	658.5	662.5	646	654	11152000	616.08
18/07/2008	658.5	668	654	668	10684000	629.27
21/07/2008	663	673	655.5	666	8748700	627.38
22/07/2008	675.5	690.5	668	687	8470500	647.16
23/07/2008	689.5	696	684.5	690	7619200	649.99
24/07/2008	696.5	699	677.5	683	6415300	643.4
25/07/2008	681.5	694	669	674.5	7035900	635.39
28/07/2008	675	676.5	664.5	664.5	4895100	625.97
29/07/2008	660	681	658	674	3216000	634.92
30/07/2008	675	681.5	671.5	674.5	5785400	635.39
31/07/2008	674.5	677	664.5	668	6010300	629.27
01/08/2008	665.5	670	649	653.5	10096100	615.61
04/08/2008	662	663.5	652	659.5	4901300	621.26
05/08/2008	660	673.5	656	673	7530300	633.98
06/08/2008	673	675.5	662	673	8450000	633.98
07/08/2008	671.5	680	667.5	678	5511700	638.69
08/08/2008	670	691	670	688	8066100	648.11
11/08/2008	678	695	678	694	6052200	653.76
12/08/2008	690	701	688	699.5	4949800	658.94
13/08/2008	696.5	710	694.5	702	6960300	661.3
14/08/2008	709	711	696.5	698	5910200	657.53
15/08/2008	703.5	710	700	710	5857500	668.83
18/08/2008	706.5	712	699.5	708	4265400	666.95
19/08/2008	705	714.5	700	710	4915400	668.83
20/08/2008	709.5	723	702.5	714	6014800	672.6
21/08/2008	710.5	713.5	699	708	5301200	666.95
22/08/2008	706.5	727	703.5	725.5	5699400	683.43
26/08/2008	719.5	733.5	710	729	5446300	686.73
27/08/2008	725.5	734.5	720	731.5	5823400	689.08
28/08/2008	727.5	733	717	729	4871200	686.73
29/08/2008	729	733.5	709.5	714.5	8809500	673.07
01/09/2008	710.5	725.5	709.5	720	3392700	678.25
02/09/2008	719	731	718.5	729	5824700	686.73
03/09/2008	724.5	728.5	701.5	701.5	6299400	660.82
04/09/2008	700	717.5	697.5	697.5	4276900	657.06
05/09/2008	692.5	699.5	679.5	682.5	8423500	642.93
08/09/2008	692	699.5	667.5	691	3976600	650.93
09/09/2008	694.5	707.5	691.5	702.5	8471100	661.77
10/09/2008	699	711	694.5	704.5	5858300	663.65
11/09/2008	704.5	712	699	704.5	5555700	663.65
12/09/2008	714.5	720	704	717	6036600	675.43
15/09/2008	720	729	697	718	9066600	676.37
16/09/2008	713	737	713	722.5	12726700	680.61
17/09/2008	711	734	705	721.5	10643600	679.66
18/09/2008	728.5	731.5	711	714.5	11829000	673.07
19/09/2008	679	725	657	719.5	9308900	677.78
22/09/2008	729.5	730	704	704	8046400	663.18
23/09/2008	706.5	712	693	707.5	6439600	666.48
24/09/2008	725	725.5	706.5	717.5	9703500	675.9
25/09/2008	722.5	723	701	720.5	6706500	678.72
26/09/2008	719	720	707	711.5	4314500	670.24
29/09/2008	703.5	721.5	698.5	705	3277400	664.12
30/09/2008	699	721.5	682.5	714	12409100	672.6
01/10/2008	720	720.5	702	720.5	10292000	678.72
02/10/2008	716.5	724.5	711.5	721	6848800	679.19
03/10/2008	721.5	730.5	706	725	5826700	682.96
06/10/2008	715.5	721.5	697	697	4384800	656.59
07/10/2008	700	713	697	708.5	5299900	667.42
08/10/2008	698	709	660.5	665	7980900	626.44
09/10/2008	674	674	595.5	610	11525300	574.63
10/10/2008	550	614	531.5	555.5	18059600	523.29
13/10/2008	585	651	585	647.5	15138100	609.96
14/10/2008	663	687	653	678	7751200	638.69
15/10/2008	669	678	628.5	633	15049200	596.3
16/10/2008	639.5	653.5	605.5	636.5	9511800	599.59
17/10/2008	664	665	627	660.5	15539100	622.2
20/10/2008	680.5	708.5	666	708.5	10925200	667.42
21/10/2008	715	722	679	686	8522900	646.22
22/10/2008	676.5	692	643.5	645.5	11441200	608.07
23/10/2008	645.5	666.5	636	658.5	10420900	620.32
24/10/2008	646.5	647	609	635.5	15598400	598.65
27/10/2008	631.5	661	609	636	9839300	599.12
28/10/2008	660	660	612	630.5	10883900	593.94
29/10/2008	654	691	654	682	13960600	642.45
30/10/2008	698.5	699	674	689	10785900	649.05
31/10/2008	689	709.5	682.5	703.5	10031300	662.71
03/11/2008	714	714	686	704.5	7045100	663.65
04/11/2008	707	735	693.5	735	9606100	692.38
05/11/2008	739	740	720.5	729	6799700	686.73
06/11/2008	721	737	694.5	698	10430300	657.53
07/11/2008	704.5	727.5	699.5	720	7471200	678.25
10/11/2008	738.5	744	707	713	6970000	671.66
11/11/2008	703	708.5	681	687.5	7909700	647.64
12/11/2008	691	712.5	681.5	704	12680400	663.18
13/11/2008	690	730.5	690	724.5	11817700	682.49
14/11/2008	740	748.5	712.5	728.5	12068700	686.26
17/11/2008	718	739	718	725	10819100	682.96
18/11/2008	729	734	718	731.5	12496500	689.08
19/11/2008	731.5	738	688	690	17967700	649.99
20/11/2008	671	698	662.5	680	23805300	640.57
21/11/2008	665	669.5	623	631	21173800	594.41
24/11/2008	649	689	632	686.5	19643300	646.69
25/11/2008	685	700	664.5	674	13031200	634.92
26/11/2008	661	669.5	638.5	645	9016400	607.6
27/11/2008	656.5	666	649.5	660.5	6237100	622.2
28/11/2008	660.5	678.5	657.5	676.5	6818700	637.27
01/12/2008	667	681	614	615.5	10670200	579.81
02/12/2008	606	628.5	602	612.5	15225900	576.98
03/12/2008	600	618	593.5	612.5	10665300	576.98
04/12/2008	620	622	594.5	604	9762100	568.98
05/12/2008	598	614.5	590.5	611.5	12230300	576.04
08/12/2008	638	653.5	620	637.5	10499000	600.54
09/12/2008	636.5	655	624.5	642	8105100	604.77
10/12/2008	643	655	640.5	648	13363600	610.43
11/12/2008	656.5	670.5	653	665	9055500	626.44
12/12/2008	650	660	642	650.5	6318300	612.78
15/12/2008	649.5	660	631.5	637.5	6549400	600.54
16/12/2008	641.5	662	641	651	7105500	613.25
17/12/2008	667	667	643	655	8189800	617.02
18/12/2008	652.5	677.5	652.5	677	7829400	637.74
19/12/2008	670	693.5	655	672	9687800	633.03
22/12/2008	664.5	678.5	655.5	672	5511300	633.03
23/12/2008	677	686	670.5	673.5	4511300	634.45
24/12/2008	665	676	660.5	670	729500	631.15
29/12/2008	675	683	661	665.5	3334200	626.91
30/12/2008	670	687	663	683	3874400	643.4
31/12/2008	687.5	695	681	684	2281900	644.34
02/01/2009	689.5	691	680.5	690.5	1751600	650.46
05/01/2009	700	707.5	694.5	705	4641400	664.12
06/01/2009	700	717	700	711	6401900	669.77
07/01/2009	712	714.5	662	666.5	11631400	627.85
08/01/2009	670.5	688.5	664	685.5	6110500	645.75
09/01/2009	689	689	668.5	675.5	7423600	636.33
12/01/2009	677.5	685	668.5	674	3612800	634.92
13/01/2009	672	682.5	650	656	7786100	617.96
14/01/2009	664	664	622	631	9875400	594.41
15/01/2009	632	646.5	625	639	9371700	601.95
16/01/2009	652	652.5	628.5	629.5	6661900	593
19/01/2009	640	657	631	641	7031600	603.83
20/01/2009	633	651	628	645	9073300	607.6
21/01/2009	638	645	628	634	11107000	597.24
22/01/2009	639	644.5	621.5	625	5570200	588.76
23/01/2009	626	641.5	615	640.5	9146900	603.36
26/01/2009	635.5	652	626.5	648	5998600	610.43
27/01/2009	645	658	640	658	6328200	619.85
28/01/2009	665.5	665.5	647	657.5	5908400	619.38
29/01/2009	656.5	659.5	637.5	645	7689400	607.6
30/01/2009	644	663.5	641.5	648	9059300	610.43
02/02/2009	648	652	630.5	636.5	4293300	599.59
03/02/2009	636	655	628	651	4529600	613.25
04/02/2009	650.5	650.5	631.5	642.5	7364800	605.25
05/02/2009	644.5	658	639.5	651.5	8007200	613.72
06/02/2009	655	666	649.5	660.5	7802500	622.2
09/02/2009	655.5	666.5	653	663	5697700	624.56
10/02/2009	658	668	652	656	3459600	617.96
11/02/2009	655.5	660.5	644.5	653	5712100	615.14
12/02/2009	649.5	652	637	645.5	5145800	608.07
13/02/2009	648	651	642	645.5	4855100	608.07
16/02/2009	649	649	630.5	642	2269000	604.77
17/02/2009	642.5	647.5	632	636.5	6747100	599.59
18/02/2009	641.5	641.5	630	637	5308100	600.06
19/02/2009	639	639	628	637	5578900	600.06
20/02/2009	632	641	623.5	632	5874200	595.35
23/02/2009	634.5	637.5	618	626.5	5333100	590.17
24/02/2009	623	633	611	619	4859400	583.11
25/02/2009	618.5	624	609.5	620.5	6189900	584.52
26/02/2009	623	634.5	611	623.5	8004100	587.35
27/02/2009	618	626.5	610	626.5	9267500	590.17
02/03/2009	618.5	622	596	597	8757300	562.38
03/03/2009	599.5	601	562.5	563	9648400	530.35
04/03/2009	569.5	570	547.5	564	10273400	531.3
05/03/2009	559	578	558.5	567	6349000	534.12
06/03/2009	568	584.5	566	570.5	7888400	537.42
09/03/2009	571.5	576	552.5	564	7403300	531.3
10/03/2009	560	576	548.5	575	7860700	541.66
11/03/2009	569	584	555.5	561.5	7917400	528.94
12/03/2009	564.5	568.5	549	554	9766000	521.88
13/03/2009	559.5	565.5	550.5	554	8461500	521.88
16/03/2009	560	582.5	560	581.5	6927400	547.78
17/03/2009	578.5	596.5	576.5	595	7010200	560.5
18/03/2009	598	602	570.5	578.5	7068700	544.96
19/03/2009	581.5	581.5	543.5	548.5	15074600	516.7
20/03/2009	547	559.5	532	550	21043100	518.11
23/03/2009	559.5	560	531.5	541.5	10673900	510.1
24/03/2009	544	549	522	534	13521100	503.04
25/03/2009	536.5	560	536	553	8551400	520.93
26/03/2009	558	558	533	539.5	8108500	508.22
27/03/2009	541.5	546.5	530	533	8557800	502.09
30/03/2009	525	530.5	515	515	5517200	485.14
31/03/2009	522	535.5	516	535.5	7821500	504.45
01/04/2009	528	545.5	528	545.5	6026500	513.87
02/04/2009	554	555	536.5	544.5	11874900	512.93
03/04/2009	545	546	521	525.5	9540200	495.03
06/04/2009	530.5	535	520.5	525.5	9734100	495.03
07/04/2009	528.5	543.5	527.5	537.5	7547300	506.33
08/04/2009	539	539	529.5	534	5635000	503.04
09/04/2009	535	539.5	523	524	8358600	493.62
14/04/2009	529.5	530	511	515.5	6773600	485.61
15/04/2009	511.5	527	511	522.5	9252100	492.2
16/04/2009	528	534	517	532.5	7802100	501.62
17/04/2009	535	541.5	528.5	540	7083800	508.69
20/04/2009	537	543	529	533	1282300	502.09
21/04/2009	535.5	542.5	532	539.5	1353000	508.22
22/04/2009	542.5	545.5	532	541.5	1141300	510.1
23/04/2009	536.5	540.5	532.5	534.5	1325800	503.51
24/04/2009	535.5	536.5	528.5	535	2898400	503.98
27/04/2009	534	558.5	533	558	5904500	525.64
28/04/2009	552	552	539.5	545.5	1371700	513.87
29/04/2009	548.5	564.5	542	562.5	1411600	529.88
30/04/2009	562.5	568	556.5	564.5	2860400	531.77
01/05/2009	575	576	565.5	567	1598800	534.12
05/05/2009	570	573.5	557	565	1323800	532.24
06/05/2009	562	567.5	551	556.5	1692400	524.23
07/05/2009	556.5	567.5	548	556	2298400	523.76
08/05/2009	565	574.5	561.5	569.5	1847500	536.48
11/05/2009	575.5	586	572.5	583	1354600	549.2
12/05/2009	583.5	588	580	584	3068800	550.14
13/05/2009	588.5	591	580.5	583	6702700	549.2
14/05/2009	585	593.5	574.5	584.5	2945900	550.61
15/05/2009	584.5	591	579.5	586	1536400	552.02
18/05/2009	581	599.5	579	598.5	1612500	563.8
19/05/2009	598	603.5	586	602	1543500	567.09
20/05/2009	602.5	613	599	604.5	1265400	569.45
21/05/2009	604.5	604.5	584.5	588	1218500	553.91
22/05/2009	592.5	596	587	590	870600	555.79
26/05/2009	590.5	610	579.5	608	1324700	572.75
27/05/2009	610	617	606.5	616	1420900	580.28
28/05/2009	608.5	617	600	604	3402400	568.98
29/05/2009	608	616	595.5	598.5	2404300	563.8
01/06/2009	608	610	595.5	603.5	2011400	568.51
02/06/2009	608.5	608.5	595.5	600	1380300	565.21
03/06/2009	581.5	586	560.5	561	2436100	549.54
04/06/2009	561	568	553.5	559	1969700	547.58
05/06/2009	563.5	600	551	553	1832700	541.7
08/06/2009	553	560	546.5	552	3807400	540.72
09/06/2009	553.5	558.5	548.5	552.5	3517400	541.21
10/06/2009	555.5	560	542	543	1996700	531.9
11/06/2009	542.5	546	535	542.5	3183200	531.41
12/06/2009	542.5	543.5	533.5	536	2748900	525.05
15/06/2009	534.5	537	526.5	527	1960800	516.23
16/06/2009	529.5	544.5	528.5	544.5	4426400	533.37
17/06/2009	543	545	535	542	3036800	530.92
18/06/2009	542	544	535.5	542.5	2309500	531.41
19/06/2009	544	559.5	544	556.5	11646800	545.13
22/06/2009	555	561	550.5	549.95	2834000	538.71
23/06/2009	550	554	538	540.5	5586900	529.46
24/06/2009	541.5	542	534	538.5	3544100	527.5
25/06/2009	537	543	537	541.5	1974200	530.43
26/06/2009	542	552	541.5	547.72	2562100	536.53
29/06/2009	547	555.5	542.5	553.5	1874900	542.19
30/06/2009	556	556	546.5	547.5	3455800	536.31
01/07/2009	552	555	549	555	1731400	543.66
02/07/2009	557	561	546	547.5	1817800	536.31
03/07/2009	550	551	544.5	546	1040400	534.84
06/07/2009	545.5	555	545	548.32	3076700	537.11
07/07/2009	555.5	555.5	542	542.5	2685700	531.41
08/07/2009	540	543.5	534	538.74	3319400	527.73
09/07/2009	534	540	529.5	537.54	1657400	526.56
10/07/2009	537	546	536	541.34	1387500	530.28
13/07/2009	544	548	539.5	547	1242400	535.82
14/07/2009	547.5	549.5	544	545.5	1890400	534.35
15/07/2009	550	555.5	546	555.5	2354300	544.15
16/07/2009	556.5	558	551	557	1744300	545.62
17/07/2009	559.5	560	550	553.72	2219300	542.41
20/07/2009	555	570	552.5	566.5	7171200	554.92
21/07/2009	570.5	571	558.5	562.5	3585200	551.01
22/07/2009	564.5	576.5	561.5	574.5	2390600	562.76
23/07/2009	570	570	564	569.5	983900	557.86
24/07/2009	570.5	572.5	561	563	2045400	551.5
27/07/2009	568	570	559	564.5	1908900	552.96
28/07/2009	567.5	574.5	562.5	571	1515600	559.33
29/07/2009	573	584.5	569.5	575	2025400	563.25
30/07/2009	578	581.5	558	563.5	2099800	551.99
31/07/2009	560	566.5	557.5	558.5	2804500	547.09
03/08/2009	561.5	567	555	561	1573500	549.54
04/08/2009	560	566.5	556.5	563.5	1437900	551.99
05/08/2009	570	578	556	558	1496300	546.6
06/08/2009	561	563.5	552	555	1987300	543.66
07/08/2009	556	561	553.5	560	5402200	548.56
10/08/2009	557	566	555	564	809400	552.48
11/08/2009	567.5	576	566.5	570	1313900	558.35
12/08/2009	569.5	575	567.5	573.5	1342300	561.78
13/08/2009	576.5	579	568	570.5	1277600	558.84
14/08/2009	571	579.5	568.5	569	1612600	557.37
17/08/2009	571	572	560.5	562.5	1281900	551.01
18/08/2009	565.5	568.5	562.5	568	1646900	556.39
19/08/2009	565	579	564	576	2544900	564.23
20/08/2009	577	585	573.5	582	2519300	570.11
21/08/2009	583	597.5	580	596	1612700	583.82
24/08/2009	597.5	599.5	589	592	3415200	579.9
25/08/2009	590.5	597	589.5	596	4459500	583.82
26/08/2009	597	601	587	598.5	3240500	586.27
27/08/2009	599.5	605.5	592.5	604	3991900	591.66
28/08/2009	604.5	607	592.5	592.5	5308600	580.39
01/09/2009	589.5	594	580.5	582	5260900	570.11
02/09/2009	581	588.5	580	587	4147800	575.01
03/09/2009	589.5	590	580.5	581	4386800	569.13
04/09/2009	582	592.5	581.5	589	4099000	576.96
07/09/2009	591.5	594.5	585	593.5	2603400	581.37
08/09/2009	594	594	587	588.5	3704800	576.47
09/09/2009	588.5	600.5	584	600	8062800	587.74
10/09/2009	605	608.5	601.5	606	10115500	593.62
11/09/2009	608.5	623.5	603.5	611	8071500	598.51
14/09/2009	605	618	605	614	3609700	601.45
15/09/2009	616.5	627	613.5	621.5	5200500	608.8
16/09/2009	625.5	625.5	612.5	622	5334100	609.29
17/09/2009	626.5	628	618	621	3485400	608.31
18/09/2009	621	623	612	615	10520500	602.43
21/09/2009	617.5	621.5	610	613	3696000	600.47
22/09/2009	616	616.5	608	608	4793100	595.58
23/09/2009	611	613.5	607	609	4418700	596.56
24/09/2009	609.5	610.5	599.5	600	6969600	587.74
25/09/2009	603	606	596	601.5	5684200	589.21
28/09/2009	603	610.5	599	605	4275300	592.64
29/09/2009	606.5	606.5	599	601	4172400	588.72
30/09/2009	601.5	613.5	598.5	604	7208100	591.66
01/10/2009	603.5	610	600.5	602	6065100	589.7
02/10/2009	602	607	599	600.5	7017900	588.23
05/10/2009	601	602	595.5	599	4331000	586.76
06/10/2009	598.5	605	596.5	603	4308200	590.68
07/10/2009	601.5	607	598	603.5	3727400	591.17
08/10/2009	609	611	593.5	600	5335000	587.74
09/10/2009	598.5	602	595.5	599	5034300	586.76
12/10/2009	600	600.5	589	590	5730900	577.94
13/10/2009	592	594.5	579.5	583	9218000	571.09
14/10/2009	592	596	579.5	581	9662900	569.13
15/10/2009	581.5	584.5	572.5	572.5	9303600	560.8
16/10/2009	575.5	586	574.5	580	14752900	568.15
19/10/2009	582.5	588.5	575.5	586	5724600	574.03
20/10/2009	594	599	592	593.5	7071400	581.37
21/10/2009	594	600	591.5	597.5	5608200	585.29
22/10/2009	595	599.5	590	594	4267400	581.86
23/10/2009	594	598.5	587.5	587.5	6265000	575.49
26/10/2009	590.5	595	586	589	5574700	576.96
27/10/2009	591.5	601	583	597.5	6649900	585.29
28/10/2009	594.5	604.5	593.5	602.5	7456600	590.19
29/10/2009	603.5	610	599.5	609.5	8034500	597.05
30/10/2009	609.5	616	604	606.5	6230900	594.11
02/11/2009	606.5	609	601.5	604.5	4735500	592.15
03/11/2009	601	605	599	601	3862200	588.72
04/11/2009	602.5	617	599.5	614.5	6037600	601.94
05/11/2009	611	619	610	615	6306000	602.43
06/11/2009	613	617.5	608	612	4274300	599.49
09/11/2009	615.5	618.5	613.5	614.5	3137300	601.94
10/11/2009	617	623.5	614	620.5	4659300	607.82
11/11/2009	621.5	629.5	618.5	621.5	4788900	608.8
12/11/2009	622	622	616.5	618.5	3977200	605.86
13/11/2009	617.5	630	616	629	4914800	616.15
16/11/2009	631.5	639	628	638	5281500	624.96
17/11/2009	639	643	636	637.5	4647000	624.47
18/11/2009	640	643	635.5	640	4839500	626.92
19/11/2009	648	648.5	638	645.5	8691800	632.31
20/11/2009	648	652.5	644.5	648	10402500	634.76
23/11/2009	648.5	661	646.5	655	5587400	641.62
24/11/2009	653.5	667.5	651.5	661	8532800	647.49
25/11/2009	664.5	671	658.5	671	9910200	657.29
26/11/2009	668.5	671	656	659	5032500	645.53
27/11/2009	656	664	652.5	658	9991100	644.55
30/11/2009	657.5	663	652	660.5	7404600	647
01/12/2009	662	668	656.5	668	7907500	654.35
02/12/2009	657	657	639.5	652.5	8730700	652.5
03/12/2009	652.5	656	645.5	648	7251600	648
04/12/2009	648	651	641.5	648	8669000	648
07/12/2009	645.5	650	638	645	5560800	645
08/12/2009	645.5	652.5	637.5	639	5084900	639
09/12/2009	641	644.5	637.5	642	5534300	642
11/12/2009	644.5	650	642.5	645	5372900	645
14/12/2009	654	654	646	650	4283900	650
15/12/2009	651.5	653.5	646.5	650	6920800	650
16/12/2009	652	655	649	653	4518500	653
17/12/2009	649.5	653	645.5	646	5622800	646
18/12/2009	647	650	643	645.5	10730800	645.5
21/12/2009	644.5	650.5	636.5	648.5	3595100	648.5
22/12/2009	648.5	656.5	647.5	654.5	3342500	654.5
23/12/2009	656	662.5	654	661	2801300	661
24/12/2009	664	665	659.5	663	587100	663
29/12/2009	667.5	674	665.5	674	2287300	674
30/12/2009	673.5	680	672.5	676	2221200	676
31/12/2009	681	683.5	672	679	1111900	679
