Date	Open	High	Low	Close	Volume	Adj Close
03/01/2006	551	560	548.5	559.5	22352900	492.29
04/01/2006	569	576.5	561	572	28213300	503.29
05/01/2006	571	574	567.5	568	19916700	499.77
06/01/2006	566.5	578.5	563	578	19388400	508.56
09/01/2006	579	579.5	569.5	573.5	9812400	504.61
10/01/2006	568.5	570.5	558.5	561	16944900	493.61
11/01/2006	566.5	570	562.5	566.5	19586800	498.45
12/01/2006	570.5	570.5	558	559	17103000	491.85
13/01/2006	560	564.5	554	561	13769100	493.61
16/01/2006	558	575.5	557	575	15442300	505.92
17/01/2006	575	575	564	564	20639400	496.25
18/01/2006	558	558.5	549	551.5	15705000	485.25
19/01/2006	557.5	563.5	555	561.5	14315000	494.05
20/01/2006	560	567	551	556	11661700	489.21
23/01/2006	553	556.5	545.5	555.5	7988800	488.77
24/01/2006	555.5	560	547.5	550.5	12938700	484.37
25/01/2006	552	557	544	553	15321200	486.57
26/01/2006	554	576.5	548.5	576	44060300	506.8
27/01/2006	578	583	569	577	31411500	507.68
30/01/2006	575	576.5	569	570	8340700	501.53
31/01/2006	572.5	574.5	567	570	9942100	501.53
01/02/2006	571.5	579	564	575	19536300	505.92
02/02/2006	578	580	566	567.5	11762200	499.33
03/02/2006	571	573	558.5	568	7244900	499.77
06/02/2006	572.5	573	564.5	567	5543300	498.89
07/02/2006	571	573.5	560.5	564.5	10590800	496.69
08/02/2006	564.5	567	555	565	8818500	497.13
09/02/2006	569	577	566.5	576	20514500	506.8
10/02/2006	575	600	573.5	591	35864700	520
13/02/2006	591.5	599.5	590.5	598	14825400	526.16
14/02/2006	598.5	608.5	598.5	606.5	20686900	533.64
15/02/2006	611	611	596	600.5	9782100	528.36
16/02/2006	599.5	609.5	599.5	605	5836100	532.32
17/02/2006	603	611	602.5	608	8855600	534.96
20/02/2006	606	613.5	602.5	605	5748900	532.32
21/02/2006	610	623.5	610	617.5	11738800	543.32
22/02/2006	616	621.5	609.5	616.5	11583000	542.44
23/02/2006	619	625	613.5	615.5	10152900	541.56
24/02/2006	618.5	620	613	616	9543100	542
27/02/2006	616.5	625	616.5	622.5	9841600	547.72
28/02/2006	623	629.5	598.5	603	22680100	530.56
01/03/2006	604.5	616.5	600.5	607	16680100	534.08
02/03/2006	610	619	596	602.5	16778800	530.12
03/03/2006	600.5	605	588	592.5	13603500	521.32
06/03/2006	596	600	591	595	18559000	523.52
07/03/2006	590	592	580.5	585.5	12175600	515.16
08/03/2006	585.5	587	573.5	576	11605300	506.8
09/03/2006	580	585	575	582.5	16869600	512.52
10/03/2006	583	600	583	595.5	25984800	523.96
13/03/2006	598	607.5	596	601	17907400	528.8
14/03/2006	598	613.5	598	599.5	15472800	527.48
15/03/2006	602.5	615	601.5	605	24527000	532.32
16/03/2006	612	633.5	610	627.5	35233700	552.12
17/03/2006	641	675	641	672	81226200	591.27
20/03/2006	740	763	735	743.5	123262600	654.18
21/03/2006	737.5	752	735	741.5	35464200	652.42
22/03/2006	733	733	707	720.5	34825600	643.51
23/03/2006	724	749	712	715.5	34831200	639.04
24/03/2006	716.5	724	663	681	79676600	608.23
27/03/2006	685	691	671.5	672	20223500	600.19
28/03/2006	671.5	677.5	656.5	664	23200300	593.05
29/03/2006	661	670	659.5	667	11710000	595.73
30/03/2006	670.5	678	661	673	15148000	601.09
31/03/2006	674.5	675	665.5	667.5	12069000	596.17
03/04/2006	667.5	694	667	672.5	10237400	600.64
04/04/2006	675.5	681	662.5	665	16418900	593.94
05/04/2006	667	672	647.5	651.5	17359000	581.88
06/04/2006	652.5	702	652.5	677.5	30916500	605.1
07/04/2006	678	689	669	672.5	18171900	600.64
10/04/2006	672	672	660.5	667.5	9698500	596.17
11/04/2006	659.5	665	652	654	13946600	584.12
12/04/2006	659	661	645	659	14658800	588.58
13/04/2006	656.5	667	651	659	5717900	588.58
14/04/2006	659	659	659	659	0	588.58
17/04/2006	659	659	659	659	0	588.58
18/04/2006	657.5	663.5	652	654	8947400	584.12
19/04/2006	661	675	660.5	668.5	15171400	597.07
20/04/2006	677	678	662	665	18083900	593.94
21/04/2006	669	672	655	657	20949700	586.8
24/04/2006	657	658	637.5	637.5	35286100	569.38
25/04/2006	641.5	655	640	646.5	23846200	577.42
26/04/2006	649	656.5	641.5	654.5	17913800	584.56
27/04/2006	655.5	658.5	642	648.5	24118700	579.2
28/04/2006	649.5	650.5	641	643.5	11476700	574.74
01/05/2006	643.5	643.5	643.5	643.5	0	574.74
02/05/2006	643	654	642	651	10303500	581.44
03/05/2006	653	658	643.5	647	12920600	577.86
04/05/2006	647	650.5	641.5	644	14699200	575.18
05/05/2006	647	656.5	645	655	7432700	585.01
08/05/2006	659.5	664.5	649.5	652	14194600	582.33
09/05/2006	653.5	660	645	652	13095300	582.33
10/05/2006	651	668	641.5	660	26317400	589.47
11/05/2006	660	674	646	646	14226000	576.97
12/05/2006	645	646	624	628	13073200	560.89
15/05/2006	631	632.5	603.23	626.5	14896700	559.55
16/05/2006	629.5	634.66	621.3	630	10364000	562.68
17/05/2006	629	634.92	606	606	18017400	541.24
18/05/2006	612	614.5	590.34	598.5	19049700	534.55
19/05/2006	599	610.92	595.55	600.5	12986100	536.33
22/05/2006	602	601.2	572.96	574.5	16031600	513.11
23/05/2006	574.5	599	574.69	592.5	21837500	529.19
24/05/2006	587.5	592.5	577	583.5	12401300	521.15
25/05/2006	588.5	593.42	579.42	592.5	6471600	529.19
26/05/2006	596	602.5	593.46	602.5	12584100	538.12
29/05/2006	602.5	602.5	602.5	602.5	0	538.12
30/05/2006	598	601.5	573.5	576.5	14129400	514.9
31/05/2006	575	589.11	566.92	583	22566200	520.7
01/06/2006	583	588.5	576	583	21736800	520.7
02/06/2006	589	595.8	582.46	585	16133900	522.49
05/06/2006	587	590	576.5	576.5	7771000	514.9
06/06/2006	569.5	573	557.39	562	14745600	501.95
07/06/2006	562.5	572.5	560	572	12727400	510.88
08/06/2006	555	570.5	552.5	552.5	16318400	493.46
09/06/2006	557	568.5	556	566.5	12111800	505.97
12/06/2006	566	568.5	553	556.5	6462100	497.03
13/06/2006	545	554	528.3	538.5	19581100	480.96
14/06/2006	538	546.5	527.8	540	12605100	482.3
15/06/2006	544.5	564.5	544	562	15348600	501.95
16/06/2006	570	572.91	548.25	548.5	25685000	489.89
19/06/2006	555.5	568	553	566	16615500	505.52
20/06/2006	562.5	573.5	559	570	19805100	509.09
21/06/2006	572.5	575.39	566.09	569	13403600	508.2
22/06/2006	575	675.64	555.15	561	14318300	501.05
23/06/2006	558.5	565.62	551.48	557	14500200	497.48
26/06/2006	560.5	567	554.9	564	21182500	503.73
27/06/2006	568.5	575	566	567	11880300	506.41
28/06/2006	566.5	580.5	562	574.5	16069500	513.11
29/06/2006	579	594	578.5	591.5	17293700	528.29
30/06/2006	596	625	592	611	24052500	545.71
03/07/2006	610	614	603.5	607.5	14326700	542.58
04/07/2006	610.5	614	602.5	613	5932200	547.5
05/07/2006	610.5	612	595.5	598	12968700	534.1
06/07/2006	598	608.5	592.5	601.5	9927200	537.23
07/07/2006	599	599	581	585.5	19824200	522.94
10/07/2006	583	590	581	585.5	10305200	522.94
11/07/2006	582	588	571.5	575.5	8796800	514
12/07/2006	577	583	573	575.5	9176600	514
13/07/2006	573	573.5	556	559	7336900	499.27
14/07/2006	552	558.5	549	552	8836300	493.02
17/07/2006	552	554.5	539.5	551.5	10182400	492.57
18/07/2006	547	554	543.5	546	11686400	487.66
19/07/2006	551	571.5	548.5	571.5	17548600	510.43
20/07/2006	579.5	579.5	559	562.5	12346400	502.39
21/07/2006	561.5	569	554	560.5	10110200	500.61
24/07/2006	561	579.5	561	578	8862100	516.24
25/07/2006	579.5	585.5	576	583	7065400	520.7
26/07/2006	583.5	588.5	581.5	583.5	9318200	521.15
27/07/2006	588.5	599.5	582	595.5	11044600	531.87
28/07/2006	589	591	555	577.5	25856500	515.79
31/07/2006	578	580	561	562.5	16075200	502.39
01/08/2006	563.5	568	557	560.5	13974000	500.61
02/08/2006	565.5	576.5	564	573.5	13202600	512.22
03/08/2006	573.5	573.5	573.5	573.5	0	512.22
04/08/2006	566.5	575	561	572.5	15931900	511.32
07/08/2006	565	570.5	559.5	561	9610700	501.05
08/08/2006	566.5	568.5	554	556.5	15400500	497.03
09/08/2006	559.5	559.5	545.5	556	19706400	496.59
10/08/2006	550	556	544.5	555	12068400	495.69
11/08/2006	557	558.5	548	556.5	9523200	497.03
14/08/2006	559	563	558	562	12499900	501.95
15/08/2006	559	572.5	553	570.5	31592700	509.54
16/08/2006	568	585.5	567.5	577.5	20029700	520.74
17/08/2006	580	587	577.5	584.5	16911400	527.05
18/08/2006	586	587	573.5	574.5	10978300	518.03
21/08/2006	576.5	577.5	569	573.5	13719000	517.13
22/08/2006	577.5	577.5	567	575	7235100	518.48
23/08/2006	577.5	578	563.5	564	13853800	508.56
24/08/2006	567.5	580	559.5	580	16800400	522.99
25/08/2006	578	579.5	571.5	576.5	7205600	519.84
28/08/2006	576.5	576.5	576.5	576.5	0	519.84
29/08/2006	579	582	575	578.5	15511400	521.64
30/08/2006	581.5	597	579.5	593.5	21386900	535.16
31/08/2006	594	595	586	589.5	10853800	531.56
01/09/2006	594.5	602	592	597	10474400	538.32
04/09/2006	596.5	600.5	592.5	600	5887000	541.03
05/09/2006	598.5	601	590	593	10095800	534.71
06/09/2006	591	595.5	586	588.5	9830800	530.66
07/09/2006	587	587.5	575	577.5	14481100	520.74
08/09/2006	583	588	582	583	15280800	525.7
11/09/2006	585.5	593.5	584	591	17290300	532.91
12/09/2006	593.5	600	586	597.5	11090700	538.77
13/09/2006	601	602.5	596	598.5	13224000	539.67
14/09/2006	600	607.5	597.5	605	13542400	545.53
15/09/2006	607	621.5	605.5	618.5	21918600	557.71
18/09/2006	620	622.5	606.5	611	8059500	550.94
19/09/2006	610	614.5	600	607	9791000	547.34
20/09/2006	609.5	619	604	614.5	17367400	554.1
21/09/2006	618	625	611.5	623	13553700	561.77
22/09/2006	620.5	624	614	615.5	14953600	555
25/09/2006	617	625	613.5	615	14226700	554.55
26/09/2006	618	626	616.5	626	6034900	564.47
27/09/2006	630.5	641.5	628	637	26196500	574.39
28/09/2006	634.5	651	634	643.5	39594400	580.25
29/09/2006	648	674.5	642	663.5	45914900	598.28
02/10/2006	668	668	640	641.5	15391300	578.45
03/10/2006	639	646	636.5	645	27956000	581.6
04/10/2006	645	656.5	644.5	650	10507100	586.11
05/10/2006	659.5	659.5	642	646	24672100	582.5
06/10/2006	647.5	650	630.5	635	35561900	572.59
09/10/2006	632.5	638.5	628	632	15827500	569.88
10/10/2006	632	636.5	622.5	627.5	40409100	565.82
11/10/2006	627.5	638.5	627.5	635	37918200	572.59
12/10/2006	639	649	632.5	645	24861800	581.6
13/10/2006	645	649	639	649	12270500	585.21
16/10/2006	648	648.5	637	640.5	10602900	577.55
17/10/2006	641	641	622	623	13604800	561.77
18/10/2006	626.5	633	624.5	629.5	14635500	567.63
19/10/2006	618	652	615	645.5	55288100	582.05
20/10/2006	646	651	634	637.5	9816200	574.84
23/10/2006	640.5	647	633	640.5	9009500	577.55
24/10/2006	639	648	639	645	9452800	581.6
25/10/2006	641.5	646	638.5	641	6755400	578
26/10/2006	643	644.5	635	639.5	13825400	576.64
27/10/2006	641	644	622.5	630.5	13733900	568.53
30/10/2006	623.5	642	623.5	641	21665500	578
31/10/2006	638	648.5	638	642.5	10886300	579.35
01/11/2006	649	650	642	645	6699400	581.6
02/11/2006	644	648	635.5	639.5	10480800	576.64
03/11/2006	641.5	643	633	634.5	10675800	572.13
06/11/2006	636.5	649	634.5	649	16869200	585.21
07/11/2006	647.5	649.5	642.5	647	12897200	583.41
08/11/2006	647	649	637.5	645	9913800	581.6
09/11/2006	645	645	633	637	7741800	574.39
10/11/2006	637	641.5	633.5	638	10499900	575.29
13/11/2006	639	659	639	651.5	18339500	587.46
14/11/2006	650.5	655.5	648.5	650	10675000	586.11
15/11/2006	656	662.5	651.5	661.5	18531300	596.48
16/11/2006	657.5	667.5	655	666.5	18087600	600.99
17/11/2006	668	675.5	662.5	675.5	34523400	609.1
20/11/2006	670	678	662	675	23244400	608.65
21/11/2006	678.5	687	670.5	683.5	16650100	616.32
22/11/2006	682.5	688	673.5	676	15498800	609.56
23/11/2006	680	680	664	672.5	11250800	606.4
24/11/2006	672.5	673	651.5	660	13563800	595.13
27/11/2006	660	665.5	646.5	647	13644700	583.41
28/11/2006	649	654	641.5	646.5	16533900	582.96
29/11/2006	653	674.5	648	662	24095000	596.93
30/11/2006	667	676	660.5	660.5	12573400	595.58
01/12/2006	661.5	683.5	651	657	27303900	592.42
04/12/2006	662.5	665.5	654	661.5	10347900	596.48
05/12/2006	660.5	673	659	666	15097400	600.54
06/12/2006	662.5	666	648	652	21916100	587.91
07/12/2006	650	685	650	680	44644700	613.16
08/12/2006	682.5	688	672	686	21452100	618.57
11/12/2006	698	706	690.5	694.5	31808100	626.24
12/12/2006	698.5	699	692.5	694	20606700	625.79
13/12/2006	691.5	700	689.5	693.5	19884100	625.34
14/12/2006	692.5	702	688	695.5	16037200	627.14
15/12/2006	699	724	693	710.5	50077700	640.66
18/12/2006	709.5	715.5	707	714.5	10284400	644.27
19/12/2006	709	710.5	702.5	704	13540000	634.8
20/12/2006	707.5	712.5	698	706	10033100	636.61
21/12/2006	704	709.5	701	702	9005700	633
22/12/2006	701.5	706.5	698.5	706.5	5760600	637.06
25/12/2006	706.5	706.5	706.5	706.5	0	637.06
26/12/2006	706.5	706.5	706.5	706.5	0	637.06
27/12/2006	699.5	711.5	699.5	705	6147700	635.71
28/12/2006	705	709	698.5	699.5	9003800	630.75
29/12/2006	701.5	704	695.5	699.5	3768000	630.75
01/01/2007	699.5	699.5	699.5	699.5	0	630.75
02/01/2007	708	712	702	711	6572100	641.12
03/01/2007	710	730.5	708.5	724.5	21606400	653.29
04/01/2007	721	726.5	715	720	20468900	649.23
05/01/2007	718.5	724	713	714.5	7538000	644.27
08/01/2007	712.5	718.5	707	710	8393700	640.21
09/01/2007	715	720	710	719.5	14826600	648.78
10/01/2007	713	716	708	711.5	12426400	641.57
11/01/2007	712.5	728.5	711.5	725	23219300	653.74
12/01/2007	725	728	718	723	18290600	651.94
15/01/2007	725	728.5	719	721	9017800	650.13
16/01/2007	728	730	718	719	26716000	648.33
17/01/2007	723	727.5	719	723	13013000	651.94
18/01/2007	723	728	720	723	8697000	651.94
19/01/2007	720.5	724	710.5	718	13095400	647.43
22/01/2007	720	724	716	718	12179400	647.43
23/01/2007	718	723	708	710.5	12751400	640.66
24/01/2007	711	723	708	717	16714600	646.53
25/01/2007	717	722	709.5	712	15512700	642.02
26/01/2007	708	709.5	700	702.5	10919300	633.45
29/01/2007	704	728	698	698	33440100	629.39
30/01/2007	698	700	691.5	695	20805500	626.69
31/01/2007	694	695	678.5	686	17857300	618.57
01/02/2007	692.5	694	688	691	21478500	623.08
02/02/2007	692	708	690	705.5	28033900	636.16
05/02/2007	705.5	718.5	702	713	22745200	642.92
06/02/2007	716	724.5	710.5	721.5	18156000	650.58
07/02/2007	719.5	723	715.5	719.5	5712600	648.78
08/02/2007	719.5	727	714	715	14353000	644.72
09/02/2007	720	725	716.5	719	28740000	648.33
12/02/2007	714.5	717	710	712	10409700	642.02
13/02/2007	716	718.5	710.5	714	7013700	643.82
14/02/2007	717	722.5	715	717	22652500	646.53
15/02/2007	718.5	719	713	718.5	12092700	647.88
16/02/2007	718.5	724	714.5	719	9865000	648.33
19/02/2007	722	725	718	725	7903600	653.74
20/02/2007	721	724	712.5	714	20064000	643.82
21/02/2007	711	717.5	705.5	707	22441800	637.51
22/02/2007	713.5	714.5	701.5	704.5	20464800	635.25
23/02/2007	709	709	695	700	16745700	631.2
26/02/2007	700.5	708.5	700	704.5	12958200	635.25
27/02/2007	702	702.5	680.5	684	16422600	616.77
28/02/2007	676	681	660.5	673.5	48468800	607.3
01/03/2007	673.5	683	642	658.5	31158700	593.78
02/03/2007	664.5	668	647.5	655.5	16511100	591.07
05/03/2007	644	647	634.5	642.5	22983100	579.35
06/03/2007	647	656.5	643	654	22129300	589.72
07/03/2007	653	664	651.5	661.5	18713000	596.48
08/03/2007	664	673	662.5	670.5	14241700	604.6
09/03/2007	677	690	672.5	683	31591900	615.87
12/03/2007	687	691.5	671.5	673.5	16091900	607.3
13/03/2007	672	678	668.5	669.5	12171900	603.69
14/03/2007	659.5	659.5	643	643	17351700	579.8
15/03/2007	663	677	663	675	39538100	608.65
16/03/2007	673	688.5	669.5	681.5	37293100	614.52
19/03/2007	688.5	709	687	708	22279400	638.41
20/03/2007	719	739.5	713.5	731.5	42866300	659.6
21/03/2007	726.5	738	726.5	733	23908800	660.95
22/03/2007	741	752.5	725	729.5	62864600	657.8
23/03/2007	732.5	747	727.5	742.5	15094000	669.52
26/03/2007	745	748	718.5	723	34682600	651.94
27/03/2007	730	730	713	721	25433600	650.13
28/03/2007	711.5	731	706.5	711	22960400	641.12
29/03/2007	717.5	720	712.5	714.5	12473700	644.27
30/03/2007	717	721	712	717.5	13998400	646.98
02/04/2007	714.5	727	714.5	722	12260600	651.03
03/04/2007	725	734	721.5	732	11499400	660.05
04/04/2007	733.5	753	732.5	744.5	53831600	671.32
05/04/2007	741.5	746	734.5	742.5	9857200	669.52
06/04/2007	742.5	742.5	742.5	742.5	0	669.52
09/04/2007	742.5	742.5	742.5	742.5	0	669.52
10/04/2007	748	753.5	743.5	749	7442800	675.38
11/04/2007	743	761	739	752	24254200	688.86
12/04/2007	749.5	752	736.5	738.5	15435500	676.5
13/04/2007	740	743.5	735	737.5	10972600	675.58
16/04/2007	740	748.5	736	745.5	15140200	682.91
17/04/2007	745	745	733	740.5	23102200	678.33
18/04/2007	737	742	728	733.5	15401600	671.92
19/04/2007	723	754	722.5	745	37360100	682.45
20/04/2007	750	752	741.5	742	27674200	679.7
23/04/2007	749	757	741	754.5	12247000	691.15
24/04/2007	753.5	759	738	742.5	16877400	680.16
25/04/2007	744	757	744	752.5	15600100	689.32
26/04/2007	759.5	759.5	744	746.5	14409100	683.83
27/04/2007	745	747.5	739	739	10831800	676.96
30/04/2007	739	753	737	749	9241600	686.12
01/05/2007	746.5	751	739	746	10512300	683.37
02/05/2007	748	760.5	743.5	752	28168500	688.86
03/05/2007	762	797	761.5	794	46486300	727.34
04/05/2007	789	815	784.5	811	16315600	742.91
07/05/2007	811	811	811	811	0	742.91
08/05/2007	805.5	818	792	802	22432200	734.67
09/05/2007	798	798.5	782	782	22017100	716.35
10/05/2007	788.5	794.5	772.5	781.5	21145900	715.89
11/05/2007	776	787.5	765	781.5	26888000	715.89
14/05/2007	790	790	769.5	773.5	12789700	708.56
15/05/2007	774	777	763	774	27181900	709.02
16/05/2007	774	781.5	766	773.5	15040700	708.56
17/05/2007	785	790	775	781.5	18934900	715.89
18/05/2007	783	786.5	777	779	16512200	713.6
21/05/2007	781	781	769.5	771	12321200	706.27
22/05/2007	774.5	776.5	766	766	20006700	701.69
23/05/2007	771	776	767.5	774	17943900	709.02
24/05/2007	767.5	772	754.5	754.5	13978700	691.15
25/05/2007	750	757.5	748	756	8450400	692.53
28/05/2007	756	756	756	756	0	692.53
29/05/2007	760	767	757	764	8351200	699.86
30/05/2007	753	759.5	744	756.5	12483300	692.99
31/05/2007	764	766.5	753.5	756.5	11645100	692.99
01/06/2007	756.5	756.5	756.5	756.5	0	692.99
04/06/2007	766.5	769	756	765	8448100	700.77
05/06/2007	768	774	756.5	757	16074000	693.44
06/06/2007	757	761	742	743	15703700	680.62
07/06/2007	742.5	750	721	728	24065300	666.88
08/06/2007	719	728.5	713	722	29062500	661.38
11/06/2007	722	732.5	722	731.5	12420200	670.09
12/06/2007	730	734.5	723	728	16202800	666.88
13/06/2007	725.5	734.5	719.5	732	17446700	670.54
14/06/2007	737.5	743	733	740.5	13846300	678.33
15/06/2007	746	756	743	753	28552600	689.78
18/06/2007	759.5	766	755	756.5	18068800	692.99
19/06/2007	754	765	749	750.5	14701000	687.49
20/06/2007	753.5	762	746.5	751	25960800	687.95
21/06/2007	748.5	753	731.5	738.5	16737000	676.5
22/06/2007	742	744.5	725.5	728.5	15399900	667.34
25/06/2007	721	735	719.5	734	13799500	672.38
26/06/2007	728	731.5	719	719	14418500	658.64
27/06/2007	714.5	716.5	698	702.5	50815300	643.52
28/06/2007	709	710.5	702	710	19733400	650.39
29/06/2007	711	714	696.5	714	29236800	654.06
02/07/2007	712.5	712.5	703	705.5	16223300	646.27
03/07/2007	708.5	725	707	725	26229700	664.13
04/07/2007	728	738	727.5	732	9191100	670.54
05/07/2007	736	737	723	724	22687700	663.22
06/07/2007	721.5	730	721.5	729.5	7275800	668.25
09/07/2007	734	734	726.5	730	9870100	668.71
10/07/2007	728.5	730.5	706	710	19500100	650.39
11/07/2007	707.5	715	702	712.5	28056900	652.68
12/07/2007	714	719	710	718	24358700	657.72
13/07/2007	725	737	723	733	21996600	671.46
16/07/2007	737	742.5	724.5	730.5	21598100	669.17
17/07/2007	734	734.5	722.5	726.5	14540400	665.51
18/07/2007	718	722.5	711.5	713	17214900	653.14
19/07/2007	721.5	725.5	714.5	724.5	13261400	663.67
20/07/2007	725.5	733	722.5	723.5	17958200	662.76
23/07/2007	734.5	741	730.5	733.5	17025600	671.92
24/07/2007	730	734.5	711.5	713.5	14737700	653.6
25/07/2007	713	713	698.5	700	18776900	641.23
26/07/2007	704.5	704.5	662	662	31766000	606.42
27/07/2007	656	675	652	664	42808800	608.25
30/07/2007	664	666	648	650	22431400	595.43
31/07/2007	664.5	683.5	657.5	683.5	34555200	626.12
01/08/2007	673	705	659	678	40010800	621.08
02/08/2007	687	702.5	685.5	700	29165600	641.23
03/08/2007	705.5	715.5	686.5	688.5	33920200	630.7
06/08/2007	680	693.5	680	685	30346600	627.49
07/08/2007	700.5	711	697	704	39420900	644.89
08/08/2007	709.5	726	709.5	717	33861300	656.8
09/08/2007	717	718.5	677	695	44491100	636.65
10/08/2007	681.5	685.5	647	653.5	39305100	598.63
13/08/2007	666.5	677.5	662.5	676.5	27352000	619.7
14/08/2007	672.5	686	661.5	665	34160400	609.17
15/08/2007	653	662	643.5	655.5	27985800	605.66
16/08/2007	637.5	649	618	619.5	35684100	572.4
17/08/2007	623.5	666.5	618	650.5	43885300	601.04
20/08/2007	654.5	667.5	651	657.5	17996300	607.51
21/08/2007	657	658.5	645.5	654	16342800	604.27
22/08/2007	660	682.5	659	681	22876000	629.22
23/08/2007	687.5	696.5	684	687.5	20933800	635.22
24/08/2007	688	693.5	683.5	686	13730300	633.84
27/08/2007	686	686	686	686	0	633.84
28/08/2007	683.5	685	667.5	671.5	10486300	620.44
29/08/2007	666	680	661	678	13358200	626.45
30/08/2007	688.5	692.5	676	690.5	19244200	638
31/08/2007	704.5	706	691.5	703	14052400	649.55
03/09/2007	709	716	704	712	10190500	657.86
04/09/2007	714	721.5	704	720.5	14760700	665.72
05/09/2007	720	720	704.5	706	17686300	652.32
06/09/2007	713	716	697	710.5	18268300	656.48
07/09/2007	710	715	681.5	681.5	15706300	629.68
10/09/2007	684	689.5	667	669.5	17915000	618.59
11/09/2007	677.5	687.5	670	687	20806500	634.76
12/09/2007	690	692	673	675	8452200	623.68
13/09/2007	676	689.5	673	686	14917700	633.84
14/09/2007	678.5	683	663	673	12703500	621.83
17/09/2007	668.5	670.5	638.5	638.5	32101800	589.95
18/09/2007	636	662.5	631.5	659	30967000	608.89
19/09/2007	680	710.5	680	702.5	55552000	649.08
20/09/2007	698	703	682.5	685.5	24769400	633.38
21/09/2007	683	702.5	683	696.5	23783700	643.54
24/09/2007	694	717.5	690	715	21376800	660.63
25/09/2007	709	715	703	711	18254800	656.94
26/09/2007	716.5	738.5	715	732	22510500	676.34
27/09/2007	740.5	751.5	739	746.5	24937400	689.74
28/09/2007	749.5	754.5	741.5	751.5	22565000	694.36
01/10/2007	745.5	768	742.5	766.5	15366200	708.22
02/10/2007	769.5	775.5	747	751	22346700	693.9
03/10/2007	756.5	761	745.5	757.5	10767700	699.9
04/10/2007	753.5	773	753.5	762.5	15112300	704.52
05/10/2007	766	772	756.5	763	11896300	704.98
08/10/2007	766.5	779	761.5	775	17954900	716.07
09/10/2007	773	783.5	772.5	773	20994400	714.22
10/10/2007	779.5	781.5	769.5	778	16268500	718.84
11/10/2007	780.5	784.5	773.5	777.5	17054000	718.38
12/10/2007	772	778	766	778	12484300	718.84
15/10/2007	779	779	743	744.5	30662900	687.89
16/10/2007	747	747	732.5	734.5	17644300	678.65
17/10/2007	738.5	752.5	736.5	746	19627000	689.28
18/10/2007	749.5	754.5	725.5	731.5	14263600	675.88
19/10/2007	731.5	741.5	729	734	17635800	678.19
22/10/2007	722.5	731.5	717	730	16399100	674.49
23/10/2007	744.5	754.5	739	744.5	16799900	687.89
24/10/2007	749.5	757.5	742	744.5	22293800	687.89
25/10/2007	747.5	779	747.5	779	28517400	719.77
26/10/2007	783	792.5	772.5	784.5	18559600	724.85
29/10/2007	794	798.5	768	776	16528200	717
30/10/2007	771	774.5	761.5	768	25301700	709.6
31/10/2007	770.5	782	766	782	13828800	722.54
01/11/2007	774.5	779.5	749	754	14293400	696.67
02/11/2007	749	758	734.5	754	15029700	696.67
05/11/2007	747	750	724	739.5	12045800	683.27
06/11/2007	745.5	757.5	742	744.5	9468200	687.89
07/11/2007	749.5	753	714.5	714.5	11871900	660.17
08/11/2007	700.5	713.5	693	699	19922300	645.85
09/11/2007	705	708	675	678	20962300	626.45
12/11/2007	678	687	665	686	17067800	633.84
13/11/2007	679	697.5	675	691.5	18263400	638.92
14/11/2007	703	712	679.5	692	20105900	639.38
15/11/2007	689.5	694	672	676	16011800	624.6
16/11/2007	674.5	676.5	654.5	658	21224300	607.97
19/11/2007	655.5	665	628.5	630	16986700	582.1
20/11/2007	635	651	620	649	14979700	599.65
21/11/2007	634.5	640.5	615	618	15038000	571.01
22/11/2007	624.5	627.5	605	627.5	11161300	579.79
23/11/2007	630	662	630	660	16169500	609.82
26/11/2007	666	666.5	631	632	14985400	583.94
27/11/2007	626	634	614.5	624	17468200	576.55
28/11/2007	625.5	661.5	623	660.5	20973200	610.28
29/11/2007	680	686	646	657.5	18016300	607.51
30/11/2007	657	687.5	655	679	22630000	627.37
03/12/2007	675	678	660	661.5	11181800	611.2
04/12/2007	662.5	667.5	641	646.5	11501300	597.34
05/12/2007	652	671.5	645.5	671.5	16148400	620.44
06/12/2007	674	700.5	665	677.5	18997300	625.99
07/12/2007	675.5	698.5	675.5	696.5	13352900	643.54
10/12/2007	695.5	729.5	690	716.5	18079500	662.02
11/12/2007	721.5	728.5	713	725.5	14740800	670.34
12/12/2007	711	731.5	700.5	712	22946900	657.86
13/12/2007	697.5	706.5	675	675	18049300	623.68
14/12/2007	675	693	662.5	688	12533600	635.69
17/12/2007	679	680	656	656	16169300	606.12
18/12/2007	654	675	652.5	666	18029700	615.36
19/12/2007	668	675.5	663	666	10084800	615.36
20/12/2007	668.5	685	667	679.5	12096600	627.83
21/12/2007	686	701	686	700	20493700	646.77
24/12/2007	693	717	690	717	1604000	662.48
25/12/2007	717	717	717	717	0	662.48
26/12/2007	717	717	717	717	0	662.48
27/12/2007	718.5	722.5	705.5	710	5942900	656.01
28/12/2007	707	713.5	700	710.5	4419300	656.48
31/12/2007	713.5	713.5	704	712	2106400	657.86
01/01/2008	712	712	712	712	0	657.86
02/01/2008	703.5	715	696.5	699	7200000	645.85
03/01/2008	697	714.5	688.5	714.5	11506600	660.17
04/01/2008	713	718.5	684	685.5	10066400	633.38
07/01/2008	682	691	673.5	689.5	11763100	637.07
08/01/2008	690.5	696	668.5	671	12220600	619.98
09/01/2008	663	690	653	687.5	17369800	635.22
10/01/2008	691.5	708	673	673	14779200	621.83
11/01/2008	676.5	688	663	675	14330300	623.68
14/01/2008	674	698	672	695	8278000	642.15
15/01/2008	692	697.5	667.5	670	15739200	619.06
16/01/2008	663.5	665	639	642	24903300	593.18
17/01/2008	655	665	629	633.5	23273000	585.33
18/01/2008	634	643.5	587	596.5	38226100	551.14
21/01/2008	584	585	550.5	573.5	32604500	529.89
22/01/2008	559.5	626	545	618.5	41214600	571.47
23/01/2008	631.5	693.5	606.5	626	41210800	578.4
24/01/2008	700	735	652	655	40165900	605.2
25/01/2008	673	673	637	639	13918600	590.41
28/01/2008	633	645	620.5	635	13111900	586.72
29/01/2008	639	654.5	636	654	14722900	604.27
30/01/2008	650	650	635	640.5	9478100	591.8
31/01/2008	634.5	643	606	640.5	20563900	591.8
01/02/2008	651	662	640	656	17103900	606.12
04/02/2008	661.5	666	645.5	659	6740000	608.89
05/02/2008	655	658.5	625	627	9748200	579.32
06/02/2008	623	633	615.5	624	12429000	576.55
07/02/2008	618	618.5	588.5	591	19589700	546.06
08/02/2008	600.5	611.5	586	606	15474900	559.92
11/02/2008	615	618.5	578	583	16005500	538.67
12/02/2008	590	615.5	571	615	20183200	568.24
13/02/2008	608	619	596	608	16222100	561.77
14/02/2008	615	622	586	590	18024900	545.14
15/02/2008	593	600	581.5	593	23362200	547.91
18/02/2008	598	625	598	622	15060600	574.71
19/02/2008	617	639.5	607	623.5	12073700	576.09
20/02/2008	615	635.5	610.5	616.5	13550700	569.62
21/02/2008	620	640.5	615	624	8338900	576.55
22/02/2008	618.5	630.5	607	610	8943000	563.62
25/02/2008	618	635	615	628	12399500	580.25
26/02/2008	632.5	649.5	629	646	13194800	596.88
27/02/2008	647	647.5	627	643.5	8745900	594.57
28/02/2008	643	654.5	628	628.5	10923800	580.71
29/02/2008	624.5	632	607	610.5	12798600	564.08
03/03/2008	599.5	607.5	597	601	11530300	555.3
04/03/2008	603	618.5	592.5	602.5	13989100	556.69
05/03/2008	615.5	643.5	612.5	643.5	18765900	594.57
06/03/2008	644	648.5	618.5	621.5	13399000	574.24
07/03/2008	617	633.5	601.5	626	16852800	578.4
10/03/2008	627	639.5	617	622.5	13530700	575.17
11/03/2008	625	651.5	622	639.5	19842400	590.87
12/03/2008	648	668.5	641.5	659	18409900	608.89
13/03/2008	648	655.5	626	654	17858100	604.27
14/03/2008	660	674	611.5	622	29571800	574.71
17/03/2008	604	611	588	588	24594400	543.29
18/03/2008	600	625	595.5	625	20786400	577.48
19/03/2008	631	636.5	613	634	16935500	585.79
20/03/2008	625.5	642	619	635	19477000	586.72
21/03/2008	635	635	635	635	0	586.72
24/03/2008	635	635	635	635	0	586.72
25/03/2008	657.5	672	654	661.5	15198600	611.2
26/03/2008	659.5	664	651.5	653	11386100	603.35
27/03/2008	654	668	645.5	662	10947900	611.66
28/03/2008	667	676	660	672.5	16015900	621.37
31/03/2008	660	670	650.5	665.5	10579000	614.9
01/04/2008	661	692.5	661	687.5	14908600	635.22
02/04/2008	696.5	706.5	681	703	12357100	649.55
03/04/2008	706	708	677	680	8845400	628.3
04/04/2008	685	693	676.5	683	8950600	631.07
07/04/2008	685	703	685	697	15927500	644
08/04/2008	695	698	687.5	692	6679400	639.38
09/04/2008	681.5	690.5	675.5	683	22285500	642.49
10/04/2008	683	686.5	661.5	673	15072700	633.08
11/04/2008	677.5	681.5	656	663	9186200	623.67
14/04/2008	658	661	646	646	9096900	607.68
15/04/2008	650.5	662.5	643.5	656	14321100	617.09
16/04/2008	662.5	682.5	658	682.5	13566000	642.02
17/04/2008	687.5	689.5	665	674.5	11271200	634.49
18/04/2008	679.5	707	678	702	19744000	660.36
21/04/2008	705	707.5	688	693	12313800	651.89
22/04/2008	691	696	674	677.5	12572400	637.31
23/04/2008	681.5	697	678.5	696.5	15967400	655.19
24/04/2008	693	699.5	683.5	699.5	15319100	658.01
25/04/2008	699.5	712	696.5	699.5	10007700	658.01
28/04/2008	702.5	713	701	708	7082300	666
29/04/2008	703.5	707.5	681.5	685.5	11343000	644.84
30/04/2008	687	699	673.5	690	11553700	649.07
01/05/2008	694.5	698	683.5	697	6263400	655.66
02/05/2008	706.5	736	702.5	726	14747400	682.94
06/05/2008	721.5	729.5	708.5	713.5	13190000	671.18
07/05/2008	711.5	724	700	709.5	14273800	667.41
08/05/2008	709.5	711	699.5	709.5	8484100	667.41
09/05/2008	701	704.5	692	702.5	9123300	660.83
12/05/2008	704.5	714	698	702	5194900	660.36
13/05/2008	709	716	697	704.5	13079400	662.71
14/05/2008	709	710	693	696.5	11273300	655.19
15/05/2008	699	699	687	693.5	5368600	652.36
16/05/2008	700.5	707	694	697.5	8027300	656.13
19/05/2008	699.5	705.5	688.5	703	7373600	661.3
20/05/2008	696.5	700	676.5	676.5	8472200	636.37
21/05/2008	677	679	653.5	660	11859700	620.85
22/05/2008	655	661	648.5	655.5	10837200	616.62
23/05/2008	658	663	648.5	648.5	7675000	610.03
27/05/2008	650	657.5	637	644	9786000	605.8
28/05/2008	646.5	669.5	646.5	657.5	10979700	618.5
29/05/2008	662	673	656.5	663	9260000	623.67
30/05/2008	668	681.5	664.5	665	9092200	625.55
02/06/2008	663	663	649	655	6842500	616.15
03/06/2008	656.5	673.5	656	670.5	7855600	630.73
04/06/2008	667	670	659.5	661.5	9151300	622.26
05/06/2008	664.5	666.5	654	660	8871900	620.85
06/06/2008	665.5	668	643.5	644	7304800	605.8
10/06/2008	630.5	641.5	621.5	637.5	9281700	599.69
11/06/2008	641.5	646.5	589	609	23849000	572.88
12/06/2008	608	641.5	607.5	638.5	15975900	600.63
13/06/2008	636.5	636.5	618	628.5	11055200	591.22
16/06/2008	636	640	617	622	7689700	585.11
17/06/2008	627	637.5	622.5	623.5	9460800	586.52
18/06/2008	617.5	621.5	605.5	607	14514400	570.99
19/06/2008	603	617.5	600.5	605	15376800	569.11
20/06/2008	605	612	589.5	592	19169600	556.88
23/06/2008	594	598.5	585.5	589.5	15483500	554.53
24/06/2008	587	595	564.5	575	19079000	540.89
25/06/2008	580	587	558.5	587	15875500	552.18
26/06/2008	582.5	585	551	551	17028900	518.32
27/06/2008	545	553.5	537.5	543	20625900	510.79
30/06/2008	544.5	545.5	526.5	533	14839300	501.38
01/07/2008	528	530.5	503	520	24795400	489.16
02/07/2008	518.5	540.5	510.5	516	22039400	485.39
03/07/2008	509.5	537	504.5	530	21536200	498.56
04/07/2008	533	533	506	508.5	10287200	478.34
07/07/2008	521	524.5	514.5	523	15043200	491.98
08/07/2008	507.5	520.5	503.5	518.5	13560300	487.74
09/07/2008	523.5	549.5	523.5	546	21030600	513.61
10/07/2008	533.5	539.5	516	517.5	17014200	486.8
11/07/2008	518	529	490.5	490.5	20478800	461.41
14/07/2008	496	514	496	502	13942800	472.22
15/07/2008	493	498.75	477.25	480.5	24848700	452
16/07/2008	485.5	500	467.25	498	23544500	468.46
17/07/2008	513.5	532	509.5	513.5	25917000	483.04
18/07/2008	508.5	540	506.5	538	17059300	506.09
21/07/2008	537.5	552	526	548	15094600	515.49
22/07/2008	539	542.5	521	540	18485300	507.97
23/07/2008	554.5	575	549.5	571	18692500	537.13
24/07/2008	577	579.5	533.5	535.5	20732200	503.74
25/07/2008	521	530	501.5	515.5	23136700	484.92
28/07/2008	511.5	526.5	507	516	12192700	485.39
29/07/2008	501.5	516.5	492	511.5	11683100	481.16
30/07/2008	521	544.5	515	537	14335500	505.15
31/07/2008	535	552.5	512	546	20701700	513.61
01/08/2008	547.5	564	542	552	13068800	519.26
04/08/2008	559.5	562.5	542	547	7829700	514.55
05/08/2008	545	589	545	588	16481000	553.12
06/08/2008	599.5	599.5	571.5	582	10904000	547.48
07/08/2008	579	589	566	576	20337300	541.83
08/08/2008	570	589	567	587.5	7059700	552.65
11/08/2008	581.5	594.5	581.5	588.5	9383900	553.59
12/08/2008	584	596.5	580.5	586.5	8746300	551.71
13/08/2008	581.5	581.5	548.5	549	14650400	521.76
14/08/2008	554	561	542	554	8448400	526.52
15/08/2008	559	564.5	551	559	8939200	531.27
18/08/2008	556.5	560.5	544	550	5548700	522.71
19/08/2008	552	552	511	512.5	12791900	487.07
20/08/2008	516	523.5	508.5	521	8055400	495.15
21/08/2008	516	518.5	500.5	506.5	6057500	481.37
22/08/2008	511	538	507.5	537	8687800	510.36
26/08/2008	530.5	544	522	539.5	10167900	512.74
27/08/2008	545	545	525	539	5678900	512.26
28/08/2008	536	557	532.5	554.5	11565800	526.99
29/08/2008	554	557	542	548	9722800	520.81
01/09/2008	545	555	536	550.5	4492100	523.19
02/09/2008	554	580.5	554	578	16522100	549.33
03/09/2008	575.5	575.5	555.5	555.5	12190800	527.94
04/09/2008	560.5	562	526.5	526.5	8203400	500.38
05/09/2008	520	530	514	517.5	17940800	491.83
08/09/2008	540.5	567	540.5	560	10129600	532.22
09/09/2008	560	587.5	555	576.5	24473700	547.9
10/09/2008	571	580	559.5	572.5	14644700	544.1
11/09/2008	568.5	570.5	545	553.5	13451900	526.04
12/09/2008	563	568	537.5	551	11755500	523.66
15/09/2008	511	520.5	477.25	500	29176800	475.19
16/09/2008	486	506.5	466.25	486.75	24631100	462.6
17/09/2008	494	511	472.25	486.75	24102300	462.6
18/09/2008	486.5	513.5	476	486	21331600	461.89
19/09/2008	600	610.5	549	600	22854300	570.23
22/09/2008	615	617	557	557	10063600	529.37
23/09/2008	565	573.5	514.5	520.5	15111100	494.68
24/09/2008	533	542.5	524	532	12369200	505.61
25/09/2008	542	581.5	530.5	577	17897400	548.38
26/09/2008	566	568.5	532.5	542.5	14369000	515.59
29/09/2008	531.5	536	490	493.25	13236700	468.78
30/09/2008	490	524	472.75	507.5	13206800	482.32
01/10/2008	510	531	509	526.5	10430100	500.38
02/10/2008	525	545	491	500	9241500	475.19
03/10/2008	490	504.5	475	498	13146600	473.29
06/10/2008	460	470	414.75	429	9995900	407.72
07/10/2008	444.75	466.75	411	449.5	11447900	427.2
08/10/2008	425	477.25	391.5	424.75	11295500	403.68
09/10/2008	456	467	416.25	422.5	12124800	401.54
10/10/2008	385	415.5	350	378.25	13092700	359.49
13/10/2008	410	427	391.5	419	17618500	398.21
14/10/2008	425.5	448.5	412.5	428.75	16770800	407.48
15/10/2008	435	435	366.5	370	18236400	351.64
16/10/2008	360	360.75	290.75	297.75	12937100	282.98
17/10/2008	312	322	266.25	270	22719200	256.61
20/10/2008	287	338	285.25	330.25	22824200	313.87
21/10/2008	342	350	311.5	348.5	15923800	331.21
22/10/2008	330	342.5	322.75	333	29552300	316.48
23/10/2008	340	340	313.25	330	16542600	313.63
24/10/2008	317.5	317.5	286	286.5	18796400	272.29
27/10/2008	289.75	294.5	269	276.5	13903300	262.78
28/10/2008	312.75	312.75	235	248.25	17611200	235.93
29/10/2008	270	295.25	260.5	295.25	14912800	280.6
30/10/2008	304	342	300.25	307.5	16267200	292.24
31/10/2008	308	318.75	280	315	15302100	299.37
03/11/2008	329	338	319	338	7885000	321.23
04/11/2008	325	393	325	393	13260000	373.5
05/11/2008	392.5	418	380.75	401.5	25846800	381.58
06/11/2008	380	400	349.5	350.25	13078100	332.87
07/11/2008	365	365.25	335.25	343	9099200	325.98
10/11/2008	364.75	367.5	335.5	336.25	8297000	319.57
11/11/2008	328.75	342	308	315.75	10799000	300.09
12/11/2008	328	328	274.5	276	13495700	262.31
13/11/2008	270.75	273.25	257.5	269.5	13837200	256.13
14/11/2008	280	310	275.5	290	20170200	275.61
17/11/2008	286	305	281	291.5	9160400	277.04
18/11/2008	297	307.75	282	306.5	7534700	291.29
19/11/2008	306	317.5	283	294	11878300	279.41
20/11/2008	279.5	279.75	240	246	17176000	233.8
21/11/2008	246	262.25	233.25	245	13419700	232.85
24/11/2008	251.25	295	250.5	295	12881500	280.37
25/11/2008	285	301.75	267.5	288	23348300	273.71
26/11/2008	279.5	305	276	296	13511300	281.32
27/11/2008	297	325.5	295.25	322	6378100	306.03
28/11/2008	322	337.25	306	337.25	6907200	320.52
01/12/2008	342.5	342.5	307	307	7371700	291.77
02/12/2008	297.75	322.25	290.25	313.5	10215300	297.95
03/12/2008	320	334	292	305.5	8456600	290.34
04/12/2008	318.75	327.75	307.5	310	7551200	294.62
05/12/2008	301	318.5	282.5	291	11441500	276.56
08/12/2008	317.75	358.5	317.75	358.5	14554700	340.71
09/12/2008	350	394.75	341.25	377.75	14232100	359.01
10/12/2008	379	388.75	357	380.25	10217600	361.39
11/12/2008	380	380	357	365	5924500	346.89
12/12/2008	345.25	363	323.75	345.5	8779200	328.36
15/12/2008	347.75	364	342.75	347	8405800	329.79
16/12/2008	361	361	338.25	350	9410700	332.64
17/12/2008	364.25	382	350	370	10118300	351.64
18/12/2008	375	382.5	358	376.75	8341200	358.06
19/12/2008	375	396.75	362	377	10271600	358.3
22/12/2008	366.25	380.25	360.5	371.25	4931800	352.83
23/12/2008	366	396	366	390	4800300	370.65
24/12/2008	399	399	379	380.25	964800	361.39
29/12/2008	389.25	398.75	370	398.75	2453600	378.97
30/12/2008	401.75	404.75	382.75	399.75	3665100	379.92
31/12/2008	415	416.5	396	416.5	2288300	395.84
02/01/2009	410.5	428.5	406.25	420	1620200	399.16
05/01/2009	434	434	402.5	412.75	3006100	392.27
06/01/2009	413.75	431	405	429	7977200	407.72
07/01/2009	429	429.25	411.5	419.75	8695200	398.93
08/01/2009	414.25	414.25	379.5	388.25	7351400	368.99
09/01/2009	388	402	378.5	382.5	6436100	363.52
12/01/2009	377	396.5	375.5	392	5466800	372.55
13/01/2009	389.75	390	363.25	371	8992700	352.59
14/01/2009	382.5	382.5	325	334	9593600	317.43
15/01/2009	330.25	347.75	323.5	347.75	8477500	330.5
16/01/2009	363.25	365	335.75	335.75	15229800	319.09
19/01/2009	349	351.5	302.75	316.5	12361600	300.8
20/01/2009	310.25	324.5	287.25	293.5	20637600	278.94
21/01/2009	288.5	316.25	278.5	311	21864300	295.57
22/01/2009	315.5	330.25	299.25	306.5	12941400	291.29
23/01/2009	302	304.75	265.25	288.5	25404000	274.19
26/01/2009	284.75	328	283	318.25	15337700	302.46
27/01/2009	313	325	302.5	312.5	10128900	297
28/01/2009	317	356.75	317	355.25	11246400	337.63
29/01/2009	350	351.75	337.5	346.25	16594500	329.07
30/01/2009	350.25	354.75	331	333.5	13079500	316.96
02/02/2009	329	330	308.25	316.25	8402800	300.56
03/02/2009	321	336.25	308	334	8989500	317.43
04/02/2009	335	368.25	335	359.5	13329500	341.67
05/02/2009	343.5	363	336.25	352	16667900	334.54
06/02/2009	352.75	369.5	351	354	14773000	336.44
09/02/2009	343.5	377.75	342.25	374.25	14887700	355.68
10/02/2009	372	373.5	356.5	356.5	9178000	338.81
11/02/2009	355	358	340.5	348.5	11772300	331.21
12/02/2009	338	347	321.5	328	12457200	311.73
13/02/2009	336.75	340	308.75	320.75	14341700	304.84
16/02/2009	310	322.75	291.75	295	8659600	280.37
17/02/2009	302	302	274.75	279.5	15711200	265.63
18/02/2009	288.25	289.25	254	261	17962400	248.05
19/02/2009	266.5	269.25	255	256.5	16497200	243.78
20/02/2009	265	289	263	285	39691300	270.86
23/02/2009	295	305	285.5	288.75	14016100	274.43
24/02/2009	285.25	287	266.25	266.75	23471500	253.52
25/02/2009	277.5	284.75	261.25	267.75	13506300	254.47
26/02/2009	271.25	307.75	271.25	305	20327300	289.87
27/02/2009	293	298.5	274.75	280.5	23208700	266.58
02/03/2009	270	273.5	256.5	264.5	13005900	251.38
03/03/2009	264	269	243	245.75	19142500	233.56
04/03/2009	253.75	278	252.25	276.25	19060600	262.55
05/03/2009	270.75	280	207.25	221	42469400	210.04
06/03/2009	225	227.5	195.4	209.25	23292900	198.87
09/03/2009	208.25	214.5	198.4	207	17614200	196.73
10/03/2009	205	251.25	200	250.5	19245400	238.07
11/03/2009	253.75	280	245	259.25	29561800	246.39
12/03/2009	258	260.75	234	257.75	15028600	244.96
13/03/2009	267	275.75	255.75	260.75	10614200	247.81
16/03/2009	261.5	289.5	261.5	279.5	12470600	265.63
17/03/2009	273.75	275.75	257	264.5	13834400	251.38
18/03/2009	269.75	274.5	243.25	251.75	17776500	239.26
19/03/2009	267	322.5	265	285.5	55307200	271.34
20/03/2009	277	333	275.25	332.75	37788900	316.24
23/03/2009	341.25	353.75	335	348.25	21870000	330.97
24/03/2009	355.25	365.5	326.5	353.5	24019000	335.96
25/03/2009	342	359.25	339.75	349.5	22999400	332.16
26/03/2009	353.25	355.5	341.25	347	14862600	329.79
27/03/2009	343	347	322	327	14742700	310.78
30/03/2009	320.75	322.75	302	307	12323600	291.77
31/03/2009	311.25	340.25	308	337	14303800	320.28
01/04/2009	334.5	348	322	342.25	12994600	325.27
02/04/2009	357	376.25	351	369	16098900	350.69
03/04/2009	376.5	387	361.5	370.25	13568100	351.88
06/04/2009	380.75	387.25	351.5	363.5	10492100	345.47
07/04/2009	365.5	368	341.25	344.25	24008800	327.17
08/04/2009	334.25	343.5	323.75	336.75	10738000	332.51
09/04/2009	347	353	331	339.5	12247400	335.23
14/04/2009	347	367	340	357.5	15663900	353
15/04/2009	350.5	362.75	345.75	362.75	13562700	358.19
16/04/2009	367.75	394.5	366.25	394	16488600	389.04
17/04/2009	395	412.75	387.25	404	30561100	398.92
20/04/2009	398	402.25	367.5	380.5	3122300	375.71
21/04/2009	369.25	373	343.75	363.25	4741100	358.68
22/04/2009	365	369	337.75	357.75	3574700	353.25
23/04/2009	350.25	360.5	342.75	347	3247600	342.63
24/04/2009	350.25	376.25	346	370.75	3903100	366.09
27/04/2009	370	373	358	369.25	1493900	364.6
28/04/2009	365	365	355.25	361.5	1411300	356.95
29/04/2009	363.5	379	360	373.25	1911000	368.55
30/04/2009	376	399.5	375	393.25	5403300	388.3
01/05/2009	387.25	396	384.75	396	2204700	391.02
05/05/2009	414	443.25	412.5	436.25	5894600	430.76
06/05/2009	430	445.5	421	426	1952600	420.64
07/05/2009	432.5	453.25	426	441.75	4790900	436.19
08/05/2009	447.75	466.25	431.25	464.75	2571000	458.9
11/05/2009	462.25	463.75	442	452.5	2887700	446.81
12/05/2009	447	459.75	443	447.75	1086400	442.12
13/05/2009	450	460.5	405.5	409.5	2463900	404.35
14/05/2009	407	438.75	396	436.5	4489300	431.01
15/05/2009	440.25	451.75	431.5	437	1371800	431.5
18/05/2009	428.5	456.5	425.25	453.25	1650900	447.55
19/05/2009	456	483.25	452.5	475	3221100	469.02
20/05/2009	466	478	452.75	455.5	2366800	449.77
21/05/2009	448	452	429.75	436.5	4193800	431.01
22/05/2009	435.5	447.75	430.5	443.25	2825200	437.67
26/05/2009	444.25	445	418.5	438	1900100	432.49
27/05/2009	444.25	448.5	428.25	438.25	3149000	432.74
28/05/2009	429	429.75	415.5	424	1849400	418.67
29/05/2009	431	434.75	422.5	424.75	2572700	419.41
01/06/2009	433.5	452.25	429.25	449	1326300	443.35
02/06/2009	438.25	463.75	438.25	460.25	6645600	454.46
03/06/2009	462.75	462.75	443.5	448	2089200	442.36
04/06/2009	451	455	432	443	2215600	437.43
05/06/2009	446	463	445.5	453.5	1719500	447.79
08/06/2009	448.25	454.25	440.25	446	2399900	440.39
09/06/2009	440	449.5	438.5	438.5	2415400	432.98
10/06/2009	444	451.75	438.5	439.5	944400	433.97
11/06/2009	436.75	450.75	432.5	447	2173100	441.38
12/06/2009	440.25	442.25	433.5	439	2259200	433.48
15/06/2009	432.75	436.5	417	420.5	1560600	415.21
16/06/2009	422.5	422.5	409.25	412.75	2633200	407.56
17/06/2009	412.75	419.5	398.5	402.75	1215900	397.68
18/06/2009	406.25	411	396	405.25	2106400	400.15
19/06/2009	405	425.75	404.5	423	11174800	417.68
22/06/2009	421	421.75	405.25	408.59	2974200	403.45
23/06/2009	404	408.5	398	404	2398200	398.92
24/06/2009	406	420	399.25	416.75	4085000	411.51
25/06/2009	414.5	416.5	399	406.25	3084600	401.14
26/06/2009	408.75	414.25	393.75	399.25	3224500	394.23
29/06/2009	396.75	424	396.75	422.75	2252800	417.43
30/06/2009	426.25	427	408.5	413.5	3562300	408.3
01/07/2009	415	422.25	410	413.5	2427800	408.3
02/07/2009	411	412	397	400.75	1831700	395.71
03/07/2009	400.5	405.75	397	403.09	1071700	398.02
06/07/2009	397.25	401.5	390.5	397.25	1240600	392.25
07/07/2009	402.75	402.75	393.25	395	3464700	390.03
08/07/2009	392	395.25	368.75	370	9058300	365.35
09/07/2009	377	377	359.25	363.11	4094700	358.54
10/07/2009	361.5	364.75	351.5	353	2267200	348.56
13/07/2009	353.25	361.5	350.25	361.25	6321000	356.71
14/07/2009	369.5	372.5	361.25	367.75	5782300	363.12
15/07/2009	372	390	370.75	386.75	9205500	381.88
16/07/2009	386.75	393.25	383.5	386.25	4407400	381.39
17/07/2009	390	396.75	386.75	387.84	2538600	382.96
20/07/2009	393.75	414.5	386.5	409.5	1965500	404.35
21/07/2009	408.25	426.25	408.25	418	3404900	412.74
22/07/2009	418	420.75	410.75	418.25	1477000	412.99
23/07/2009	419.75	430.25	413.25	428.5	1330900	423.11
24/07/2009	425	446.75	418.25	424.75	2136000	419.41
27/07/2009	430	433	422.25	428	841500	422.62
28/07/2009	427	436	425	428.5	1868500	423.11
29/07/2009	428	441	426	434.75	1304200	429.28
30/07/2009	440	449	434.25	443.5	2095400	437.92
31/07/2009	438	451	438	448.25	4427800	442.61
03/08/2009	446	454.7	441.7	450.4	2418400	444.73
04/08/2009	447.5	451.3	432.8	443.7	2910000	438.12
05/08/2009	445.3	468.5	444	461.58	2844800	455.77
06/08/2009	475.4	486.8	468.7	476.07	2273700	470.08
07/08/2009	472.7	476.4	456.7	472.5	6712900	466.56
10/08/2009	475	490.7	468	489.65	1874600	483.49
11/08/2009	485.4	495	464.1	466.7	1226100	460.83
12/08/2009	464.6	480.2	455	478.3	1697300	472.28
13/08/2009	480	545	480	529.5	7223100	522.84
14/08/2009	531	533	508	516	3019800	509.51
17/08/2009	508	510.5	490.4	499.3	2461500	493.02
18/08/2009	498	508	493.6	500	2806800	493.71
19/08/2009	492.9	504	489.6	499.4	4039900	499.4
20/08/2009	506.5	524	504	522	3253900	522
21/08/2009	519	540.5	516	532.5	2570700	532.5
24/08/2009	539.5	548	533	536	5079900	536
25/08/2009	528	547.5	527	541.5	8817900	541.5
26/08/2009	535.5	551	528	531.5	6483400	531.5
27/08/2009	530.5	539.5	517	525	6055200	525
28/08/2009	528.5	538	524	537	13185600	537
01/09/2009	534	540	519	525.5	6305800	525.5
02/09/2009	522	523	505	514.5	11727200	514.5
03/09/2009	512.5	528.5	509	524	6387100	524
04/09/2009	529	549.5	525.5	544.5	16613900	544.5
07/09/2009	552	556.5	545.5	553	7770200	553
08/09/2009	554.5	554.5	543.5	544.5	7717300	544.5
09/09/2009	541	560.5	539	557	6122800	557
10/09/2009	559	565.5	548.5	560	9575400	560
11/09/2009	569.5	579	557.5	562	7126300	562
14/09/2009	552.5	564	548.5	559.5	5302000	559.5
15/09/2009	559.5	561.5	549	555	5029300	555
16/09/2009	560.5	577	556.5	569.5	5385000	569.5
17/09/2009	574	576	563.5	572	6822100	572
18/09/2009	570.5	578	565.5	575	9421800	575
21/09/2009	574	575	560	567	3734900	567
22/09/2009	570	574	560	564.5	3824000	564.5
23/09/2009	571	590	568	587	21662000	587
24/09/2009	584	590.5	577	579.5	11148100	579.5
25/09/2009	580	587.5	577	581.5	10406100	581.5
28/09/2009	584	586.5	563	586	9685800	586
29/09/2009	589	601	584	598.5	7139100	598.5
30/09/2009	600	615	593.5	601.5	10571100	601.5
01/10/2009	600	605.5	586.5	578	9637100	578
02/10/2009	582.5	589.5	563.5	572	13328800	572
05/10/2009	575	590	567.5	589	6943300	589
06/10/2009	595	613.5	589.5	609	7772700	609
07/10/2009	608.5	622.5	603	618	8890400	618
08/10/2009	628.5	637.5	624	630.5	9554100	630.5
09/10/2009	632.5	638	624.5	633	5379100	633
12/10/2009	637.5	647.5	633	642.5	3516000	642.5
13/10/2009	640.5	642.5	625.5	625.5	5746100	625.5
14/10/2009	635	640	628	632	8841500	632
15/10/2009	638	649.5	632.5	639	8055200	639
16/10/2009	639.5	646	618	624.5	10655400	624.5
19/10/2009	623.5	629.5	616	627.5	7582300	627.5
20/10/2009	631	639	621.5	629.5	5001000	629.5
21/10/2009	629.5	637.5	606	623	7284300	623
22/10/2009	612	612	595	602.5	7562300	602.5
23/10/2009	611	640	611	633.5	9793800	633.5
26/10/2009	632	633.5	606	616.5	6710700	616.5
27/10/2009	611	622.5	593.5	610.5	9316800	610.5
28/10/2009	613	620	550.5	550.5	27446700	550.5
29/10/2009	555.5	581	545	577.5	13183000	577.5
30/10/2009	585	586.5	551.5	556.5	8970700	556.5
02/11/2009	551.5	570	543	566.5	8041700	566.5
03/11/2009	558	560	540.5	551.5	10548000	551.5
04/11/2009	559	579	553.5	573.5	10017000	573.5
05/11/2009	567	579	556.5	573	9158500	573
06/11/2009	575	584	571	578	4782600	578
09/11/2009	595	612	595	608	7856700	608
10/11/2009	610	615	593.5	594	4550500	594
11/11/2009	596.5	616.5	596.5	605.5	6550800	605.5
12/11/2009	602	607	594	596.5	6232700	596.5
13/11/2009	602	610.5	594.5	609	5904000	609
16/11/2009	614	622.5	613.5	621.5	4141000	621.5
17/11/2009	620	626.5	617.5	622	5764300	622
18/11/2009	620.5	632	616.5	616.5	6308200	616.5
19/11/2009	616.5	618	606	609	6721100	609
20/11/2009	612.5	621	606.5	614	8815500	614
23/11/2009	619	639	618.5	636	5839300	636
24/11/2009	630	656.5	628.5	644.5	9469400	644.5
25/11/2009	647	659	645	650.5	9074600	650.5
26/11/2009	654	655	619	620.5	10198200	620.5
27/11/2009	609	643.5	604	639	9235700	639
30/11/2009	642	642	624	625.5	6502400	625.5
01/12/2009	635	641.5	630	637	6772900	637
02/12/2009	639.5	645.5	622	643.5	8323000	643.5
03/12/2009	650.5	665	646	650	7780700	650
04/12/2009	645	649.5	626	642.5	7400800	642.5
07/12/2009	638.5	645	633.5	639.5	4916900	639.5
08/12/2009	641	641	614	620	7729400	620
09/12/2009	615	621	602.5	607.5	13758300	607.5
11/12/2009	610.5	619	599	603	12101800	603
14/12/2009	617.5	623.5	609	612	6232000	612
15/12/2009	612.5	615	605.5	609.5	4738100	609.5
16/12/2009	607	628	606	626.5	5519100	626.5
17/12/2009	622.5	627	610	611	9125200	611
18/12/2009	609	611	598	598	16779300	598
21/12/2009	603	625	599.5	625	5007100	625
22/12/2009	628	639.5	624	628	5182100	628
23/12/2009	633	640	626.5	633	3375000	633
24/12/2009	635.5	639.5	627.5	631	848800	631
29/12/2009	642.5	643	636	640	2055900	640
30/12/2009	640.5	644	627.5	630.5	1841000	630.5
31/12/2009	635.5	640	631	640	562800	640
