Date	Open	High	Low	Close	Volume	Adj Close
03/01/2006	1869	1919	1869	1917	14102777	1917
04/01/2006	1921	1936	1919	1921	9800233	1921
05/01/2006	1930	1940	1912	1913	6514272	1913
06/01/2006	1911	1940	1911	1935	9610009	1935
09/01/2006	1938	1958	1927	1933	8300355	1933
10/01/2006	1926	1934	1917	1928	8361461	1928
11/01/2006	1929	1942	1922	1937	5133719	1937
12/01/2006	1946	1951	1936	1945	6177858	1945
13/01/2006	1930	1937	1917	1929	6118532	1929
16/01/2006	1930	1956	1930	1952	4245008	1952
17/01/2006	1947	1959	1935	1943	9170843	1943
18/01/2006	1942	1951	1934	1941	8211766	1941
19/01/2006	1938	1940	1919	1920	7635790	1920
20/01/2006	1932	1951	1923	1923	6779756	1923
23/01/2006	1919	1935	1915	1930	5832502	1930
24/01/2006	1930	1942	1912	1913	5731171	1913
25/01/2006	1921	1930	1906	1926	6758169	1926
26/01/2006	1918	1933	1912	1928	7939515	1928
27/01/2006	1935	1973	1935	1960	9542952	1960
30/01/2006	1960	2016	1960	2002	13408984	2002
31/01/2006	2014	2046	2009	2016	11334273	2016
01/02/2006	2010	2020	1998	2005	7551849	2005
02/02/2006	1977	1985	1948	1956	13769923	1956
03/02/2006	1949	1953	1920	1933	21742600	1933
06/02/2006	1934	1948	1930	1939	12622363	1939
07/02/2006	1935	1942	1909	1913	18409128	1913
08/02/2006	1885	1893	1866	1875	13732548	1875
09/02/2006	1884	1899	1882	1890	10920703	1890
10/02/2006	1884	1893	1867	1875	14220537	1875
13/02/2006	1880	1885	1867	1880	5336600	1880
14/02/2006	1884	1887	1865	1868	9804294	1868
15/02/2006	1871	1891	1858	1870	15111278	1870
16/02/2006	1867	1872	1859	1867	11832977	1867
17/02/2006	1868	1890	1865	1873	9720415	1873
20/02/2006	1869	1894	1869	1888	4673497	1888
21/02/2006	1890	1895	1864	1868	10778688	1868
22/02/2006	1867	1872	1840	1845	10952378	1845
23/02/2006	1850	1854	1818	1822	10550571	1822
24/02/2006	1830	1839	1818	1827	9233358	1827
27/02/2006	1806	1844	1806	1827	7066581	1827
28/02/2006	1825	1826	1792	1795	10757076	1795
01/03/2006	1797	1841	1795	1839	8663907	1839
02/03/2006	1842	1856	1820	1827	18551077	1827
03/03/2006	1840	1857	1824	1840	11254719	1840
06/03/2006	1853	1855	1820	1825	9135722	1825
07/03/2006	1820	1829	1810	1819	9279577	1819
08/03/2006	1823	1842	1808	1833	14475640	1833
09/03/2006	1842	1846	1823	1834	7807500	1834
10/03/2006	1830	1851	1818	1849	7260035	1849
13/03/2006	1859	1862	1842	1855	7086774	1855
14/03/2006	1857	1867	1846	1850	9339861	1850
15/03/2006	1858	1867	1849	1853	9114453	1853
16/03/2006	1857	1860	1844	1850	6944946	1850
17/03/2006	1860	1869	1836	1836	13314417	1836
20/03/2006	1845	1845	1818	1822	9338981	1822
21/03/2006	1813	1813	1795	1809	8243519	1809
22/03/2006	1809	1822	1799	1817	5480056	1817
23/03/2006	1811	1817	1798	1806	10288190	1806
24/03/2006	1814	1849	1805	1840	6639636	1840
27/03/2006	1848	1853	1827	1835	7790332	1835
28/03/2006	1835	1859	1835	1844	13040764	1844
29/03/2006	1848	1874	1840	1863	12056105	1863
30/03/2006	1871	1895	1867	1885	9948987	1885
31/03/2006	1885	1897	1870	1872	13564226	1872
03/04/2006	1875	1902	1870	1894	13808888	1894
04/04/2006	1885	1899	1876	1886	12490751	1886
05/04/2006	1895	1912	1877	1912	19455152	1912
06/04/2006	1918	1942	1910	1918	13234654	1918
07/04/2006	1922	1955	1921	1928	17607494	1928
10/04/2006	1929	1972	1923	1970	15921364	1970
11/04/2006	1984	2007	1977	1985	21802803	1985
12/04/2006	1976	1990	1967	1970	13257639	1970
13/04/2006	1965	1976	1949	1970	5674106	1970
18/04/2006	1974	2019	1974	2003	15854437	2003
19/04/2006	2025	2030	1990	2004	11536888	2004
20/04/2006	2013	2014	1994	1999	13438149	1999
21/04/2006	1995	2046	1992	2043	25446454	2043
24/04/2006	2050	2071	2042	2042	20318686	2042
25/04/2006	2040	2057	2029	2030	8767099	2030
26/04/2006	2032	2053	2032	2038	9436942	2038
27/04/2006	2031	2031	1980	1993	13099128	1993
28/04/2006	1984	1986	1961	1961	15489223	1961
02/05/2006	1962	1991	1962	1988	16333824	1988
03/05/2006	1995	1996	1944	1948	13360558	1948
04/05/2006	1955	1974	1935	1951	21208397	1951
05/05/2006	1947	1957	1930	1954	10207633	1954
08/05/2006	1949	1966	1925	1929	10612969	1929
09/05/2006	1932	1948	1929	1942	12412017	1942
10/05/2006	1929	1941	1916	1918	7096289	1918
11/05/2006	1932	1948	1926	1930	10264468	1930
12/05/2006	1919	1924	1879	1879	10042856	1879
15/05/2006	1869	1878.54	1784.09	1858	7755582	1858
16/05/2006	1850	1878.4	1840.38	1850	14739313	1850
17/05/2006	1853	1865	1783	1783	12509286	1783
18/05/2006	1791	1811.46	1773.95	1798	12798554	1798
19/05/2006	1801	1817.72	1790.23	1795	12907616	1795
22/05/2006	1790	1800	1758.33	1769	18258838	1769
23/05/2006	1779	1840.23	1779	1837	13538475	1837
24/05/2006	1824	1830.42	1770.06	1799	9452387	1799
25/05/2006	1798	1851	1781	1844	14272640	1844
26/05/2006	1857	1870.4	1826.46	1869	13153672	1869
30/05/2006	1869	1872.74	1823	1823	11748127	1823
31/05/2006	1819	1844.23	1812.58	1834	11653289	1834
01/06/2006	1834	1850	1804	1840	12112503	1840
02/06/2006	1853	1853.46	1815.46	1824	6084816	1824
05/06/2006	1841	1868.13	1824.35	1845	6296572	1845
06/06/2006	1826	1840	1793	1807	14792681	1807
07/06/2006	1814	1832.08	1797.83	1810	6797260	1810
08/06/2006	1783	1810	1742.7	1745	22058208	1745
09/06/2006	1777	1807	1760	1789	13524427	1789
12/06/2006	1789	1797.5	1773	1782	20097865	1782
13/06/2006	1763	1773.53	1738.25	1767	22393727	1767
14/06/2006	1760	1770.77	1726.46	1735	22468134	1735
15/06/2006	1746	1790.65	1742.46	1777	13536308	1777
16/06/2006	1800	1806	1769.8	1775	13791234	1775
19/06/2006	1785	1796.62	1749.33	1772	4642502	1772
20/06/2006	1764	1784	1743.46	1781	8263708	1781
21/06/2006	1777	1787	1755	1782	5831271	1782
22/06/2006	1799	1811	1787	1795	7319215	1795
23/06/2006	1805	1829.62	1805	1821	8153244	1821
26/06/2006	1827	1830.15	1796.23	1801	9220112	1801
27/06/2006	1819	1848.95	1812	1815	9276452	1815
28/06/2006	1815	1855.1	1816	1841	7904057	1841
29/06/2006	1858	1886	1852	1886	9025882	1886
30/06/2006	1902	1912	1886	1891	9033559	1891
03/07/2006	1893	1924	1893	1922	3688002	1922
04/07/2006	1914	1916	1899	1909	2896932	1909
05/07/2006	1898	1911	1892	1904	2728957	1904
06/07/2006	1910	1932	1905	1914	4450472	1914
07/07/2006	1914	1936	1907	1932	4909244	1932
10/07/2006	1925	1933	1901	1932	6330328	1932
11/07/2006	1922	1939	1919	1934	6876508	1934
12/07/2006	1942	1943	1926	1930	7509971	1930
13/07/2006	1930	1932	1901	1906	5938691	1906
14/07/2006	1915	1925	1901	1903	4195508	1903
17/07/2006	1905	1913	1888	1905	6142047	1905
18/07/2006	1898	1899	1880	1890	5366174	1890
19/07/2006	1892	1900	1872	1892	10528891	1892
20/07/2006	1893	1900	1871	1882	10100030	1882
21/07/2006	1880	1885	1871	1876	7101513	1876
24/07/2006	1875	1914	1871	1906	4142081	1906
25/07/2006	1911	1924	1906	1914	4442725	1914
26/07/2006	1911	1947	1911	1940	9881111	1940
27/07/2006	1960	2005	1960	1981	16266609	1981
28/07/2006	1971	1998	1959	1993	4543601	1993
31/07/2006	1990	1996	1967	1971	8435840	1971
01/08/2006	1975	1985	1960	1962	5599196	1962
02/08/2006	1961	1972	1955	1972	7840664	1972
03/08/2006	1966	1995	1928	1931	6618433	1931
04/08/2006	1933	1942	1915	1935	6402937	1935
07/08/2006	1925	1944	1919	1935	5533201	1935
08/08/2006	1945	1952	1923	1925	20481190	1925
09/08/2006	1929	1959	1916	1950	9530049	1950
10/08/2006	1940	1942	1915	1931	6178612	1931
11/08/2006	1930	1944	1916	1922	5042173	1922
14/08/2006	1929	1940	1917	1926	4810127	1926
15/08/2006	1926	1941	1907	1939	4151736	1939
16/08/2006	1942	1945	1921	1937	4922130	1937
17/08/2006	1933	1933	1912	1917	7990786	1917
18/08/2006	1920	1957	1920	1948	12436567	1948
21/08/2006	1958	1973	1955	1967	9373846	1967
22/08/2006	1970	1973	1937	1947	9979406	1947
23/08/2006	1951	1963	1931	1934	8670206	1934
24/08/2006	1933	1952	1917	1935	8516736	1935
25/08/2006	1939	1948	1921	1933	4584795	1933
29/08/2006	1933	1944	1900	1904	8156701	1904
30/08/2006	1908	1912	1893	1898	11226201	1898
31/08/2006	1904	1910	1871	1880	9622688	1880
01/09/2006	1879	1892	1867	1877	5183742	1877
04/09/2006	1874	1894	1869	1894	4397392	1894
05/09/2006	1891	1899	1880	1896	12403993	1896
06/09/2006	1900	1903	1874	1876	9743199	1876
07/09/2006	1870	1873	1846	1847	11026793	1847
08/09/2006	1850	1862	1844	1852	5996235	1852
11/09/2006	1842	1844	1811	1823	10805213	1823
12/09/2006	1819	1824	1794	1815	11213783	1815
13/09/2006	1809	1821	1792	1803	11446592	1803
14/09/2006	1808	1824	1787	1789	12475680	1789
15/09/2006	1784	1794	1777	1783	12219952	1783
18/09/2006	1782	1801	1773	1793	5683975	1793
19/09/2006	1797	1808	1772	1772	9741999	1772
20/09/2006	1765	1785	1762	1776	6249454	1776
21/09/2006	1770	1786	1762	1786	5623872	1786
22/09/2006	1778	1792	1759	1759	9384493	1759
25/09/2006	1759	1765	1733	1740	11320815	1740
26/09/2006	1755	1764	1740	1755	8951623	1755
27/09/2006	1761	1798	1761	1789	8779749	1789
28/09/2006	1807	1822	1801	1813	6539389	1813
29/09/2006	1820	1826	1804	1813	7693411	1813
02/10/2006	1818	1825	1799	1803	5846855	1803
03/10/2006	1792	1796	1764	1781	12387508	1781
04/10/2006	1776	1784	1752	1760	17254346	1760
05/10/2006	1776	1785	1764	1774	15388637	1774
06/10/2006	1778	1780	1762	1767	5416765	1767
09/10/2006	1768	1792	1768	1781	4903225	1781
10/10/2006	1787	1804	1776	1802	11915587	1802
11/10/2006	1802	1804	1788	1799	6534254	1799
12/10/2006	1806	1808	1793	1805	6724221	1805
13/10/2006	1807	1827	1803	1820	8907464	1820
16/10/2006	1816	1845	1816	1836	8276452	1836
17/10/2006	1844	1861	1837	1837	6190986	1837
18/10/2006	1845	1851	1820	1825	16638791	1825
19/10/2006	1820	1834	1811	1820	6351630	1820
20/10/2006	1833	1842	1816	1817	9221269	1817
23/10/2006	1820	1820	1796	1810	10781069	1810
24/10/2006	1814	1831	1811	1827	8870531	1827
25/10/2006	1828	1849	1823	1842	13579465	1842
26/10/2006	1891	1918	1888	1888	18091736	1888
27/10/2006	1891	1903	1877	1890	6723085	1890
30/10/2006	1881	1888	1870	1886	10803652	1886
31/10/2006	1875	1895	1872	1878	10477123	1878
01/11/2006	1871	1875	1851	1853	10459077	1853
02/11/2006	1850	1854	1831	1846	7831871	1846
03/11/2006	1848	1879	1847	1860	17919339	1860
06/11/2006	1865	1888	1865	1884	7238021	1884
07/11/2006	1886	1898	1883	1898	6273356	1898
08/11/2006	1892	1913	1888	1905	9002951	1905
09/11/2006	1905	1923	1905	1920	7372156	1920
10/11/2006	1919	1935	1915	1933	6987308	1933
13/11/2006	1925	1935	1911	1914	7498890	1914
14/11/2006	1914	1931	1910	1921	7044405	1921
15/11/2006	1931	1938	1913	1930	6393878	1930
16/11/2006	1931	1934	1918	1927	5653419	1927
17/11/2006	1908	1917	1890	1895	8491651	1895
20/11/2006	1891	1891	1869	1881	10886797	1881
21/11/2006	1877	1897	1875	1881	9274190	1881
22/11/2006	1885	1897	1860	1866	13471905	1866
23/11/2006	1874	1874	1850	1856	5417035	1856
24/11/2006	1852	1862	1838	1854	9071040	1854
27/11/2006	1858	1865	1842	1842	7898739	1842
28/11/2006	1842	1851	1823	1835	11282231	1835
29/11/2006	1849	1849	1809	1827	15557801	1827
30/11/2006	1836	1846	1811	1817	16445734	1817
01/12/2006	1825	1825	1783	1795	12723531	1795
04/12/2006	1795	1808	1784	1789	8294826	1789
05/12/2006	1797	1837	1795	1825	13365903	1825
06/12/2006	1836	1836	1818	1832	10091781	1832
07/12/2006	1826	1836	1816	1835	7712179	1835
08/12/2006	1833	1845	1827	1844	8311545	1844
11/12/2006	1842	1846	1823	1824	5249027	1824
12/12/2006	1817	1819	1791	1803	18106266	1803
13/12/2006	1802	1817	1796	1813	9289468	1813
14/12/2006	1820	1835	1813	1821	10392687	1821
15/12/2006	1821	1842	1820	1837	12240842	1837
18/12/2006	1838	1843	1818	1820	7623693	1820
19/12/2006	1813	1826	1800	1815	8516570	1815
20/12/2006	1821	1829	1795	1795	13898422	1795
21/12/2006	1791	1802	1778	1796	7665494	1796
22/12/2006	1798	1800	1787	1797	3078110	1797
27/12/2006	1802	1813	1792	1812	5366895	1812
28/12/2006	1817	1817	1797	1802	3467186	1802
29/12/2006	1797	1799	1783	1790	5549449	1790
02/01/2007	1804	1822	1804	1819	4272413	1819
03/01/2007	1817	1823	1806	1818	8261115	1818
04/01/2007	1801	1805	1776	1781	14033795	1781
05/01/2007	1771	1772	1732	1732	23012664	1732
08/01/2007	1744	1747	1711	1713	7623276	1713
09/01/2007	1713	1713	1692	1694	15442576	1694
10/01/2007	1690	1712	1683	1695	10178081	1695
11/01/2007	1694	1722	1681	1714	10415491	1714
12/01/2007	1704	1728	1689	1712	7362852	1712
15/01/2007	1724	1742	1721	1728	17140926	1728
16/01/2007	1731	1736	1707	1715	9958623	1715
17/01/2007	1719	1719	1691	1711	6941710	1711
18/01/2007	1711	1732	1708	1710	7521113	1710
19/01/2007	1711	1719	1701	1717	10047151	1717
22/01/2007	1722	1734	1702	1707	23314283	1707
23/01/2007	1706	1719	1698	1718	6427100	1718
24/01/2007	1732	1745	1729	1739	10055665	1739
25/01/2007	1748	1754	1716	1718	6243060	1718
26/01/2007	1713	1735	1706	1719	8825240	1719
29/01/2007	1720	1729	1709	1715	6014488	1715
30/01/2007	1710	1723	1701	1716	6835116	1716
31/01/2007	1724	1729	1697	1706	14292410	1706
01/02/2007	1735	1758	1733	1739	22964464	1739
02/02/2007	1740	1743	1702	1707	17324053	1707
05/02/2007	1703	1730	1700	1724	8432721	1724
06/02/2007	1723	1725	1711	1715	10815502	1715
07/02/2007	1706	1713	1695	1706	10283610	1706
08/02/2007	1705	1705	1686	1699	6594725	1699
09/02/2007	1710	1718	1695	1703	11723062	1703
12/02/2007	1700	1700	1677	1683	8059293	1683
13/02/2007	1691	1701	1677	1701	6604711	1701
14/02/2007	1709	1709	1691	1695	17504766	1695
15/02/2007	1690	1701	1686	1700	15244845	1700
16/02/2007	1694	1706	1681	1685	7659543	1685
19/02/2007	1686	1692	1680	1687	3423387	1687
20/02/2007	1689	1689	1655	1664	10360351	1664
21/02/2007	1668	1669	1653	1659	15348060	1659
22/02/2007	1671	1686	1660	1674	11788007	1674
23/02/2007	1683	1703	1680	1702	10007463	1702
26/02/2007	1706	1719	1703	1707	8619569	1707
27/02/2007	1704	1712	1688	1695	12528821	1695
28/02/2007	1682	1701	1647	1647	11421261	1647
01/03/2007	1651	1672	1615	1635	12995388	1635
02/03/2007	1644	1651	1625	1632	10057747	1632
05/03/2007	1617	1633	1607	1619	11792480	1619
06/03/2007	1625	1642	1615	1640	12526233	1640
07/03/2007	1639	1659	1631	1650	4698671	1650
08/03/2007	1660	1677	1660	1675	18692923	1675
09/03/2007	1674	1682	1662	1677	9493928	1677
12/03/2007	1675	1678	1657	1667	8055825	1667
13/03/2007	1669	1670	1650	1657	10386105	1657
14/03/2007	1647	1656	1621	1621	13430534	1621
15/03/2007	1638	1640	1613	1640	10589956	1640
16/03/2007	1637	1638	1600	1618	13971870	1618
19/03/2007	1633	1633	1605	1626	8518822	1626
20/03/2007	1624	1624	1600	1617	9557497	1617
21/03/2007	1616	1634	1613	1620	14094011	1620
22/03/2007	1638	1650	1620	1642	20870294	1642
23/03/2007	1642	1678	1642	1670	21107107	1670
26/03/2007	1675	1700	1669	1677	19986420	1677
27/03/2007	1683	1696	1676	1680	21293556	1680
28/03/2007	1684	1713	1684	1694	12533989	1694
29/03/2007	1696	1713	1692	1706	10117913	1706
30/03/2007	1710	1720	1688	1691	14664431	1691
02/04/2007	1695	1698	1673	1680	7627218	1680
03/04/2007	1691	1691	1673	1678	6331924	1678
04/04/2007	1681	1686	1671	1675	7223100	1675
05/04/2007	1680	1693	1678	1691	5699171	1691
10/04/2007	1692	1695	1679	1685	6096199	1685
11/04/2007	1687	1703	1681	1693	8371081	1693
12/04/2007	1698	1703	1688	1698	5211291	1698
13/04/2007	1712	1739	1706	1737	11136381	1737
16/04/2007	1748	1750	1733	1745	8147176	1745
17/04/2007	1749	1760	1731	1757	13211031	1757
18/04/2007	1755	1766	1742	1750	8332989	1750
19/04/2007	1745	1758	1728	1755	13140290	1755
20/04/2007	1764	1769	1748	1765	12092894	1765
23/04/2007	1773	1793	1763	1789	14114085	1789
24/04/2007	1797	1806	1763	1769	14567811	1769
25/04/2007	1775	1790	1767	1783	10472754	1783
26/04/2007	1799	1799	1775	1790	7952660	1790
27/04/2007	1792	1792	1762	1767	10433200	1767
30/04/2007	1768	1791	1763	1775	6502925	1775
01/05/2007	1774	1777	1752	1771	5955451	1771
02/05/2007	1777	1809	1770	1807	15678349	1807
03/05/2007	1828	1854	1828	1836	19354074	1836
04/05/2007	1836	1868	1835	1857	9110498	1857
08/05/2007	1847	1847	1822	1828	1208504	1828
09/05/2007	1822	1830	1795	1799	6022669	1799
10/05/2007	1799	1812	1782	1788	8614836	1788
11/05/2007	1780	1799	1760	1790	14188422	1790
14/05/2007	1794	1808	1784	1807	8287481	1807
15/05/2007	1805	1818	1792	1796	24115992	1796
16/05/2007	1793	1814	1788	1793	10863487	1793
17/05/2007	1803	1868	1799	1859	20478853	1859
18/05/2007	1875	1917	1873	1906	19399853	1906
21/05/2007	1920	1958	1895	1943	24186955	1943
22/05/2007	1941	1945	1922	1924	17221939	1924
23/05/2007	1921	1930	1912	1919	8574768	1919
24/05/2007	1907	1930	1901	1912	11737868	1912
25/05/2007	1906	1919	1895	1899	6853319	1899
29/05/2007	1898	1904	1888	1895	3091847	1895
30/05/2007	1878	1887	1864	1885	4216176	1885
31/05/2007	1893	1917	1893	1908	6535867	1908
01/06/2007	1913	1936	1900	1936	9018617	1936
04/06/2007	1936	1950	1929	1947	6021247	1947
05/06/2007	1950	1966	1940	1957	9748135	1957
06/06/2007	1957	1965	1934	1951	16735908	1951
07/06/2007	1957	1977	1947	1972	14903339	1972
08/06/2007	1961	1995	1961	1993	25958540	1993
11/06/2007	1991	1995	1967	1977	7534961	1977
12/06/2007	1972	1979	1942	1944	9543180	1944
13/06/2007	1937	1961	1927	1950	8912268	1950
14/06/2007	1965	1991	1959	1991	10933174	1991
15/06/2007	1997	2042	1991	2040	16822560	2040
18/06/2007	2049	2049	2027	2033	5490138	2033
19/06/2007	2033	2051	2019	2019	9892675	2019
20/06/2007	2023	2049	2020	2036	25023802	2036
21/06/2007	2021	2057	2014	2047	13180136	2047
22/06/2007	2055	2055	2032	2032	7990344	2032
25/06/2007	2028	2044	2017	2044	6084223	2044
26/06/2007	2033	2046	2020	2020	10416723	2020
27/06/2007	2019	2024	2000	2008	7204280	2008
28/06/2007	2025	2063	2019	2060	9269444	2060
29/06/2007	2065	2089	2059	2083	13663391	2083
02/07/2007	2078	2120	2076	2109	19491712	2109
03/07/2007	2120	2138	2116	2131	13990402	2131
04/07/2007	2128	2133	2121	2130	6741275	2130
05/07/2007	2133	2146	2107	2115	8643203	2115
06/07/2007	2119	2169	2119	2167	9467376	2167
09/07/2007	2173	2173	2157	2163	5495014	2163
10/07/2007	2158	2169	2135	2136	13308817	2136
11/07/2007	2120	2122	2089	2107	10356989	2107
12/07/2007	2100	2143	2068	2139	17004595	2139
13/07/2007	2158	2158	2110	2117	10414995	2117
16/07/2007	2125	2125	2087	2090	8659760	2090
17/07/2007	2067	2105	2067	2100	14259977	2100
18/07/2007	2083	2093	2065	2070	6758093	2070
19/07/2007	2072	2091	2064	2083	10559945	2083
20/07/2007	2085	2099	2044	2048	6373668	2048
23/07/2007	2044	2078	2040	2065	9218814	2065
24/07/2007	2067	2069	2009	2009	12160231	2009
25/07/2007	1989	2026	1989	2014	12921358	2014
26/07/2007	2020	2063	1968	1972	18725846	1972
27/07/2007	1965	1986	1927	1937	10727441	1937
30/07/2007	1942	1956	1921	1935	11339008	1935
31/07/2007	1948	1966	1927	1960	14087369	1960
01/08/2007	1914	1950	1898	1935	8496488	1935
02/08/2007	1944	1944	1885	1900	11604291	1900
03/08/2007	1901	1901	1867	1875	8936481	1875
06/08/2007	1857	1892	1854	1864	10794575	1864
07/08/2007	1873	1907	1861	1905	7777984	1905
08/08/2007	1925	1941	1893	1928	8939199	1928
09/08/2007	1920	1925	1865	1877	13598274	1877
10/08/2007	1856	1873	1797	1802	18143371	1802
13/08/2007	1820	1865	1811	1855	9944292	1855
14/08/2007	1845	1872	1833	1835	8101008	1835
15/08/2007	1828	1854	1808	1847	6591460	1847
16/08/2007	1811	1820	1767	1767	8129394	1767
17/08/2007	1781	1842	1737	1839	12830124	1839
20/08/2007	1843	1868	1829	1838	7538954	1838
21/08/2007	1842	1856	1826	1847	6901277	1847
22/08/2007	1849	1874	1838	1870	5806990	1870
23/08/2007	1890	1893	1862	1865	7258638	1865
24/08/2007	1861	1903	1860	1894	8151740	1894
28/08/2007	1885	1887	1830	1840	8809012	1840
29/08/2007	1841	1863	1826	1858	5532034	1858
30/08/2007	1873	1905	1873	1900	4191675	1900
31/08/2007	1913	1940	1910	1934	7702211	1934
03/09/2007	1937	1947	1921	1929	6826574	1929
04/09/2007	1933	1987	1928	1985	6138861	1985
05/09/2007	1989	2007	1956	1964	6476100	1964
06/09/2007	1985	1996	1965	1996	5778751	1996
07/09/2007	1992	2014	1958	1963	10439504	1963
10/09/2007	1968	1989	1956	1961	6304906	1961
11/09/2007	1985	1993	1975	1993	4526761	1993
12/09/2007	1999	2022	1986	2014	6413421	2014
13/09/2007	2024	2049	2021	2044	7236241	2044
14/09/2007	2030	2047	2014	2034	6904195	2034
17/09/2007	2033	2034	2012	2014	7180682	2014
18/09/2007	2010	2047	2006	2038	11584248	2038
19/09/2007	2057	2112	2053	2092	14378646	2092
20/09/2007	2089	2102	2075	2090	10487781	2090
21/09/2007	2086	2111	2074	2082	14181662	2082
24/09/2007	2073	2094	2064	2075	4943667	2075
25/09/2007	2071	2076	2028	2033	17059379	2033
26/09/2007	2034	2059	2028	2033	9704485	2033
27/09/2007	2044	2047	2019	2031	8407179	2031
28/09/2007	2038	2044	2005	2012	5636605	2012
01/10/2007	1992	2028	1990	2026	10657264	2026
02/10/2007	2035	2041	1965	1968	13426697	1968
03/10/2007	1969	1975	1935	1954	10143778	1954
04/10/2007	1947	1975	1935	1936	14403326	1936
05/10/2007	1944	1954	1936	1949	7183317	1949
08/10/2007	1945	1958	1934	1938	7080662	1938
09/10/2007	1935	1978	1932	1977	7048414	1977
10/10/2007	1977	1987	1940	1976	10961481	1976
11/10/2007	1990	2030	1984	2025	11972225	2025
12/10/2007	2018	2048	2016	2041	14905773	2041
15/10/2007	2035	2090	2035	2055	12639203	2055
16/10/2007	2058	2089	2056	2081	9960752	2081
17/10/2007	2090	2090	2053	2073	12053270	2073
18/10/2007	2075	2080	2051	2069	6444121	2069
19/10/2007	2071	2095	2051	2051	6418509	2051
22/10/2007	2025	2043	2010	2021	6824181	2021
23/10/2007	2035	2042	2003	2018	7540831	2018
24/10/2007	2017	2056	2001	2046	7416810	2046
25/10/2007	2070	2082	2046	2059	8733859	2059
26/10/2007	2059	2128	2059	2121	11007842	2121
29/10/2007	2131	2144	2125	2134	7138771	2134
30/10/2007	2123	2145	2096	2102	12347073	2102
31/10/2007	2086	2095	2057	2095	11006525	2095
01/11/2007	2085	2110	2036	2048	8956670	2048
02/11/2007	2036	2055	2023	2034	7574071	2034
05/11/2007	2027	2048	2012	2017	5168175	2017
06/11/2007	2026	2029	2003	2009	5480153	2009
07/11/2007	2023	2040	2000	2026	7047421	2026
08/11/2007	2017	2021	1982	1998	11067200	1998
09/11/2007	1994	2003	1969	1982	9803101	1982
12/11/2007	1972	1976	1938	1960	7616595	1960
13/11/2007	1944	1948	1914	1918	6959183	1918
14/11/2007	1940	1949	1921	1943	8712210	1943
15/11/2007	1938	1950	1923	1933	6137316	1933
16/11/2007	1932	1949	1914	1923	7206983	1923
19/11/2007	1935	1958	1914	1915	7153543	1915
20/11/2007	1924	1971	1924	1968	8889248	1968
21/11/2007	1965	2020	1964	2003	10381548	2003
22/11/2007	1997	2011	1973	2011	7146635	2011
23/11/2007	2005	2005	1961	1981	6123891	1981
26/11/2007	1999	1999	1953	1953	5306382	1953
27/11/2007	1953	1964	1906	1930	5288625	1930
28/11/2007	1934	1953	1904	1943	5369779	1943
29/11/2007	1946	1962	1926	1938	4474230	1938
30/11/2007	1933	1964	1927	1952	5949900	1952
03/12/2007	1948	1955	1919	1922	4459278	1922
04/12/2007	1925	1948	1915	1937	4637794	1937
05/12/2007	1947	2007	1942	2004	7325135	2004
06/12/2007	2000	2009	1978	1997	6276746	1997
07/12/2007	2000	2016	1981	1996	6706533	1996
10/12/2007	1990	1996	1954	1969	4432110	1969
11/12/2007	1968	1983	1946	1977	4980849	1977
12/12/2007	1965	2003	1958	2003	6628557	2003
13/12/2007	2001	2016	1966	1966	6487174	1966
14/12/2007	1981	2001	1976	1996	4537275	1996
17/12/2007	1971	1991	1956	1962	6741511	1962
18/12/2007	1953	1984	1948	1957	6048720	1957
19/12/2007	1969	2015	1966	2004	6904979	2004
20/12/2007	2012	2051	2008	2051	8855987	2051
21/12/2007	2065	2078	2052	2072	9098587	2072
24/12/2007	2087	2091	2070	2080	817190	2080
27/12/2007	2073	2115	2073	2109	2452124	2109
28/12/2007	2098	2107	2081	2098	1731553	2098
31/12/2007	2101	2101	2084	2090	1037444	2090
02/01/2008	2078	2121	2078	2097	3048920	2097
03/01/2008	2112	2153	2098	2152	5886192	2152
04/01/2008	2155	2178	2120	2125	8472149	2125
07/01/2008	2117	2168	2117	2160	8146033	2160
08/01/2008	2164	2166	2112	2112	6171234	2112
09/01/2008	2102	2140	2087	2130	8409222	2130
10/01/2008	2122	2132	2084	2098	5613088	2098
11/01/2008	2100	2123	2043	2059	9687760	2059
14/01/2008	2057	2095	2057	2070	5483426	2070
15/01/2008	2056	2068	2002	2004	8124445	2004
16/01/2008	2005	2023	1938	1949	9216441	1949
17/01/2008	1937	1958	1905	1913	8568267	1913
18/01/2008	1899	1923	1883	1883	11960646	1883
21/01/2008	1846	1864	1763	1775	9122701	1775
22/01/2008	1720	1806	1693	1795	16202505	1795
23/01/2008	1827	1827	1687	1690	18222363	1690
24/01/2008	1740	1804	1720	1799	13325822	1799
25/01/2008	1820	1843	1794	1803	9806558	1803
28/01/2008	1777	1793	1740	1776	7671571	1776
29/01/2008	1780	1787	1743	1766	6742547	1766
30/01/2008	1760	1774	1738	1744	5417663	1744
31/01/2008	1727	1760	1693	1744	13908674	1744
01/02/2008	1747	1760	1718	1758	12434503	1758
04/02/2008	1778	1778	1757	1765	6104095	1765
05/02/2008	1769	1801	1712	1725	7533875	1725
06/02/2008	1710	1739	1699	1726	7753059	1726
07/02/2008	1709	1731	1679	1679	6031599	1679
08/02/2008	1687	1696	1660	1690	10264569	1690
11/02/2008	1683	1721	1682	1686	6548503	1686
12/02/2008	1697	1772	1696	1771	11526328	1771
13/02/2008	1758	1782	1747	1776	8521351	1776
14/02/2008	1788	1798	1761	1767	7850264	1767
15/02/2008	1774	1784	1723	1727	8162706	1727
18/02/2008	1742	1775	1736	1774	5276531	1774
19/02/2008	1775	1797	1748	1789	5778762	1789
20/02/2008	1765	1798	1755	1765	8051215	1765
21/02/2008	1785	1795	1775	1782	5957017	1782
22/02/2008	1770	1793	1752	1781	5772221	1781
25/02/2008	1797	1825	1790	1815	5009387	1815
26/02/2008	1815	1823	1788	1818	5885782	1818
27/02/2008	1821	1838	1793	1822	6158451	1822
28/02/2008	1826	1826	1796	1804	4204987	1804
29/02/2008	1805	1812	1771	1781	7169062	1781
03/03/2008	1755	1767	1733	1742	6183254	1742
04/03/2008	1739	1743	1686	1706	7174334	1706
05/03/2008	1715	1742	1683	1740	6220353	1740
06/03/2008	1752	1755	1695	1701	5107623	1701
07/03/2008	1685	1702	1657	1668	8460606	1668
10/03/2008	1667	1700	1662	1675	5445969	1675
11/03/2008	1685	1713	1676	1682	10554322	1682
12/03/2008	1700	1717	1688	1708	6450931	1708
13/03/2008	1691	1697	1675	1687	6343168	1687
14/03/2008	1690	1707	1671	1688	8378803	1688
17/03/2008	1680	1708	1646	1646	9369934	1646
18/03/2008	1661	1686	1657	1680	7520751	1680
19/03/2008	1680	1698	1657	1657	7996698	1657
20/03/2008	1641	1657	1598	1598	14945884	1598
25/03/2008	1640	1650	1623	1638	8874873	1638
26/03/2008	1631	1662	1625	1657	8286275	1657
27/03/2008	1652	1680	1643	1663	6604919	1663
28/03/2008	1673	1683	1655	1659	5640892	1659
31/03/2008	1650	1704	1640	1696	7559274	1696
01/04/2008	1683	1710	1670	1705	6531305	1705
02/04/2008	1711	1724	1687	1711	5839752	1711
03/04/2008	1723	1749	1718	1746	9306837	1746
04/04/2008	1741	1771	1741	1769	5546322	1769
07/04/2008	1780	1798	1758	1795	4775950	1795
08/04/2008	1793	1816	1791	1807	3686843	1807
09/04/2008	1811	1833	1799	1828	4555705	1828
10/04/2008	1838	1850	1798	1827	6899640	1827
11/04/2008	1831	1854	1807	1820	5358106	1820
14/04/2008	1803	1820	1800	1809	3835446	1809
15/04/2008	1831	1847	1821	1836	7721051	1836
16/04/2008	1842	1891	1833	1888	6840989	1888
17/04/2008	1884	1888	1857	1870	6032552	1870
18/04/2008	1877	1894	1845	1881	8130053	1881
21/04/2008	1877	1916	1877	1905	5553021	1905
22/04/2008	1894	1921	1882	1887	6844427	1887
23/04/2008	1891	1954	1891	1953	11874575	1953
24/04/2008	1934	1957	1897	1922	7893943	1922
25/04/2008	1922	1935	1905	1926	8735703	1926
28/04/2008	1933	1949	1920	1923	2782166	1923
29/04/2008	1976	2046	1976	2035	13040931	2035
30/04/2008	2037	2050	2006	2015	8226208	2015
01/05/2008	2014	2039	1991	2002	3545855	2002
02/05/2008	2012	2029	1988	2020	7435766	2020
06/05/2008	2020	2040	2007	2037	5670137	2037
07/05/2008	2043	2070	2043	2063	5924000	2063
08/05/2008	2055	2055	2025	2037	6665680	2037
09/05/2008	2042	2043	2014	2021	6573330	2021
12/05/2008	2021	2047	2020	2031	3944497	2031
13/05/2008	2040	2056	1998	2022	6821897	2022
14/05/2008	2008	2045	2002	2028	6618532	2028
15/05/2008	2023	2047	2015	2034	4240939	2034
16/05/2008	2040	2094	2036	2094	8322212	2094
19/05/2008	2094	2154	2083	2154	8761924	2154
20/05/2008	2150	2162	2112	2112	8054476	2112
21/05/2008	2125	2223	2125	2212	12625514	2212
22/05/2008	2202	2245	2157	2169	7708755	2169
23/05/2008	2160	2180	2128	2128	6673784	2128
27/05/2008	2143	2167	2112	2112	5842889	2112
28/05/2008	2112	2126	2084	2117	7924305	2117
29/05/2008	2127	2159	2120	2145	7619299	2145
30/05/2008	2128	2134	2094	2105	7847326	2105
02/06/2008	2103	2104	2070	2082	4592808	2082
03/06/2008	2071	2092	2067	2084	4544699	2084
04/06/2008	2071	2073	2023	2024	9694367	2024
05/06/2008	2010	2051	2009	2046	7402827	2046
06/06/2008	2073	2101	2047	2055	7201750	2055
09/06/2008	2054	2101	2052	2087	6498648	2087
10/06/2008	2082	2105	2048	2048	6265076	2048
11/06/2008	2047	2112	2037	2059	10549962	2059
12/06/2008	2055	2085	2025	2029	7710270	2029
13/06/2008	2035	2042	1989	2007	6255776	2007
16/06/2008	1980	2030	1980	2025	7318431	2025
17/06/2008	2028	2061	2017	2033	6294466	2033
18/06/2008	2020	2031	1966	1970	7651912	1970
19/06/2008	1974	2000	1947	1947	6866035	1947
20/06/2008	1960	1971	1910	1910	9146884	1910
23/06/2008	1934	1951	1906	1946	5719085	1946
24/06/2008	1938	1967	1915	1950	7422993	1950
25/06/2008	1945	1982	1930	1935	7140163	1935
26/06/2008	1938	1969	1929	1935	8664470	1935
27/06/2008	1934	1974	1934	1962	10268421	1962
30/06/2008	1959	2027	1956	2020	7859677	2020
01/07/2008	1997	2010	1981	1981	11441005	1981
02/07/2008	1990	2006	1965	1965	9677884	1965
03/07/2008	1947	1971	1930	1953	7610418	1953
04/07/2008	1963	1976	1934	1940	4150202	1940
07/07/2008	1955	2023	1947	2016	6715990	2016
08/07/2008	1978	1988	1956	1971	7510738	1971
09/07/2008	1993	1997	1946	1954	7043478	1954
10/07/2008	1925	1932	1898	1909	7183528	1909
11/07/2008	1923	1952	1902	1919	9180057	1919
14/07/2008	1930	1940	1892	1892	8235502	1892
15/07/2008	1886	1913	1830	1839	8266906	1839
16/07/2008	1846	1849	1762	1773	10166086	1773
17/07/2008	1771	1804	1743	1799	10192749	1799
18/07/2008	1790	1800	1761	1795	8405311	1795
21/07/2008	1797	1829	1786	1808	6997230	1808
22/07/2008	1799	1852	1797	1838	7687513	1838
23/07/2008	1855	1855	1825	1826	6352681	1826
24/07/2008	1812	1841	1781	1790	6312875	1790
25/07/2008	1799	1825	1782	1802	6989148	1802
28/07/2008	1793	1845	1792	1818	5836014	1818
29/07/2008	1815	1854	1783	1785	5173525	1785
30/07/2008	1796	1813	1775	1805	4479376	1805
31/07/2008	1841	1850	1769	1782	7941391	1782
01/08/2008	1787	1787	1744	1750	9150402	1750
04/08/2008	1756	1798	1731	1736	7434112	1736
05/08/2008	1734	1734	1695	1722	8861905	1722
06/08/2008	1718	1752	1696	1743	7702740	1743
07/08/2008	1751	1772	1730	1749	7388575	1749
08/08/2008	1741	1744	1702	1705	6189190	1705
11/08/2008	1724	1744	1717	1741	5549164	1741
12/08/2008	1733	1785	1727	1772	7164836	1772
13/08/2008	1767	1798	1759	1765	7933757	1765
14/08/2008	1799	1836	1783	1803	8203610	1803
15/08/2008	1803	1817	1761	1763	6546367	1763
18/08/2008	1764	1803	1749	1784	4312589	1784
19/08/2008	1760	1790	1755	1757	6306611	1757
20/08/2008	1770	1803	1770	1793	4439518	1793
21/08/2008	1794	1830	1765	1820	4630782	1820
22/08/2008	1827	1862	1818	1862	7446918	1862
26/08/2008	1830	1850	1795	1839	6455273	1839
27/08/2008	1841	1884	1828	1880	5175928	1880
28/08/2008	1880	1894	1855	1878	5593543	1878
29/08/2008	1885	1901	1870	1892	6194772	1892
01/09/2008	1889	1904	1851	1854	4195544	1854
02/09/2008	1856	1856	1802	1818	12201665	1818
03/09/2008	1811	1837	1800	1804	5879602	1804
04/09/2008	1805	1819	1738	1740	6499999	1740
05/09/2008	1738	1753	1676	1681	11798678	1681
08/09/2008	1738	1738	1700	1712	4461602	1712
09/09/2008	1724	1732	1675	1680	12286793	1680
10/09/2008	1682	1707	1668	1686	11948748	1686
11/09/2008	1695	1707	1671	1685	5962553	1685
12/09/2008	1705	1718	1694	1718	5471746	1718
15/09/2008	1682	1694	1630	1648	10888305	1648
16/09/2008	1622	1638	1559	1564	11276602	1564
17/09/2008	1590	1608	1562	1562	10315332	1562
18/09/2008	1561	1593	1537	1541	16070051	1541
19/09/2008	1515	1604	1500	1595	19246151	1595
22/09/2008	1617	1650	1600	1636	8900127	1636
23/09/2008	1639	1660	1611	1644	13155648	1644
24/09/2008	1637	1662	1623	1653	11794642	1653
25/09/2008	1650	1683	1615	1675	5629968	1675
26/09/2008	1665	1669	1632	1654	6295246	1654
29/09/2008	1626	1672	1573	1574	9626880	1574
30/09/2008	1540	1601	1511	1578	12671510	1578
01/10/2008	1597	1597	1551	1578	8717575	1578
02/10/2008	1590	1618	1536	1540	6550340	1540
03/10/2008	1535	1596	1505	1590	6499686	1590
06/10/2008	1512	1547	1454	1479	6992343	1479
07/10/2008	1493	1573	1475	1526	8328119	1526
08/10/2008	1475	1568	1351	1443	14957830	1443
09/10/2008	1465	1494	1398	1412	8937536	1412
10/10/2008	1345	1371	1259	1280	15617907	1280
13/10/2008	1350	1390	1327	1387	12012802	1387
14/10/2008	1422	1540	1421	1451	8325816	1451
15/10/2008	1444	1459	1338	1347	10148760	1347
16/10/2008	1292	1317	1223	1235	10575418	1235
17/10/2008	1319	1367	1272	1350	18246277	1350
20/10/2008	1390	1494	1375	1494	10294173	1494
21/10/2008	1535	1556	1477	1486	7861317	1486
22/10/2008	1455	1486	1400	1419	8817089	1419
23/10/2008	1411	1501	1371	1499	8911321	1499
24/10/2008	1433	1433	1329	1427	14302224	1427
27/10/2008	1355	1430	1317	1396	11933233	1396
28/10/2008	1447	1515	1397	1490	14206830	1490
29/10/2008	1560	1673	1548	1670	16179426	1670
30/10/2008	1710	1738	1549	1589	12663792	1589
31/10/2008	1591	1684	1542	1659	10533403	1659
03/11/2008	1692	1709	1646	1709	6912935	1709
04/11/2008	1712	1851	1687	1850	12416431	1850
05/11/2008	1830	1830	1760	1772	11097337	1772
06/11/2008	1722	1762	1637	1647	11110641	1647
07/11/2008	1672	1719	1642	1693	9330174	1693
10/11/2008	1758	1785	1681	1689	10024793	1689
11/11/2008	1675	1675	1611	1611	7956654	1611
12/11/2008	1653	1664	1565	1582	6844628	1582
13/11/2008	1552	1607	1521	1595	8306419	1595
14/11/2008	1684	1717	1628	1655	11867402	1655
17/11/2008	1651	1682	1609	1622	7661816	1622
18/11/2008	1628	1691	1566	1685	10911154	1685
19/11/2008	1674	1691	1580	1586	11068639	1586
20/11/2008	1533	1574	1462	1486	11412809	1486
21/11/2008	1477	1529	1420	1437	13455837	1437
24/11/2008	1483	1640	1448	1640	13801468	1640
25/11/2008	1628	1734	1597	1649	18510300	1649
26/11/2008	1603	1647	1560	1620	10002542	1620
27/11/2008	1636	1707	1612	1696	8530622	1696
28/11/2008	1698	1721	1645	1714	8467557	1714
01/12/2008	1726	1726	1600	1606	7781403	1606
02/12/2008	1579	1670	1575	1653	7932832	1653
03/12/2008	1658	1661	1578	1636	9958666	1636
04/12/2008	1636	1684	1584	1614	8942733	1614
05/12/2008	1601	1601	1498	1515	10718597	1515
08/12/2008	1623	1642	1585	1632	11717547	1632
09/12/2008	1633	1706	1607	1689	7314087	1689
10/12/2008	1696	1715	1651	1684	10472847	1684
11/12/2008	1689	1746	1672	1729	8581911	1729
12/12/2008	1654	1701	1623	1677	7556936	1677
15/12/2008	1715	1717	1656	1672	5906205	1672
16/12/2008	1672	1732	1670	1701	9046253	1701
17/12/2008	1722	1739	1662	1739	10972080	1739
18/12/2008	1749	1758	1712	1748	8806248	1748
19/12/2008	1728	1749	1683	1727	23982188	1727
22/12/2008	1702	1757	1702	1724	6698669	1724
23/12/2008	1720	1741	1692	1696	4566393	1696
24/12/2008	1678	1695	1649	1653	1696605	1653
25/12/2008	1653	1653	1653	1653	0	1653
26/12/2008	1653	1653	1653	1653	0	1653
29/12/2008	1664	1729	1664	1701	5474485	1701
30/12/2008	1722	1735	1713	1726	4922092	1726
31/12/2008	1728	1756	1719	1726	1782010	1726
01/01/2009	1726	1726	1726	1726	0	1726
02/01/2009	1718	1824	1708	1821	1680882	1821
05/01/2009	1853	1853	1747	1794	5902491	1794
06/01/2009	1793	1854	1762	1813	6706298	1813
07/01/2009	1808	1819	1716	1736	6416064	1736
08/01/2009	1722	1771	1711	1768	4446706	1768
09/01/2009	1770	1775	1703	1717	5666215	1717
12/01/2009	1711	1731	1691	1707	3378653	1707
13/01/2009	1701	1739	1692	1734	5964501	1734
14/01/2009	1755	1755	1621	1640	7453288	1640
15/01/2009	1633	1652	1591	1604	6993869	1604
16/01/2009	1635	1671	1613	1636	6236142	1636
19/01/2009	1683	1697	1616	1642	5346986	1642
20/01/2009	1646	1680	1621	1655	9305393	1655
21/01/2009	1647	1654	1585	1611	8858306	1611
22/01/2009	1648	1672	1610	1618	7973433	1618
23/01/2009	1615	1653	1575	1642	8483784	1642
26/01/2009	1650	1800	1633	1722	8955474	1722
27/01/2009	1715	1725	1657	1705	5507790	1705
28/01/2009	1729	1734	1700	1706	6524463	1706
29/01/2009	1682	1725	1679	1716	12720762	1716
30/01/2009	1708	1716	1647	1658	9993657	1658
02/02/2009	1636	1665	1617	1660	5830784	1660
03/02/2009	1669	1676	1621	1671	8208169	1671
04/02/2009	1662	1678	1633	1658	5960987	1658
05/02/2009	1636	1652	1595	1644	6695466	1644
06/02/2009	1654	1685	1626	1676	5263704	1676
09/02/2009	1675	1699	1648	1684	3963217	1684
11/02/2009	1640	1686	1634	1681	5460223	1681
12/02/2009	1674	1694	1646	1693	19451630	1693
13/02/2009	1705	1744	1697	1730	14094798	1730
16/02/2009	1720	1735	1702	1706	4773317	1706
17/02/2009	1692	1709	1657	1670	21872891	1670
18/02/2009	1682	1690	1640	1677	14227424	1677
19/02/2009	1685	1696	1667	1674	13409890	1674
20/02/2009	1658	1658	1597	1597	6698620	1597
23/02/2009	1628	1637	1556	1558	5280682	1558
24/02/2009	1552	1577	1532	1549	6802259	1549
25/02/2009	1571	1588	1533	1555	5463880	1555
26/02/2009	1570	1581	1516	1523	7986323	1523
27/02/2009	1502	1528	1463	1484	6739621	1484
02/03/2009	1447	1465	1405	1407	7615780	1407
03/03/2009	1411	1447	1315	1322	9754766	1322
04/03/2009	1350	1416	1339	1406	7003180	1406
05/03/2009	1395	1405	1374	1386	9520835	1386
06/03/2009	1393	1466	1381	1440	11180749	1440
09/03/2009	1455	1499	1433	1476	11935537	1476
10/03/2009	1474	1550	1464	1540	10575599	1540
11/03/2009	1525	1577	1520	1540	8539219	1540
12/03/2009	1530	1562	1506	1548	5400107	1548
13/03/2009	1577	1586	1555	1560	4331505	1560
16/03/2009	1580	1594	1547	1578	5276677	1578
17/03/2009	1572	1579	1528	1579	8486532	1579
18/03/2009	1585	1599	1509	1535	8713910	1535
19/03/2009	1535	1562	1499	1511	12970739	1511
20/03/2009	1505	1531	1499	1519	10061682	1519
23/03/2009	1560	1580	1514	1563	5471648	1563
24/03/2009	1568	1571	1512	1533	5052944	1533
25/03/2009	1528	1584	1513	1573	4700871	1573
26/03/2009	1592	1592	1545	1565	4455496	1565
27/03/2009	1574	1595	1547	1566	5271292	1566
30/03/2009	1548	1549	1500	1500	4172700	1500
31/03/2009	1507	1537	1507	1531	6962582	1531
01/04/2009	1520	1522	1469	1502	6744303	1502
02/04/2009	1542	1568	1507	1563	7032430	1563
03/04/2009	1547	1583	1506	1517	4890048	1517
06/04/2009	1533	1540	1477	1489	4614870	1489
07/04/2009	1513	1517	1443	1443	4040294	1443
08/04/2009	1417	1443	1411	1422	7187615	1422
09/04/2009	1430	1441	1411	1414	4569894	1414
10/04/2009	1414	1414	1414	1414	0	1414
14/04/2009	1422	1433	1374	1398	6123876	1398
15/04/2009	1399	1427	1378	1390	6160806	1390
16/04/2009	1400	1416	1368	1416	6034474	1416
17/04/2009	1419	1430	1389	1401	5808071	1401
20/04/2009	1414	1446	1390	1416	1038645	1416
21/04/2009	1422	1429	1379	1426	1152784	1426
22/04/2009	1429	1444	1407	1438	631610	1438
23/04/2009	1436	1472	1420	1453	2157298	1453
24/04/2009	1473	1539	1462	1539	1268902	1539
27/04/2009	1515	1538	1505	1529	1102125	1529
28/04/2009	1502	1524	1502	1510	471231	1510
29/04/2009	1528	1547	1504	1539	656662	1539
30/04/2009	1548	1582	1514	1557	1717442	1557
01/05/2009	1550	1585	1520	1552	673033	1552
05/05/2009	1591	1596	1564	1578	915627	1578
06/05/2009	1554	1582	1518	1570	578167	1570
07/05/2009	1570	1605	1559	1573	897013	1573
08/05/2009	1586	1630	1584	1620	1528573	1620
11/05/2009	1620	1620	1561	1566	1059306	1566
12/05/2009	1564	1606	1564	1601	941939	1601
13/05/2009	1616	1654	1612	1637	1739285	1637
14/05/2009	1629	1636	1597	1612	831617	1612
15/05/2009	1614	1619	1574	1600	1914768	1600
18/05/2009	1588	1641	1572	1635	1738172	1635
19/05/2009	1636	1656	1622	1637	3266212	1637
20/05/2009	1640	1682	1638	1656	1231444	1656
21/05/2009	1629	1642	1615	1627	6745335	1627
22/05/2009	1627	1639	1622	1635	864829	1635
26/05/2009	1627	1666	1605	1663	3663901	1663
27/05/2009	1670	1670	1632	1648	1938973	1648
28/05/2009	1635	1661	1630	1661	1862180	1661
29/05/2009	1682	1704	1666	1675	5126900	1675
01/06/2009	1704	1722	1694	1714	989741	1714
02/06/2009	1704	1725	1686	1721	477825	1721
03/06/2009	1718	1725	1663	1681	1566929	1681
04/06/2009	1692	1713	1666	1691	1209475	1691
05/06/2009	1710	1740	1704	1717	850460	1717
08/06/2009	1723	1729	1688	1702	938801	1702
09/06/2009	1720	1726	1686	1700	1694992	1700
10/06/2009	1717	1755	1717	1725	2065835	1725
11/06/2009	1716	1719	1687	1697	1541342	1697
12/06/2009	1695	1698	1669	1680	1507990	1680
15/06/2009	1664	1674	1607	1609	2165728	1609
16/06/2009	1616	1633	1604	1604	1253236	1604
17/06/2009	1603	1615	1578	1589.05	1559472	1589.05
18/06/2009	1600	1601	1565	1577	1903221	1577
19/06/2009	1570	1610	1566	1608	5964209	1608
22/06/2009	1601	1605	1541	1541.46	2270943	1541.46
23/06/2009	1540	1566	1536	1542	1724932	1542
24/06/2009	1546	1553	1525	1532	1901758	1532
26/06/2009	1535	1544	1501	1510	1016654	1510
29/06/2009	1508	1551	1508	1546	995088	1546
30/06/2009	1555	1555	1515	1526	3247228	1526
01/07/2009	1538	1570	1534	1552	2115663	1552
02/07/2009	1546	1551	1498	1509	3871673	1509
03/07/2009	1510	1527	1499	1500.4	1056988	1500.4
06/07/2009	1488	1494	1454	1466	1790192	1466
07/07/2009	1476	1482	1452	1455	890960	1455
08/07/2009	1450	1472	1439	1447	1357134	1447
09/07/2009	1458	1470	1443	1459	1113800	1459
10/07/2009	1446	1459	1437	1443	899201	1443
13/07/2009	1443	1475	1437	1463	1370475	1463
14/07/2009	1464	1479	1450	1466	1236405	1466
15/07/2009	1477	1505	1471	1505	1147536	1505
16/07/2009	1511	1532	1502	1516.22	1010435	1516.22
17/07/2009	1530	1543	1512	1531	1296838	1531
20/07/2009	1540	1554	1520	1545	592819	1545
21/07/2009	1545	1563	1532	1548	1346295	1548
22/07/2009	1556	1560	1539	1546	1161593	1546
23/07/2009	1545	1568	1528	1560	864137	1560
24/07/2009	1561	1590	1550	1574	574443	1574
27/07/2009	1594	1601	1577	1598	805468	1598
28/07/2009	1603	1619	1575	1582	1612001	1582
29/07/2009	1584	1617	1581	1597	796541	1597
30/07/2009	1610	1620	1573	1594	1341389	1594
31/07/2009	1578	1578	1554	1554	1767849	1554
03/08/2009	1555	1579	1543	1562	1446864	1562
04/08/2009	1557	1572	1546	1572	1170337	1572
05/08/2009	1548	1550	1505	1515	1063676	1515
06/08/2009	1519	1531	1507	1509	1162670	1509
07/08/2009	1510	1552	1510	1546	2191330	1546
10/08/2009	1541	1543	1521	1533	673506	1533
12/08/2009	1555	1585	1552	1584	1904726	1584
13/08/2009	1585	1591	1562	1565	927741	1565
14/08/2009	1578	1592	1555	1557	1295141	1557
17/08/2009	1553	1558	1534	1545	983030	1545
18/08/2009	1553	1559	1534	1541	1361657	1541
19/08/2009	1538	1561	1528	1556	1355355	1556
20/08/2009	1573	1592	1571	1583	1758935	1583
21/08/2009	1583	1637	1578	1630	1029419	1630
24/08/2009	1650	1655	1631	1640	3189265	1640
25/08/2009	1627	1665	1625	1660	4931948	1660
26/08/2009	1661	1669	1641	1659	4999073	1659
27/08/2009	1660	1671	1650	1663	4307380	1663
28/08/2009	1674	1685	1662	1674	4147292	1674
01/09/2009	1673	1675	1649	1655	5343331	1655
03/09/2009	1674	1679	1650	1652	2678429	1652
04/09/2009	1660	1661	1636	1640	5009249	1640
07/09/2009	1650	1660	1636	1660	2683835	1660
08/09/2009	1660	1688	1653	1685	3083058	1685
09/09/2009	1676	1710	1676	1710	5489877	1710
10/09/2009	1718	1718	1682	1701	4758666	1701
11/09/2009	1705	1713	1690	1691	4974417	1691
14/09/2009	1678	1692	1668	1678.64	3118260	1678.64
15/09/2009	1689	1713	1672	1698	4118934	1698
16/09/2009	1717	1727	1701	1709	5865994	1709
17/09/2009	1725	1734	1713	1730	4897950	1730
18/09/2009	1736	1752	1732	1750	10371102	1750
21/09/2009	1767	1782	1736	1751	4352096	1751
22/09/2009	1761	1774	1757	1760	3882130	1760
23/09/2009	1764	1773	1734	1738	4080564	1738
24/09/2009	1731	1771	1729	1746	7768344	1746
25/09/2009	1746	1769	1744	1748	5648287	1748
28/09/2009	1757	1781	1741	1779	4842537	1779
29/09/2009	1783	1783	1751	1755	3672461	1755
30/09/2009	1758	1758	1721	1736	4639772	1736
01/10/2009	1733	1751	1709	1714	5440630	1714
02/10/2009	1711	1718	1686	1698	3775972	1698
05/10/2009	1703	1703	1679	1692	6050693	1692
06/10/2009	1700	1751	1696	1750	4656776	1750
07/10/2009	1748	1749	1721	1723	5051459	1723
08/10/2009	1740	1740	1713	1718	5023215	1718
09/10/2009	1719	1755	1716	1755	6487584	1755
12/10/2009	1765	1791	1756	1783	3643995	1783
13/10/2009	1785	1788	1765	1765	4128709	1765
14/10/2009	1780	1818	1777	1816	5386118	1816
15/10/2009	1816	1823	1780	1785	6497378	1785
16/10/2009	1802	1835	1796	1806	6263327	1806
19/10/2009	1822	1857.5	1820	1857.5	3963161	1857.5
20/10/2009	1863	1870.5	1841	1844	5126136	1844
21/10/2009	1851	1860	1817	1857.5	5244546	1857.5
22/10/2009	1836	1840	1810	1837.5	3654989	1837.5
23/10/2009	1840	1869.5	1836.5	1852.5	4188749	1852.5
26/10/2009	1864	1884	1841	1852	4076856	1852
27/10/2009	1871	1897	1863	1890.5	6402831	1890.5
28/10/2009	1889.5	1889.5	1858.5	1869.5	6125495	1869.5
29/10/2009	1832.5	1832.5	1767	1813	7933940	1813
30/10/2009	1805.5	1815	1750.5	1760	7167915	1760
02/11/2009	1751.5	1777	1746	1770.5	4925516	1770.5
03/11/2009	1772	1782.5	1747.5	1761	5669599	1761
04/11/2009	1747	1758.5	1736.5	1743	7052217	1743
05/11/2009	1731.5	1774.5	1722.5	1766.5	3445804	1766.5
06/11/2009	1772.5	1772.5	1733.5	1754.5	3119178	1754.5
09/11/2009	1761	1806.5	1755	1803	4207665	1803
10/11/2009	1810.5	1823	1801	1806.5	5087516	1806.5
11/11/2009	1820	1841	1820	1825.5	5559092	1825.5
12/11/2009	1818	1829.5	1803	1803	2955908	1803
13/11/2009	1804.5	1804.5	1779.5	1800.5	2792665	1800.5
16/11/2009	1809	1838.5	1801	1829	3082088	1829
17/11/2009	1812	1830.5	1809	1818	3207426	1818
18/11/2009	1831	1838	1813	1822	3629100	1822
19/11/2009	1822	1825	1781	1790	5313159	1790
20/11/2009	1788.5	1802.5	1764.5	1771	5466718	1771
23/11/2009	1782.5	1815	1782.5	1808.5	4136661	1808.5
24/11/2009	1792.5	1812.5	1784	1790	4782759	1790
25/11/2009	1803	1809	1783	1799.5	3787490	1799.5
26/11/2009	1794.5	1802	1746	1752	3399694	1752
27/11/2009	1723	1783	1723	1769	3705377	1769
30/11/2009	1773	1779.5	1732	1737	4869517	1737
01/12/2009	1758.5	1775	1750.5	1771.5	4755081	1771.5
02/12/2009	1774	1782.5	1754.5	1764	4668191	1764
03/12/2009	1785	1785	1757.5	1767	4844964	1767
04/12/2009	1765.5	1800	1754	1782.5	3911461	1782.5
07/12/2009	1784	1794.5	1762	1787	2634076	1787
08/12/2009	1785	1796	1750.5	1755	3967679	1755
09/12/2009	1754	1772	1736.5	1763	5474651	1763
10/12/2009	1768	1773	1748	1755	3733667	1755
11/12/2009	1757	1772.5	1747	1749	2654151	1749
14/12/2009	1757	1776.5	1751.5	1767.5	2670373	1767.5
15/12/2009	1767	1770	1737.5	1751	3038168	1751
16/12/2009	1746.5	1775	1746.5	1755.5	3476288	1755.5
17/12/2009	1750	1756.5	1729	1729	3455850	1729
18/12/2009	1734.5	1763.5	1719	1719	9172828	1719
21/12/2009	1729	1782	1727	1767	2633172	1767
22/12/2009	1777	1820	1772	1807.5	2527723	1807.5
23/12/2009	1819	1830	1811.5	1827	1733889	1827
24/12/2009	1836.5	1841.5	1822.5	1830	618177	1830
25/12/2009	1830	1830	1830	1830	0	1830
28/12/2009	1830	1830	1830	1830	0	1830
29/12/2009	1843.5	1848.5	1834	1835	1269899	1835
30/12/2009	1829.5	1838	1805	1811.5	1610481	1811.5
31/12/2009	1823.5	1824.5	1804.5	1811.5	727995	1811.5
