Date	Open	High	Low	Close	Volume	Adj Close
03/01/2006	1063	1086	1063	1084	2771500	584.09
04/01/2006	1089	1129	1089	1116	7974200	601.33
05/01/2006	1122	1122	1098	1098	4944600	591.63
06/01/2006	1095	1116	1092	1112	4789200	599.17
09/01/2006	1108	1123	1108	1119	4339300	602.94
10/01/2006	1120	1125	1101	1106	5272600	595.94
11/01/2006	1108	1131	1097	1129	6056000	608.33
12/01/2006	1129	1134	1118	1119	6120800	602.94
13/01/2006	1120	1120	1100	1110	5721300	598.09
16/01/2006	1112	1124	1111	1118	4980100	602.41
17/01/2006	1115	1116	1105	1114	5179600	600.25
18/01/2006	1070	1102	1060	1096	12755200	590.55
19/01/2006	1105	1128	1104	1117	7718200	601.87
20/01/2006	1115	1153	1115	1141	7688900	614.8
23/01/2006	1129	1132	1117	1122	2396200	604.56
24/01/2006	1116	1144	1116	1135	5745200	611.57
25/01/2006	1145	1178	1145	1178	4787600	634.73
26/01/2006	1181	1190	1165	1168	7192300	629.35
27/01/2006	1180	1187	1150	1157	5847100	623.42
30/01/2006	1153	1156	1141	1146	3492800	617.49
31/01/2006	1158	1158	1110	1144	3868700	616.41
01/02/2006	1140	1156	1139	1148	3930200	618.57
02/02/2006	1156	1159	1142	1145	3042900	616.95
03/02/2006	1152	1152	1135	1148	2245900	618.57
06/02/2006	1153	1153	1131	1141	2717700	614.8
07/02/2006	1153	1155	1121	1137	3951600	612.64
08/02/2006	1136	1140	1125	1135	3623200	611.57
09/02/2006	1136	1149	1125	1129	3047100	608.33
10/02/2006	1131	1134	1105	1127	3398800	607.25
13/02/2006	1130	1130	1111	1130	2130000	608.87
14/02/2006	1130	1134	1107	1115	5316000	600.79
15/02/2006	1114	1118	1109	1110	3139300	598.09
16/02/2006	1109	1129	1109	1129	7533700	608.33
17/02/2006	1129	1159	1123	1156	4885400	622.88
20/02/2006	1157	1170	1132	1150	1690600	619.65
21/02/2006	1162	1164	1148	1153	1665300	621.26
22/02/2006	1166	1186	1152	1173	1867700	632.04
23/02/2006	1177	1178	1149	1154	3563300	621.8
24/02/2006	1161	1165	1135	1139	11472500	613.72
27/02/2006	1153	1158	1141	1149	2957300	619.11
28/02/2006	1151	1174	1129	1134	4038200	611.03
01/03/2006	1139	1153	1126	1147	2649500	618.03
02/03/2006	1142	1157	1140	1143	2436200	615.88
03/03/2006	1143	1146	1128	1140	2586400	614.26
06/03/2006	1146	1148	1132	1143	2991200	615.88
07/03/2006	1140	1140	1108	1112	4400800	599.17
08/03/2006	1106	1122	1084	1107	5711400	596.48
09/03/2006	1108	1115	1103	1115	2421300	600.79
10/03/2006	1113	1129	1102	1121	3956600	604.02
13/03/2006	1121	1142	1103	1110	4132300	598.09
14/03/2006	1105	1114	1094	1109	4906700	597.56
15/03/2006	1116	1132	1102	1113	4089800	599.71
16/03/2006	1117	1120	1106	1115	3564000	600.79
17/03/2006	1120	1126	1108	1123	6402500	605.1
20/03/2006	1129	1146	1117	1134	6005000	611.03
21/03/2006	1139	1139	1125	1130	2738800	608.87
22/03/2006	1123	1130	1102	1110	4863300	598.09
23/03/2006	1117	1120	1097	1108	5985700	597.02
24/03/2006	1105	1122	1095	1120	4013100	603.48
27/03/2006	1126	1126	1105	1105	4098000	595.4
28/03/2006	1110	1110	1096	1101	7060100	593.25
29/03/2006	1105	1119	1092	1118	4608200	602.41
30/03/2006	1120	1153	1120	1149	9138000	619.11
31/03/2006	1150	1157	1130	1136	3244900	612.1
03/04/2006	1129	1156	1129	1151	3949200	620.19
04/04/2006	1151	1157	1138	1144	5179000	616.41
05/04/2006	1147	1147	1125	1134	6145700	611.03
06/04/2006	1133	1137	1123	1129	3588600	608.33
07/04/2006	1125	1140	1111	1119	5648500	602.94
10/04/2006	1124	1128	1112	1121	3359500	604.02
11/04/2006	1117	1124	1107	1109	3545500	597.56
12/04/2006	1120	1154	1112	1153	13123900	621.26
13/04/2006	1149	1173	1135	1165	5515700	627.73
14/04/2006	1165	1165	1165	1165	0	627.73
17/04/2006	1165	1165	1165	1165	0	627.73
18/04/2006	1165	1177	1150	1160	3176300	625.04
19/04/2006	1171	1184	1159	1161	3785900	625.57
20/04/2006	1159	1189	1159	1178	7738100	634.73
21/04/2006	1185	1200	1180	1196	6760400	644.43
24/04/2006	1194	1194	1183	1190	2125700	641.2
25/04/2006	1188	1197	1176	1178	3993100	634.73
26/04/2006	1186	1194	1163	1169	6553000	629.89
27/04/2006	1171	1190	1170	1172	4045900	631.5
28/04/2006	1172	1176	1148	1157	4471100	623.42
01/05/2006	1157	1157	1157	1157	0	623.42
02/05/2006	1157	1178	1156	1175	5119100	633.12
03/05/2006	1175	1182	1153	1156	7248900	622.88
04/05/2006	1162	1175	1158	1160	4841800	625.04
05/05/2006	1160	1168	1154	1160	4033400	625.04
08/05/2006	1167	1167	1144	1148	4394900	618.57
09/05/2006	1145	1150	1138	1145	4226700	616.95
10/05/2006	1148	1159	1147	1152	5267200	620.73
11/05/2006	1148	1157	1142	1145	3739700	616.95
12/05/2006	1138	1146	1116	1118	3595900	602.41
15/05/2006	1115	1115	1070.37	1084	6607500	584.09
16/05/2006	1093	1100.6	1077	1094	5397300	589.47
17/05/2006	1098	1116	1090.75	1094	16645700	589.47
18/05/2006	1094	1096	1045.62	1061	9098000	571.69
19/05/2006	1061	1067	1024	1027	8765800	553.37
22/05/2006	1034	1027	981.67	994	9847400	535.59
23/05/2006	994	1030	998.87	1021	6893000	550.14
24/05/2006	1014	1021.25	978	999	10197800	538.29
25/05/2006	1007	1010.73	978.15	984	7052800	530.2
26/05/2006	994	1015	988	1015	5509500	546.91
29/05/2006	1015	1015	1015	1015	0	546.91
30/05/2006	1010	1015.25	982.68	985	5400900	530.74
31/05/2006	983	1000	968	998	7609600	537.75
01/06/2006	998	998	978	985	4611700	530.74
02/06/2006	1000	1000	957.07	966	9727800	520.5
05/06/2006	965	977	963	975	4002700	525.35
06/06/2006	968	985	948	953	12299100	513.5
07/06/2006	950	965	942	961	6156500	517.81
08/06/2006	949	961	926	926	11126000	498.95
09/06/2006	934	956	925	953	9240700	513.5
12/06/2006	954	958.37	949.85	951	3478700	512.42
13/06/2006	940	942.49	910.25	921	7854900	496.26
14/06/2006	925	945	921	933	7841500	502.72
15/06/2006	935	975.18	935	973	8729400	524.28
16/06/2006	991	997.79	967	967	9774200	521.04
19/06/2006	972	981	970.32	971	5235600	523.2
20/06/2006	966	990	962.5	985	5005900	530.74
21/06/2006	983	993.5	967	985	8017100	530.74
22/06/2006	995	1001.48	956.91	975	12998100	525.35
23/06/2006	972.5	972.5	940	960	9235500	517.27
26/06/2006	962.5	970.57	920.68	923	11995400	497.33
27/06/2006	928	939.8	928	934	13142200	503.26
28/06/2006	933	945.8	929.5	940	9593600	506.49
29/06/2006	945.5	966	932	962.5	9839000	518.62
30/06/2006	971	997	969.5	974.5	8006500	525.08
03/07/2006	978.5	996	978.5	986.5	4559200	549.01
04/07/2006	982.5	989	973	983	2114600	547.07
05/07/2006	966.5	966.5	942	951.5	3331600	529.54
06/07/2006	955	971.5	943	970	5278300	539.83
07/07/2006	969	969	951.5	960.5	4089600	534.54
10/07/2006	956.5	973.5	956.5	970	3042400	539.83
11/07/2006	971.5	974	962	965.5	5297100	537.33
12/07/2006	968	989	967.5	982.5	5776500	546.79
13/07/2006	978.5	978.5	948	955.5	6550900	531.76
14/07/2006	946	948.5	925	935.5	4542300	520.63
17/07/2006	935.5	942	919	936.5	4456700	521.19
18/07/2006	936	957	936	950	5546000	528.7
19/07/2006	956.5	1000	944	963	4999200	535.94
20/07/2006	976	979	964.5	974	4384400	542.06
21/07/2006	972	1002	967	975	7262000	542.61
24/07/2006	976	1032	976	1029.5	11181200	572.95
25/07/2006	1037	1044	1013	1030	9966900	573.22
26/07/2006	1030	1043.5	1018	1028.5	7992400	572.39
27/07/2006	1035	1052.5	1024	1044.5	9751200	581.29
28/07/2006	1037.5	1083	1034	1071	10491400	596.04
31/07/2006	1078.5	1094.5	1056.5	1075	9221400	598.27
01/08/2006	1071	1073	1050	1054.5	9745200	586.86
02/08/2006	1054.5	1061.5	1046	1057	9542500	588.25
03/08/2006	1057	1057	1057	1057	0	588.25
04/08/2006	1038.5	1046.5	1025	1043.5	6711200	580.74
07/08/2006	1038.5	1039	1023.5	1028	3531600	572.11
08/08/2006	1030	1036	1023.5	1029.5	5033100	572.95
09/08/2006	1028.5	1036.5	1012	1022	4224600	568.77
10/08/2006	1008.5	1043	1008.5	1039.5	6347900	578.51
11/08/2006	1036	1054.5	1030	1048	6219600	583.24
14/08/2006	1049	1060.5	1045.5	1052	7123300	585.47
15/08/2006	1051	1070	1047.5	1068.5	3828900	594.65
16/08/2006	1073.5	1075.5	1059	1071.5	2857700	596.32
17/08/2006	1066	1081	1040	1040	9375600	578.79
18/08/2006	1040	1047	1016	1019	8240400	567.1
21/08/2006	1020.5	1024	1003	1020	5265100	567.66
22/08/2006	1025.5	1025.5	1007	1012	3569000	563.21
23/08/2006	1017	1017	998	1000	4954300	556.53
24/08/2006	1000	1017	987.5	1006.5	5362900	560.15
25/08/2006	1005	1014	993	1006.5	3066000	560.15
28/08/2006	1006.5	1006.5	1006.5	1006.5	0	560.15
29/08/2006	1014	1021	999.5	1013	4022600	563.76
30/08/2006	1012	1040	1011	1037	5900700	577.12
31/08/2006	1037	1048	1030	1034.5	6729400	575.73
01/09/2006	1040	1054.5	1032.5	1044	4807200	581.01
04/09/2006	1042.5	1065	1040	1063	3069500	591.59
05/09/2006	1067.5	1085	1059.5	1067.5	6260300	594.09
06/09/2006	1070	1073.5	1052.5	1056	5035500	587.69
07/09/2006	1050	1053.5	1043.5	1047.5	5405700	582.96
08/09/2006	1048	1057	1040	1048.5	3770700	583.52
11/09/2006	1046.5	1048.5	1021	1029	5679200	572.67
12/09/2006	1032	1041.5	1016	1039	3187600	578.23
13/09/2006	1044	1044	1027	1034.5	3776800	575.73
14/09/2006	1039	1045	1021.5	1031	7149500	573.78
15/09/2006	1034	1047	1026.5	1039.5	5207800	578.51
18/09/2006	1040	1051	1033	1038	1649300	577.68
19/09/2006	1035	1045	1032	1037	3987800	577.12
20/09/2006	1039	1040	1018	1022	4189900	568.77
21/09/2006	1028	1045	1017	1025	5263800	570.44
22/09/2006	1015	1017	993	998	11346900	555.41
25/09/2006	998	1015	996	1008	6927700	560.98
26/09/2006	1009	1028	1008	1018	5768400	566.55
27/09/2006	1024	1040	1020	1027	4961400	571.55
28/09/2006	1025	1032	1012	1015	12827100	564.88
29/09/2006	1013	1013	994	998	8970700	555.41
02/10/2006	1004	1005	983	989	5866300	550.41
03/10/2006	987	1001	983	994	6298800	553.19
04/10/2006	999	1000	979	983	8813400	547.07
05/10/2006	983	1012	978	1012	13477700	563.21
06/10/2006	1012	1025	1007	1013	4201700	563.76
09/10/2006	1014	1017	1004	1008	4635600	560.98
10/10/2006	1013	1015	1001	1013	7605900	563.76
11/10/2006	1013	1042	1011	1035	10928400	576.01
12/10/2006	1039	1046	1021	1031	11518500	573.78
13/10/2006	1031	1050	1031	1046	5857800	582.13
16/10/2006	1049	1049	1036	1040	6951300	578.79
17/10/2006	1040	1042	1024	1026	6843400	571
18/10/2006	1027	1042	1026	1039	4045400	578.23
19/10/2006	1039	1043	1028	1037	7079000	577.12
20/10/2006	1037	1049	1030	1035	4376000	576.01
23/10/2006	1042	1043	1025	1029	2825600	572.67
24/10/2006	1029	1038	1020	1022	8305200	568.77
25/10/2006	1025	1035	1018	1032	8072300	574.34
26/10/2006	1035	1043	1026	1027	5814700	571.55
27/10/2006	1032	1035	1011	1012	4553100	563.21
30/10/2006	1008	1017	1007	1010	6579800	562.09
31/10/2006	1013	1025	1007	1014	8607700	564.32
01/11/2006	1017	1036	1017	1030	6415200	573.22
02/11/2006	1025	1041	1021	1034	4240700	575.45
03/11/2006	1039	1043	1029	1030	5938100	573.22
06/11/2006	1033	1053	1031	1053	5989900	586.02
07/11/2006	1050	1063	1050	1053	4760300	586.02
08/11/2006	1052	1058	1049	1057	3370600	588.25
09/11/2006	1049	1100	1045	1093	12860400	608.28
10/11/2006	1097	1107	1089	1092	4417200	607.73
13/11/2006	1093	1102	1077	1082	4481100	602.16
14/11/2006	1082	1091	1072	1075	4323100	598.27
15/11/2006	1085	1085	1074	1080	2287700	601.05
16/11/2006	1081	1099	1081	1095	4172200	609.4
17/11/2006	1098	1101	1079	1081	3183000	601.61
20/11/2006	1072	1103	1070	1100	4680800	612.18
21/11/2006	1103	1104	1092	1093	3608500	608.28
22/11/2006	1099	1107	1089	1093	3664400	608.28
23/11/2006	1095	1095	1071	1089	4937700	606.06
24/11/2006	1081	1096	1062	1093	4681600	608.28
27/11/2006	1096	1105	1084	1088	3520400	605.5
28/11/2006	1092	1092	1066	1077	10493900	599.38
29/11/2006	1076	1086	1065	1081	3365700	601.61
30/11/2006	1079	1080	1053	1063	7793800	591.59
01/12/2006	1061	1083	1061	1068	7430800	594.37
04/12/2006	1068	1077	1062	1076	3880300	598.82
05/12/2006	1074	1081	1054	1069	4865100	594.93
06/12/2006	1064	1069	1050	1059	4039500	589.36
07/12/2006	1055	1072	1045	1070	4489100	595.48
08/12/2006	1065	1075	1055	1075	4257900	598.27
11/12/2006	1080	1091	1074	1090	3551100	606.62
12/12/2006	1090	1092	1083	1088	3965900	605.5
13/12/2006	1085	1101	1085	1100	5262500	612.18
14/12/2006	1106	1113	1097	1112	6382100	618.86
15/12/2006	1114	1133	1109	1126	8808300	626.65
18/12/2006	1120	1138	1114	1137	4583200	632.77
19/12/2006	1125	1140	1116	1134	5194700	631.1
20/12/2006	1145	1159	1140	1153	6355300	641.68
21/12/2006	1155	1169	1155	1160	6241100	645.57
22/12/2006	1155	1175	1155	1166	1329100	648.91
25/12/2006	1166	1166	1166	1166	0	648.91
26/12/2006	1166	1166	1166	1166	0	648.91
27/12/2006	1175	1193	1169	1185	2329100	659.49
28/12/2006	1192	1193	1176	1186	1208500	660.04
29/12/2006	1174	1184	1165	1175	568300	653.92
01/01/2007	1175	1175	1175	1175	0	653.92
02/01/2007	1185	1190	1181	1185	2384600	659.49
03/01/2007	1187	1197	1182	1193	4732900	663.94
04/01/2007	1193	1198	1169	1180	7565400	656.7
05/01/2007	1180	1180	1155	1156	6879200	643.35
08/01/2007	1155	1171	1151	1160	7808400	645.57
09/01/2007	1158	1172	1153	1170	10300500	651.14
10/01/2007	1160	1165	1149	1156	9320300	643.35
11/01/2007	1156	1173	1147	1170	4175500	651.14
12/01/2007	1172	1182	1166	1173	6992300	652.81
15/01/2007	1173	1191	1173	1179	2919900	656.15
16/01/2007	1173	1187	1167	1171	5546100	651.69
17/01/2007	1190	1226	1190	1226	11712400	682.3
18/01/2007	1225	1248	1199	1214	11352900	675.62
19/01/2007	1219	1220	1180	1195	10689900	665.05
22/01/2007	1193	1213	1190	1206	7431300	671.17
23/01/2007	1209	1209	1167	1178	11572100	655.59
24/01/2007	1180	1190	1172	1188	10078600	661.15
25/01/2007	1183	1184	1172	1178	6966700	655.59
26/01/2007	1175	1197	1170	1183	5629400	658.37
29/01/2007	1180	1180	1162	1170	3780900	651.14
30/01/2007	1170	1176	1164	1165	5622600	648.35
31/01/2007	1163	1168	1153	1154	9802900	642.23
01/02/2007	1156	1183	1156	1176	18490100	654.48
02/02/2007	1180	1183	1157	1160	9644800	645.57
05/02/2007	1155	1172	1146	1165	4204600	648.35
06/02/2007	1164	1178	1164	1170	4646800	651.14
07/02/2007	1173	1180	1165	1173	5046000	652.81
08/02/2007	1179	1186	1158	1162	4703800	646.69
09/02/2007	1166	1177	1164	1175	3417300	653.92
12/02/2007	1166	1170	1158	1164	2145900	647.8
13/02/2007	1160	1178	1160	1172	2280000	652.25
14/02/2007	1177	1183	1172	1176	5010600	654.48
15/02/2007	1180	1235	1180	1198	7097900	666.72
16/02/2007	1196	1196	1177	1186	2408900	660.04
19/02/2007	1188	1198	1178	1189	1550900	661.71
20/02/2007	1195	1196	1176	1184	4656000	658.93
21/02/2007	1190	1196	1170	1172	2990200	652.25
22/02/2007	1184	1191	1177	1179	2333600	656.15
23/02/2007	1185	1185	1172	1174	2477200	653.36
26/02/2007	1174	1186	1174	1183	1487500	658.37
27/02/2007	1182	1182	1139	1146	5468700	637.78
28/02/2007	1127	1137	1105	1128	7705600	627.76
01/03/2007	1131	1144	1104	1132	10526700	629.99
02/03/2007	1133	1141	1112	1120	6754600	623.31
05/03/2007	1097	1106	1080	1100	6426400	612.18
06/03/2007	1111	1114	1089	1107	5740900	616.08
07/03/2007	1109	1125	1104	1115	4335000	620.53
08/03/2007	1114	1128	1106	1116	3850500	621.08
09/03/2007	1111	1134	1107	1127	3632700	627.21
12/03/2007	1133	1143	1128	1135	4286600	631.66
13/03/2007	1100	1107	1067	1085	13637600	603.83
14/03/2007	1065	1073	1039	1044	11700000	581.01
15/03/2007	1051	1077	1051	1076	8303900	598.82
16/03/2007	1074	1074	1055	1065	7504100	592.7
19/03/2007	1066	1076	1065	1072	2800500	596.6
20/03/2007	1075	1084	1067	1082	4119400	602.16
21/03/2007	1085	1113	1085	1106	4893000	615.52
22/03/2007	1122	1122	1093	1106	5220400	615.52
23/03/2007	1103	1115	1095	1106	4451200	615.52
26/03/2007	1105	1114	1093	1100	4428200	612.18
27/03/2007	1112	1112	1087	1093	3987600	608.28
28/03/2007	1087	1096	1075	1087	6168500	604.95
29/03/2007	1096	1114	1088	1110	4464600	617.75
30/03/2007	1108	1123	1102	1115	6145400	620.53
02/04/2007	1119	1130	1111	1123	4636400	624.98
03/04/2007	1132	1140	1112	1117	5105700	621.64
04/04/2007	1117	1129	1114	1123	3630600	624.98
05/04/2007	1121	1128	1117	1124	4995600	625.54
06/04/2007	1124	1124	1124	1124	0	625.54
09/04/2007	1124	1124	1124	1124	0	625.54
10/04/2007	1123	1130	1113	1115	4103000	620.53
11/04/2007	1115	1125	1099	1119	8745500	622.75
12/04/2007	1120	1150	1120	1148	11319800	638.89
13/04/2007	1146	1152	1137	1143	4031000	636.11
16/04/2007	1150	1156	1140	1154	3084300	642.23
17/04/2007	1154	1154	1143	1149	3803800	639.45
18/04/2007	1148	1156	1142	1155	3644000	642.79
19/04/2007	1141	1156	1136	1154	6740300	642.23
20/04/2007	1156	1175	1155	1159	6510000	645.02
23/04/2007	1158	1165	1156	1158	7822900	644.46
24/04/2007	1154	1162	1149	1160	4623500	645.57
25/04/2007	1164	1176	1160	1168	8492100	650.02
26/04/2007	1172	1191	1172	1179	3749600	656.15
27/04/2007	1174	1202	1174	1188	8039300	661.15
30/04/2007	1185	1195	1178	1190	4805300	662.27
01/05/2007	1192	1216	1188	1191	5064300	662.82
02/05/2007	1194	1213	1194	1206	4089900	671.17
03/05/2007	1201	1236	1201	1216	5057000	676.74
04/05/2007	1215	1234	1209	1221	3959600	679.52
07/05/2007	1221	1221	1221	1221	0	679.52
08/05/2007	1216	1238	1207	1216	7294600	676.74
09/05/2007	1215	1227	1207	1214	4394100	675.62
10/05/2007	1212	1219	1205	1207	5491600	671.73
11/05/2007	1195	1198	1179	1191	10170600	662.82
14/05/2007	1197	1205	1179	1190	5750300	662.27
15/05/2007	1185	1193	1175	1192	8103400	663.38
16/05/2007	1190	1191	1179	1186	5679300	660.04
17/05/2007	1190	1190	1152	1167	6130000	649.47
18/05/2007	1165	1194	1155	1190	7813200	662.27
21/05/2007	1192	1194	1175	1180	5321300	656.7
22/05/2007	1185	1192	1176	1180	11796800	656.7
23/05/2007	1187	1203	1183	1191	4769300	662.82
24/05/2007	1186	1200	1181	1184	7040800	658.93
25/05/2007	1177	1187	1177	1185	2910500	659.49
28/05/2007	1185	1185	1185	1185	0	659.49
29/05/2007	1191	1200	1186	1199	2332600	667.28
30/05/2007	1189	1196	1183	1195	2989200	665.05
31/05/2007	1201	1211	1197	1202	4099500	668.95
01/06/2007	1202	1202	1202	1202	0	668.95
04/06/2007	1218	1218	1206	1211	2542400	673.96
05/06/2007	1207	1214	1195	1201	3167600	668.39
06/06/2007	1205	1205	1180	1185	4225300	659.49
07/06/2007	1186	1197	1172	1179	5980300	656.15
08/06/2007	1177	1182	1161	1174	4500900	653.36
11/06/2007	1175	1208	1172	1206	3933500	671.17
12/06/2007	1200	1213	1193	1200	3519100	667.83
13/06/2007	1201	1206	1187	1205	5516800	670.62
14/06/2007	1221	1232	1211	1230	5759200	684.53
15/06/2007	1230	1266	1225	1261	10954700	701.78
18/06/2007	1272	1284	1263	1278	6377700	711.24
19/06/2007	1280	1292	1269	1271	3761800	707.35
20/06/2007	1283	1287	1274	1282	2972600	713.47
21/06/2007	1276	1303	1270	1278	6317400	711.24
22/06/2007	1280	1280	1256	1261	5334800	701.78
25/06/2007	1260	1274	1255	1270	5278600	706.79
26/06/2007	1268	1292	1258	1281	4643000	712.91
27/06/2007	1280	1280	1251	1257	16470100	699.56
28/06/2007	1260	1273	1254	1260	5080300	701.22
29/06/2007	1275	1275	1238	1266	10758500	704.56
02/07/2007	1265	1270	1253	1266	4616200	704.56
03/07/2007	1269	1278	1266	1274	3711400	709.02
04/07/2007	1270	1290	1270	1283	3525800	714.03
05/07/2007	1283	1292	1262	1265	3566100	704.01
06/07/2007	1272	1280	1266	1272	4781700	707.9
09/07/2007	1269	1286	1269	1273	2989700	708.46
10/07/2007	1280	1308	1271	1278	5566500	711.24
11/07/2007	1258	1277	1245	1270	5765500	706.79
12/07/2007	1279	1317	1279	1306	7316700	726.83
13/07/2007	1316	1316	1299	1300	6101200	723.49
16/07/2007	1306	1321	1297	1307	3384100	727.38
17/07/2007	1308	1308	1287	1289	3136000	717.36
18/07/2007	1285	1323	1285	1310	6854900	729.05
19/07/2007	1312	1335	1310	1321	5743600	735.17
20/07/2007	1325	1327	1305	1306	4008400	726.83
23/07/2007	1317	1335	1314	1332	3965700	741.29
24/07/2007	1331	1333	1298	1298	4053800	722.37
25/07/2007	1296	1327	1295	1305	6664300	726.27
26/07/2007	1305	1312	1256	1256	4314500	699
27/07/2007	1248	1263	1236	1242	7800200	691.21
30/07/2007	1239	1263	1232	1239	5919000	689.54
31/07/2007	1243	1291	1239	1273	10463000	708.46
01/08/2007	1261	1261	1217	1230	8033600	684.53
02/08/2007	1244	1270	1239	1269	5958300	706.23
03/08/2007	1269	1282	1261	1267	5680500	705.12
06/08/2007	1260	1260	1232	1244	4675100	692.32
07/08/2007	1251	1265	1245	1265	2860800	704.01
08/08/2007	1267	1298	1252	1293	6593900	719.59
09/08/2007	1285	1310	1270	1280	9183600	712.36
10/08/2007	1269	1279	1232	1232	10770400	685.64
13/08/2007	1255	1261	1241	1252	9474000	696.77
14/08/2007	1243	1252	1226	1233	6445300	686.2
15/08/2007	1217	1231	1208	1226	7001000	682.3
16/08/2007	1196	1208	1177	1178	13460400	655.59
17/08/2007	1175	1245	1172	1234	12638800	686.76
20/08/2007	1242	1253	1224	1228	3894700	683.42
21/08/2007	1236	1240	1220	1226	3141700	682.3
22/08/2007	1228	1265	1228	1259	6316300	700.67
23/08/2007	1270	1304	1262	1294	7931600	720.15
24/08/2007	1296	1302	1278	1297	2784000	721.82
27/08/2007	1297	1297	1297	1297	0	721.82
28/08/2007	1300	1308	1274	1282	4381600	713.47
29/08/2007	1276	1287	1264	1281	11007200	712.91
30/08/2007	1290	1329	1286	1326	13513700	737.96
31/08/2007	1337	1360	1322	1360	12791900	756.88
03/09/2007	1360	1368	1341	1362	4805200	757.99
04/09/2007	1352	1367	1344	1366	3721900	760.22
05/09/2007	1368	1368	1335	1339	2152300	745.19
06/09/2007	1354	1354	1311	1328	5745200	739.07
07/09/2007	1323	1345	1306	1310	3842900	729.05
10/09/2007	1310	1327	1305	1311	4977800	729.61
11/09/2007	1319	1354	1319	1351	4743800	751.87
12/09/2007	1356	1356	1313	1321	6837900	735.17
13/09/2007	1324	1344	1319	1341	4802000	746.3
14/09/2007	1330	1344	1314	1326	3686100	737.96
17/09/2007	1327	1341	1318	1326	4364800	737.96
18/09/2007	1317	1366	1315	1363	6307100	758.55
19/09/2007	1384	1401	1370	1393	5304600	775.24
20/09/2007	1392	1420	1381	1414	4091800	786.93
21/09/2007	1416	1436	1402	1422	6472900	791.38
24/09/2007	1418	1423	1410	1416	2311300	788.04
25/09/2007	1415	1421	1376	1382	8475200	769.12
26/09/2007	1391	1412	1390	1398	5291100	778.03
27/09/2007	1412	1412	1384	1389	5524900	773.02
28/09/2007	1394	1403	1376	1392	5576000	774.69
01/10/2007	1385	1409	1373	1380	3402400	768.01
02/10/2007	1384	1392	1364	1370	3682200	762.44
03/10/2007	1374	1388	1366	1380	4814400	768.01
04/10/2007	1383	1417	1380	1416	6104300	788.04
05/10/2007	1425	1466	1420	1451	9831800	807.52
08/10/2007	1474	1514	1460	1466	11423600	815.87
09/10/2007	1475	1547	1459	1487	19576000	827.56
10/10/2007	1500	1507	1454	1486	4706500	827
11/10/2007	1494	1509	1486	1492	4331900	830.34
12/10/2007	1490	1505	1460	1483	4810600	825.33
15/10/2007	1480	1480	1400	1413	8525300	786.37
16/10/2007	1418	1439	1400	1429	4581000	795.28
17/10/2007	1438	1492	1429	1462	10736100	813.64
18/10/2007	1473	1487	1456	1463	5493300	814.2
19/10/2007	1463	1482	1418	1432	6570700	796.95
22/10/2007	1406	1437	1406	1436	3062100	799.17
23/10/2007	1448	1448	1415	1419	2341100	789.71
24/10/2007	1424	1433	1404	1410	3277800	784.7
25/10/2007	1428	1432	1410	1418	3634100	789.16
26/10/2007	1414	1428	1412	1420	3537900	790.27
29/10/2007	1438	1438	1405	1428	2960400	794.72
30/10/2007	1435	1442	1425	1427	3282800	794.17
31/10/2007	1433	1445	1423	1445	3619300	804.18
01/11/2007	1445	1447	1404	1417	4262200	788.6
02/11/2007	1402	1429	1400	1425	5334500	793.05
05/11/2007	1409	1418	1394	1406	4252800	782.48
06/11/2007	1419	1425	1411	1420	2591300	790.27
07/11/2007	1410	1422	1384	1385	3331600	770.79
08/11/2007	1388	1416	1350	1405	3732400	781.92
09/11/2007	1410	1423	1349	1358	3677000	755.76
12/11/2007	1349	1365	1325	1343	3827100	747.42
13/11/2007	1340	1373	1326	1358	2505800	755.76
14/11/2007	1368	1400	1359	1375	3001000	765.23
15/11/2007	1350	1352	1311	1332	7395900	741.29
16/11/2007	1317	1357	1315	1344	3755800	747.97
19/11/2007	1340	1345	1297	1306	9764500	726.83
20/11/2007	1311	1330	1300	1330	3956100	740.18
21/11/2007	1312	1322	1264	1281	7275400	712.91
22/11/2007	1284	1301	1262	1294	3519800	720.15
23/11/2007	1292	1323	1282	1317	3188000	732.95
26/11/2007	1335	1343	1311	1319	4727700	734.06
27/11/2007	1319	1319	1264	1284	4531300	714.58
28/11/2007	1292	1342	1276	1332	5864000	741.29
29/11/2007	1345	1354	1318	1347	4423600	749.64
30/11/2007	1348	1387	1342	1384	4524000	770.23
03/12/2007	1381	1385	1357	1373	3081200	764.11
04/12/2007	1369	1380	1327	1349	4523700	750.76
05/12/2007	1358	1373	1339	1372	3892900	763.56
06/12/2007	1378	1406	1369	1386	4559300	771.35
07/12/2007	1395	1405	1359	1362	3695400	757.99
10/12/2007	1359	1376	1349	1353	2641900	752.98
11/12/2007	1355	1369	1336	1342	3265500	746.86
12/12/2007	1337	1350	1322	1339	3902800	745.19
13/12/2007	1326	1331	1295	1305	5962100	726.27
14/12/2007	1313	1324	1278	1304	3567000	725.71
17/12/2007	1284	1318	1279	1304	3690000	725.71
18/12/2007	1299	1313	1283	1303	4628200	725.16
19/12/2007	1304	1313	1283	1307	3050800	727.38
20/12/2007	1312	1328	1298	1316	3269800	732.39
21/12/2007	1323	1408	1318	1406	8912600	782.48
24/12/2007	1400	1440	1398	1413	522100	786.37
25/12/2007	1413	1413	1413	1413	0	786.37
26/12/2007	1413	1413	1413	1413	0	786.37
27/12/2007	1415	1449	1413	1439	2467500	800.84
28/12/2007	1433	1442	1418	1423	1829300	791.94
31/12/2007	1435	1435	1401	1416	772700	788.04
01/01/2008	1416	1416	1416	1416	0	788.04
02/01/2008	1407	1444	1403	1434	3024100	798.06
03/01/2008	1435	1450	1415	1439	3472300	800.84
04/01/2008	1436	1442	1398	1410	5710400	784.7
07/01/2008	1409	1419	1398	1418	4476400	789.16
08/01/2008	1430	1463	1420	1448	3202800	805.85
09/01/2008	1438	1440	1408	1421	7374900	790.83
10/01/2008	1426	1426	1380	1398	7528800	778.03
11/01/2008	1405	1410	1338	1349	7118200	750.76
14/01/2008	1347	1379	1331	1343	3706500	747.42
15/01/2008	1337	1344	1292	1294	8984000	720.15
16/01/2008	1267	1296	1233	1244	9592400	692.32
17/01/2008	1229	1244	1176	1187	12894000	660.6
18/01/2008	1188	1212	1156	1168	7624600	650.02
21/01/2008	1141	1158	1101	1103	6903900	613.85
22/01/2008	1066	1172	1057	1145	10627200	637.22
23/01/2008	1168	1172	1107	1124	7380900	625.54
24/01/2008	1159	1187	1132	1179	5825200	656.15
25/01/2008	1202	1221	1146	1157	5451400	643.9
28/01/2008	1126	1155	1081	1116	6611200	621.08
29/01/2008	1128	1178	1121	1140	7260100	634.44
30/01/2008	1133	1133	1073	1087	10063800	604.95
31/01/2008	1100	1105	1031	1079	16215400	600.49
01/02/2008	1101	1156	1096	1149	11402100	639.45
04/02/2008	1164	1171	1133	1138	4534800	633.33
05/02/2008	1131	1140	1107	1116	6011600	621.08
06/02/2008	1100	1116	1095	1107	6784400	616.08
07/02/2008	1108	1115	1088	1099	8827100	611.62
08/02/2008	1119	1133	1089	1103	5069900	613.85
11/02/2008	1101	1101	1068	1070	5765600	595.48
12/02/2008	1087	1100	1062	1095	6179400	609.4
13/02/2008	1089	1103	1074	1086	5414200	604.39
14/02/2008	1100	1115	1093	1111	5382700	618.3
15/02/2008	1108	1130	1097	1108	5601500	616.63
18/02/2008	1111	1144	1105	1134	3370100	631.1
19/02/2008	1134	1157	1112	1131	4433400	629.43
20/02/2008	1108	1108	1067	1082	10394100	602.16
21/02/2008	1106	1121	1089	1096	4253900	609.95
22/02/2008	1090	1101	1057	1071	5002100	596.04
25/02/2008	1086	1097	1056	1073	3782900	597.15
26/02/2008	1078	1089	1061	1074	3458500	597.71
27/02/2008	1084	1086	1050	1061	5265700	590.48
28/02/2008	1064	1080	1057	1061	5447800	590.48
29/02/2008	1055	1067	1047	1053	5496500	586.02
03/03/2008	1033	1051	1020	1037	6782200	577.12
04/03/2008	1045	1064	1029	1045	7697100	581.57
05/03/2008	1052	1067	1041	1062	5550300	591.03
06/03/2008	1065	1070	1037	1039	2939500	578.23
07/03/2008	1027	1055	1018	1046	5858200	582.13
10/03/2008	1041	1063	1034	1041	4302800	579.35
11/03/2008	1054	1094	1042	1072	8001600	596.6
12/03/2008	1092	1107	1067	1075	4346000	598.27
13/03/2008	1056	1065	1045	1060	5039800	589.92
14/03/2008	1053	1068	1029	1046	5453300	582.13
17/03/2008	1012	1020	995	995	5877400	553.75
18/03/2008	1016	1034	1001	1025	5423700	570.44
19/03/2008	1045	1066	1017	1031	8000900	573.78
20/03/2008	1018	1040	1014	1028	7637600	572.11
21/03/2008	1028	1028	1028	1028	0	572.11
24/03/2008	1028	1028	1028	1028	0	572.11
25/03/2008	1056	1091	1045	1089	6087700	606.06
26/03/2008	1074	1129	1074	1115	6585800	620.53
27/03/2008	1107	1127	1100	1124	3925300	625.54
28/03/2008	1125	1140	1109	1113	4337200	619.42
31/03/2008	1108	1113	1083	1104	5996300	614.41
01/04/2008	1103	1131	1100	1128	3676700	627.76
02/04/2008	1129	1133	1096	1111	6707100	618.3
03/04/2008	1108	1120	1097	1108	3565400	616.63
04/04/2008	1114	1124	1097	1121	6342300	623.87
07/04/2008	1127	1141	1111	1119	3020400	622.75
08/04/2008	1107	1131	1107	1116	2638800	621.08
09/04/2008	1105	1105	1086	1090	4522400	606.62
10/04/2008	1093	1110	1082	1090	6284400	606.62
11/04/2008	1101	1106	1060	1062	7137000	591.03
14/04/2008	1053	1083	1046	1080	3568000	601.05
15/04/2008	1081	1110	1065	1104	5370100	614.41
16/04/2008	1100	1124	1088	1120	8574200	623.31
17/04/2008	1122	1184	1121	1179	7380800	656.15
18/04/2008	1184	1196	1168	1194	4402600	664.49
21/04/2008	1188	1227	1181	1200	4557700	667.83
22/04/2008	1196	1225	1191	1208	4976900	672.29
23/04/2008	1214	1216	1179	1200	4677400	667.83
24/04/2008	1193	1216	1182	1213	3130600	675.07
25/04/2008	1219	1219	1189	1196	4443300	665.61
28/04/2008	1200	1203	1184	1190	2266900	662.27
29/04/2008	1178	1196	1162	1169	3975600	650.58
30/04/2008	1173	1180	1161	1168	4342500	650.02
01/05/2008	1180	1182	1161	1172	1459700	652.25
02/05/2008	1180	1201	1180	1195	2498800	665.05
06/05/2008	1186	1191	1165	1182	3068400	657.82
07/05/2008	1192	1204	1184	1196	2650300	665.61
08/05/2008	1184	1184	1161	1173	5744300	652.81
09/05/2008	1167	1185	1158	1167	2861700	649.47
12/05/2008	1171	1173	1162	1168	2221100	650.02
13/05/2008	1172	1192	1170	1186	3129800	660.04
14/05/2008	1188	1213	1188	1203	3537400	669.5
15/05/2008	1239	1291	1200	1250	7473200	695.66
16/05/2008	1254	1275	1240	1269	4552900	706.23
19/05/2008	1270	1284	1263	1283	2235600	714.03
20/05/2008	1278	1292	1266	1274	3989200	709.02
21/05/2008	1276	1276	1245	1256	3570200	699
22/05/2008	1248	1260	1237	1249	3423000	695.1
23/05/2008	1241	1245	1218	1224	6654000	681.19
27/05/2008	1280	1324	1268	1309	14021600	728.49
28/05/2008	1319	1371	1289	1293	13688000	719.59
29/05/2008	1300	1300	1259	1277	6217300	710.69
30/05/2008	1280	1311	1279	1300	6834900	723.49
02/06/2008	1295	1311	1281	1300	4513500	723.49
03/06/2008	1303	1325	1297	1324	3699900	736.84
04/06/2008	1323	1329	1305	1316	4309900	732.39
05/06/2008	1315	1337	1292	1298	5097800	722.37
06/06/2008	1308	1315	1254	1255	4983200	698.44
10/06/2008	1237	1260	1234	1237	3783000	688.42
11/06/2008	1220	1244	1217	1238	5453100	688.98
12/06/2008	1221	1236	1189	1200	9414000	667.83
13/06/2008	1195	1209	1164	1208	6617500	672.29
16/06/2008	1208	1208	1150	1159	5511500	645.02
17/06/2008	1163	1200	1160	1195	6252200	665.05
18/06/2008	1203	1203	1165	1173	4450400	652.81
19/06/2008	1170	1192	1135	1137	4794300	632.77
20/06/2008	1145	1160	1121	1124	6396300	625.54
23/06/2008	1122	1164	1122	1159	3957700	645.02
24/06/2008	1156	1156	1105	1144	9613700	636.67
25/06/2008	1151	1165	1128	1161	3723200	646.13
26/06/2008	1161	1166	1131	1144	4123800	636.67
27/06/2008	1140	1143	1102	1116	4349000	621.08
30/06/2008	1121	1160	1118	1152	4682600	641.12
01/07/2008	1148	1148	1108	1131	4371300	629.43
02/07/2008	1124	1140	1109	1118	4740600	622.2
03/07/2008	1100	1116	1088	1115	5021600	620.53
04/07/2008	1112	1116	1073	1073	3208900	597.15
07/07/2008	1088	1102	1079	1101	5425300	612.74
08/07/2008	1078	1107	1055	1103	4867200	613.85
09/07/2008	1096	1107	1082	1103	3403900	613.85
10/07/2008	1078	1083	1052	1060	5678400	589.92
11/07/2008	1060	1068	1024	1025	6160400	570.44
14/07/2008	1035	1065	1035	1056	4600900	587.69
15/07/2008	1050	1050	1025	1043	4241100	580.46
16/07/2008	1047	1086	1039	1084	10140100	603.28
17/07/2008	1095	1148	1087	1136	7001100	632.22
18/07/2008	1128	1154	1107	1154	5983900	642.23
21/07/2008	1147	1153	1129	1134	3965500	631.1
22/07/2008	1123	1125	1089	1116	10612100	621.08
23/07/2008	1127	1127	1085	1108	7232400	616.63
24/07/2008	1114	1129	1091	1097	3637600	610.51
25/07/2008	1081	1090	1063	1082	6424900	602.16
28/07/2008	1082	1090	1068	1079	8225500	600.49
29/07/2008	1069	1106	1060	1095	2742600	609.4
30/07/2008	1103	1112	1096	1103	4782300	613.85
31/07/2008	1110	1110	1041	1049	10199800	583.8
01/08/2008	1040	1056	1036	1039	5003200	578.23
04/08/2008	1044	1076	1041	1066	4388300	593.26
05/08/2008	1073	1115	1070	1101	5838700	612.74
06/08/2008	1101	1115	1096	1110	3681600	617.75
07/08/2008	1108	1117	1101	1108	4270700	616.63
08/08/2008	1102	1135	1101	1128	2233900	627.76
11/08/2008	1136	1150	1124	1148	2545400	638.89
12/08/2008	1145	1198	1136	1164	6096000	647.8
13/08/2008	1151	1160	1138	1138	2857400	633.33
14/08/2008	1143	1153	1124	1133	4082700	630.55
15/08/2008	1142	1153	1128	1139	2262600	633.89
18/08/2008	1140	1157	1133	1143	2349400	636.11
19/08/2008	1148	1156	1121	1124	2966400	625.54
20/08/2008	1125	1136	1106	1120	2168600	623.31
21/08/2008	1116	1118	1092	1099	1969400	611.62
22/08/2008	1107	1152	1094	1144	3533800	636.67
26/08/2008	1127	1141	1109	1127	2991700	627.21
27/08/2008	1123	1132	1109	1123	3451600	624.98
28/08/2008	1128	1178	1111	1170	3780900	651.14
29/08/2008	1170	1186	1163	1181	2939600	657.26
01/09/2008	1174	1187	1160	1181	1108400	657.26
02/09/2008	1180	1249	1179	1246	4150600	693.43
03/09/2008	1232	1242	1199	1201	3646800	668.39
04/09/2008	1197	1213	1179	1182	2254900	657.82
05/09/2008	1179	1182	1131	1132	5592100	629.99
08/09/2008	1175	1194	1143	1192	2096500	663.38
09/09/2008	1196	1235	1195	1218	4035500	677.85
10/09/2008	1221	1224	1187	1212	4043400	674.51
11/09/2008	1211	1212	1171	1185	3446300	659.49
12/09/2008	1200	1224	1182	1224	3740700	681.19
15/09/2008	1215	1234	1177	1216	4636700	676.74
16/09/2008	1189	1238	1170	1188	6405500	661.15
17/09/2008	1170	1212	1134	1175	3904900	653.92
18/09/2008	1169	1182	1139	1145	8057200	637.22
19/09/2008	1128	1255	1110	1207	6095200	671.73
22/09/2008	1184	1202	1149	1151	4323600	640.56
23/09/2008	1150	1159	1099	1120	8939500	623.31
24/09/2008	1102	1115	1079	1090	3728000	606.62
25/09/2008	1100	1146	1090	1134	4364100	631.1
26/09/2008	1120	1130	1088	1098	6079800	611.07
29/09/2008	1088	1120	1054	1054	5224700	586.58
30/09/2008	1051	1103	1027	1086	7804900	604.39
01/10/2008	1107	1107	1074	1087	4174800	604.95
02/10/2008	1078	1090	1021	1029	3644700	572.67
03/10/2008	1038	1042	990.5	1014	5556300	564.32
06/10/2008	990	990	933.5	934	4315100	519.8
07/10/2008	947.5	1044	947.5	1033	6957400	574.89
08/10/2008	989	1037	956	972	7546500	540.94
09/10/2008	981	1006	947.5	967	6004900	538.16
10/10/2008	900	962.5	888	896	6946500	498.65
13/10/2008	965	988	908	970	6758600	539.83
14/10/2008	970	990	919	950	6766200	528.7
15/10/2008	957	957	863	869	9896700	483.62
16/10/2008	805	910	800	866.5	7603200	482.23
17/10/2008	900	904.5	850	884.5	9726500	492.25
20/10/2008	867	906.5	844.5	897.5	6503600	499.48
21/10/2008	925	940.5	901	930	5733200	517.57
22/10/2008	900.5	929	865	869	7428700	483.62
23/10/2008	870	878.5	808.5	836	10076000	465.26
24/10/2008	812.5	822.5	758	805.5	13839700	448.28
27/10/2008	778.5	820	770	799.5	10243500	444.94
28/10/2008	836	873.5	809	857.5	9681100	477.22
29/10/2008	899	916	882.5	911.5	8893600	507.28
30/10/2008	965	979.5	924.5	944.5	7397000	525.64
31/10/2008	953.5	993	913.5	983.5	6463200	547.35
03/11/2008	1000	1000	959	974	5341700	542.06
04/11/2008	974.5	1014	967	990.5	6441500	551.24
05/11/2008	990	1008	976	985.5	6303500	548.46
06/11/2008	969	984.5	938.5	942.5	5316700	524.53
07/11/2008	943	965	912	952	4783100	529.81
10/11/2008	977	996	962.5	976.5	3989700	543.45
11/11/2008	959	962.5	913	918	6081100	510.89
12/11/2008	931	935	887.5	905.5	7288400	503.94
13/11/2008	875	938	875	929.5	7456600	517.29
14/11/2008	965	993	947	958	6821300	533.15
17/11/2008	948	975.5	945	953.5	3730700	530.65
18/11/2008	950	986	931	975.5	6196500	542.89
19/11/2008	975.5	986	941.5	947	5748400	527.03
20/11/2008	915.5	954	915	921.5	8654900	512.84
21/11/2008	930.5	946.5	905.5	912.5	7228100	507.83
24/11/2008	932	1020	921.5	1011	6741200	689.45
25/11/2008	1000	1057	993.5	1001	6797300	682.63
26/11/2008	989	1034	986	1015	5418700	692.18
27/11/2008	1039	1081	1022	1070	3244200	729.68
28/11/2008	1077	1082	1037	1052	5394800	717.41
01/12/2008	1056	1063	1005	1014	3451400	691.49
02/12/2008	1001	1032	981.5	1028	4828700	701.04
03/12/2008	1018	1060	1002	1045	4463600	712.63
04/12/2008	1051	1091	1043	1076	5021900	733.77
05/12/2008	1070	1081	1025	1041	6977400	709.91
08/12/2008	1092	1128	1069	1105	5623600	753.55
09/12/2008	1093	1168	1090	1132	4480300	771.96
10/12/2008	1131	1156	1095	1104	5243400	752.87
11/12/2008	1096	1122	1084	1099	5057900	749.46
12/12/2008	1075	1118	1075	1099	4113200	749.46
15/12/2008	1126	1146	1103	1126	3943900	767.87
16/12/2008	1118	1142	1118	1135	3182700	774.01
17/12/2008	1157	1172	1126	1149	4483900	783.56
18/12/2008	1146	1189	1136	1181	4505800	805.38
19/12/2008	1159	1179	1133	1159	6497300	790.38
22/12/2008	1149	1176	1147	1167	2453500	795.83
23/12/2008	1166	1200	1164	1170	2568200	797.88
24/12/2008	1179	1183	1150	1160	463000	791.06
29/12/2008	1164	1192	1155	1166	2011700	795.15
30/12/2008	1177	1197	1160	1191	1980500	812.2
31/12/2008	1200	1200	1160	1163	919300	793.1
02/01/2009	1168	1194	1168	1194	1548900	814.24
05/01/2009	1195	1210	1183	1205	2796200	821.75
06/01/2009	1215	1218	1174	1190	3390600	811.52
07/01/2009	1180	1184	1140	1151	4428900	784.92
08/01/2009	1148	1155	1119	1136	5860600	774.69
09/01/2009	1144	1150	1110	1122	3784600	765.14
12/01/2009	1120	1141	1097	1110	8206300	756.96
13/01/2009	1103	1121	1087	1103	4449300	752.19
14/01/2009	1113	1114	1044	1060	4399900	722.86
15/01/2009	1039	1068	1012	1044	5822300	711.95
16/01/2009	1066	1089	1045	1060	3222200	722.86
19/01/2009	1080	1119	1075	1106	4033200	754.23
20/01/2009	1107	1132	1100	1117	4009100	761.73
21/01/2009	1101	1127	1090	1103	4115900	752.19
22/01/2009	1122	1122	1080	1088	2838800	741.96
23/01/2009	1087	1126	1066	1116	3449800	761.05
26/01/2009	1108	1140	1100	1135	3048400	774.01
27/01/2009	1135	1150	1113	1145	2485800	780.83
28/01/2009	1157	1183	1144	1176	2845600	801.97
29/01/2009	1174	1175	1136	1150	2335500	784.24
30/01/2009	1151	1161	1119	1132	3798300	771.96
02/02/2009	1120	1123	1090	1105	3137400	753.55
03/02/2009	1110	1147	1105	1143	2585800	779.47
04/02/2009	1151	1180	1137	1175	3387600	801.29
05/02/2009	1150	1180	1118	1150	3669800	784.24
06/02/2009	1162	1175	1136	1166	2682900	795.15
09/02/2009	1172	1179	1143	1166	2062100	795.15
10/02/2009	1164	1164	1136	1139	4689200	776.74
11/02/2009	1126	1138	1104	1132	4182700	771.96
12/02/2009	1115	1120	1086	1115	3633600	760.37
13/02/2009	1125	1135	1103	1121	3371400	764.46
16/02/2009	1107	1112	1085	1089	2258700	742.64
17/02/2009	1068	1081	1044	1077	5061200	734.46
18/02/2009	1082	1095	1058	1073	3679600	731.73
19/02/2009	1083	1113	1079	1101	3634200	750.82
20/02/2009	1089	1093	1054	1054	3159400	718.77
23/02/2009	1065	1077	1023	1028	2975400	701.04
24/02/2009	1022	1030	1006	1020	3790100	695.59
25/02/2009	1029	1041	1015	1028	3200900	701.04
26/02/2009	1034	1048	1008	1021	3735600	696.27
27/02/2009	1007	1020	987	1018	3504100	694.22
02/03/2009	994	994.5	964	964	3940800	657.4
03/03/2009	964.5	974	944.5	950.5	5904500	648.19
04/03/2009	955.5	971.5	933	955	5845500	651.26
05/03/2009	951	980	949.5	953	5081900	649.9
06/03/2009	950.5	961.5	925	930	4829300	634.21
09/03/2009	937	948.5	906	921	4644600	628.07
10/03/2009	927	949.5	925	947.5	5691300	646.14
11/03/2009	951.5	968	932	950	7584400	647.85
12/03/2009	948.5	951	933.5	938.5	6243000	640.01
13/03/2009	952	980	952	962	6280900	656.03
16/03/2009	980	994.5	974	989	4853700	674.45
17/03/2009	986.5	988.5	973	988	3123300	673.76
18/03/2009	999.5	1004	974.5	980.5	5405100	668.65
19/03/2009	989.5	993.5	969.5	976	8349600	665.58
20/03/2009	974.5	1007	971	998.5	8930700	680.92
23/03/2009	1029	1043	1011	1030	5222100	702.41
24/03/2009	1040	1046	1029	1039	2795800	708.54
25/03/2009	1038	1051	1019	1023	3572300	697.63
26/03/2009	1029	1029	1012	1023	3334900	697.63
27/03/2009	1024	1036	1002	1009	4446700	688.08
30/03/2009	1006	1015	985.5	996.5	2971100	679.56
31/03/2009	1008	1043	1004	1037	3647200	707.18
01/04/2009	1013	1071	1013	1065	3539500	726.27
02/04/2009	1079	1104	1076	1095	4397500	746.73
03/04/2009	1106	1110	1084	1092	3801500	744.69
06/04/2009	1097	1115	1065	1084	2992000	739.23
07/04/2009	1081	1094	1059	1074	3868300	732.41
08/04/2009	1056	1070	1038	1057	3933900	720.82
09/04/2009	1061	1068	1039	1055	3049400	719.45
14/04/2009	1062	1062	1035	1047	3929500	714
15/04/2009	1040	1073	1036	1063	3698900	724.91
16/04/2009	1078	1087	1038	1079	4757000	735.82
17/04/2009	1074	1090	1060	1066	2750800	726.96
20/04/2009	1060	1072	1035	1045	427600	712.63
21/04/2009	1050	1069	1033	1049	275200	715.36
22/04/2009	1031	1057	1031	1049	583100	715.36
23/04/2009	1047	1062	1035	1051	451800	716.73
24/04/2009	1055	1087	1043	1082	556400	737.87
27/04/2009	1080	1085	1061	1074	394000	732.41
28/04/2009	1063	1075	1056	1070	183500	729.68
29/04/2009	1071	1122	1069	1116	918000	761.05
30/04/2009	1120	1154	1119	1142	844700	778.78
01/05/2009	1134	1154	1132	1145	142300	780.83
05/05/2009	1174	1190	1151	1185	585300	808.11
06/05/2009	1185	1248	1175	1232	357400	840.16
07/05/2009	1232	1275	1230	1249	651000	851.75
08/05/2009	1251	1251	1218	1221	995200	832.66
11/05/2009	1220	1221	1191	1211	606600	825.84
12/05/2009	1212	1228	1192	1225	644300	835.38
13/05/2009	1232	1239	1216	1220	1043400	831.97
14/05/2009	1225	1250	1189	1231	352700	839.48
15/05/2009	1245	1250	1208	1217	565200	829.93
18/05/2009	1223	1256	1211	1252	521300	853.8
19/05/2009	1256	1268	1243	1257	1889100	857.21
20/05/2009	1265	1289	1255	1280	676500	872.89
21/05/2009	1273	1273	1246	1252	423700	853.8
22/05/2009	1231	1249	1227	1243	316600	847.66
26/05/2009	1239	1278	1225	1271	493800	866.75
27/05/2009	1270	1282	1251	1263	242600	861.3
28/05/2009	1248	1264	1237	1249	331200	851.75
29/05/2009	1260	1273	1255	1266	1122500	863.34
01/06/2009	1283	1289	1259	1273	742900	868.12
02/06/2009	1271	1309	1260	1306	728300	890.62
03/06/2009	1314	1314	1257	1264	922700	861.98
04/06/2009	1259	1280	1256	1268	676200	864.71
05/06/2009	1270	1306	1270	1289	633300	879.03
08/06/2009	1284	1294	1268	1289	641900	879.03
09/06/2009	1291	1303	1271	1295	1140900	883.12
10/06/2009	1306	1313	1285	1287	1303700	877.67
11/06/2009	1281	1294	1256	1265	3374600	862.66
12/06/2009	1255	1261	1242	1248	529800	851.07
15/06/2009	1241	1248	1218	1228	427600	837.43
16/06/2009	1234	1245	1224	1231	554000	839.48
17/06/2009	1224	1240	1213	1230	245800	838.79
18/06/2009	1240	1263	1222	1255	982200	855.84
19/06/2009	1250	1294	1242	1284.48	6869000	875.95
22/06/2009	1280	1286	1250	1256	499400	856.53
23/06/2009	1249	1268	1249	1260	568200	859.25
24/06/2009	1262	1286	1254	1284.36	1412300	875.87
25/06/2009	1279	1282	1260	1279	583500	872.21
26/06/2009	1282	1291	1247	1255.5	489700	856.19
29/06/2009	1249	1270	1249	1257	332000	857.21
30/06/2009	1257	1257	1229	1235	1411600	842.2
01/07/2009	1241	1283	1239	1280	1063000	872.89
02/07/2009	1275	1295	1259	1265	1006700	862.66
03/07/2009	1267	1271	1256	1266	531800	863.34
06/07/2009	1265	1265	1242	1251	668800	853.12
07/07/2009	1260	1260	1242	1242	360500	846.98
08/07/2009	1235	1245	1227	1239	673900	844.93
09/07/2009	1238	1249	1210	1231	687900	839.48
10/07/2009	1230	1241	1228	1232	763600	840.16
13/07/2009	1226	1253	1215	1249.61	485500	852.17
14/07/2009	1267	1274	1244	1265	659900	862.66
15/07/2009	1273	1296	1270	1288	632000	878.35
16/07/2009	1314	1332	1296	1314	1171800	896.08
17/07/2009	1320	1325	1305	1306	632600	890.62
20/07/2009	1313	1316	1301	1304	339900	889.26
21/07/2009	1301	1331	1293	1324	570900	902.9
22/07/2009	1329	1345	1324	1339	357300	913.13
23/07/2009	1339	1355	1316	1330.97	596900	907.65
24/07/2009	1355	1376	1339	1341	1271700	914.49
27/07/2009	1319	1338	1312	1337	288900	911.76
28/07/2009	1343	1355	1329	1341	254100	914.49
29/07/2009	1342	1380	1339	1373.6	609600	936.72
30/07/2009	1392	1400	1364	1397	611000	952.68
31/07/2009	1398	1404	1369	1387	1152700	945.86
03/08/2009	1385	1386	1354	1363	727800	929.49
04/08/2009	1359	1367	1347	1365	1264000	930.86
05/08/2009	1365	1369	1337	1343	761500	915.85
06/08/2009	1342	1365	1335	1362	300700	928.81
07/08/2009	1356	1363	1333	1359.54	1691000	927.14
10/08/2009	1352	1359	1342	1355	189500	924.04
11/08/2009	1354	1365	1340	1346	693100	917.9
12/08/2009	1339	1344	1321	1339	495600	913.13
13/08/2009	1345	1355	1334	1345.1	611500	917.29
14/08/2009	1346	1360	1336	1342	610200	915.17
17/08/2009	1342	1349	1318	1331	697100	1236.86
18/08/2009	1334	1345	1330	1345	644900	1249.87
19/08/2009	1325	1329	1307	1320	795700	1226.64
20/08/2009	1327	1371	1327	1362	1378000	1265.67
21/08/2009	1360	1412	1355	1393	742400	1294.48
24/08/2009	1404	1419	1397	1411	2147100	1311.2
25/08/2009	1409	1428	1403	1416	2307500	1315.85
26/08/2009	1420	1447	1416	1434	5251700	1332.58
27/08/2009	1435	1441	1416	1423	1790600	1322.35
28/08/2009	1427	1446	1425	1426	3306300	1325.14
01/09/2009	1430	1446	1402	1404	2770800	1304.7
02/09/2009	1409	1410	1394	1403	2617800	1303.77
03/09/2009	1400	1410	1396	1401	2157800	1301.91
04/09/2009	1413	1431	1403	1428	2048000	1327
07/09/2009	1447	1478	1447	1452	2870700	1349.3
08/09/2009	1456	1463	1444	1458	1396000	1354.88
09/09/2009	1452	1496	1450	1483	3759600	1378.11
10/09/2009	1487	1496	1436	1450	2830700	1347.44
11/09/2009	1458	1462	1439	1452	2318100	1349.3
14/09/2009	1440	1468	1439	1465	1376400	1361.38
15/09/2009	1472	1499	1470	1492	2826600	1386.47
16/09/2009	1497	1519	1492	1510	2287200	1403.2
17/09/2009	1517	1543	1512	1526	2397700	1418.07
18/09/2009	1541	1559	1528	1535	5763200	1426.43
21/09/2009	1536	1536	1515	1523	2072400	1415.28
22/09/2009	1516	1541	1510	1514	1930000	1406.92
23/09/2009	1495	1504	1488	1495	3744600	1389.26
24/09/2009	1490	1499	1456	1497	4863900	1391.12
25/09/2009	1502	1513	1493	1502	3224300	1395.77
28/09/2009	1497	1529	1493	1524	2350400	1416.21
29/09/2009	1518	1537	1514	1518	1771900	1410.63
30/09/2009	1517	1551	1485	1509	8302500	1402.27
01/10/2009	1509	1512	1478	1481	2680800	1376.25
02/10/2009	1470	1526	1450	1516	5824000	1408.78
05/10/2009	1520	1524	1499	1513	3134400	1405.99
06/10/2009	1511	1547	1504	1541	3135000	1432.01
07/10/2009	1535	1570	1532	1557	2877500	1446.88
08/10/2009	1575	1605	1573	1604	3514700	1490.55
09/10/2009	1599	1613	1596	1607	5574400	1493.34
12/10/2009	1604	1643	1601	1627	2617400	1511.92
13/10/2009	1627	1641	1620	1622	3302700	1507.28
14/10/2009	1627	1634	1595	1630	5093700	1514.71
15/10/2009	1614	1653	1607	1642	3825400	1525.86
16/10/2009	1640	1657	1630	1636	5841200	1520.29
19/10/2009	1635	1658	1635	1655	3750200	1537.94
20/10/2009	1650	1683	1650	1664	2783100	1546.31
21/10/2009	1670	1673	1649	1660	2972300	1542.59
22/10/2009	1645	1654	1623	1630	3612000	1514.71
23/10/2009	1635	1678	1634	1647	2680800	1530.51
26/10/2009	1655	1657	1620	1631	2118600	1515.64
27/10/2009	1631	1640	1619	1627	2485700	1511.92
28/10/2009	1627	1627	1597	1600	2728100	1486.83
29/10/2009	1598	1625	1579	1618	2863500	1503.56
30/10/2009	1618	1644	1593	1603	3385500	1489.62
02/11/2009	1597	1626	1596	1617	2237500	1502.63
03/11/2009	1608	1609	1571	1600	3843200	1486.83
04/11/2009	1596	1621	1596	1616	2786300	1501.7
05/11/2009	1600	1650	1590	1640	2413000	1524.01
06/11/2009	1636	1661	1631	1646	3499400	1529.58
09/11/2009	1658	1666	1645	1657	2411200	1539.8
10/11/2009	1671	1675	1641	1648	3498400	1531.44
11/11/2009	1662	1682	1651	1672	3734100	1553.74
12/11/2009	1670	1680	1647	1668	2561100	1550.02
13/11/2009	1673	1677	1656	1674	1148400	1555.6
16/11/2009	1674	1693	1668	1691	1367500	1571.4
17/11/2009	1689	1697	1673	1682	2513100	1563.03
18/11/2009	1685	1694	1656	1657	2872200	1539.8
19/11/2009	1670	1745	1670	1714	6970100	1592.77
20/11/2009	1727	1744	1717	1730	4606700	1607.64
23/11/2009	1732	1777	1732	1768	2504600	1642.95
24/11/2009	1761	1797	1761	1787	1918800	1660.61
25/11/2009	1793	1816	1787	1809	3091400	1681.05
26/11/2009	1800	1803	1757	1763	2973700	1638.31
27/11/2009	1751	1789	1744	1782	2118900	1655.96
30/11/2009	1784	1795	1767	1770	2446300	1770
01/12/2009	1779	1796	1778	1796	1699600	1796
02/12/2009	1788	1815	1782	1805	3225100	1805
03/12/2009	1812	1812	1788	1793	3171000	1793
04/12/2009	1784	1836	1779	1830	3197700	1830
07/12/2009	1821	1849	1806	1837	2782100	1837
08/12/2009	1827	1853	1820	1820	2943800	1820
09/12/2009	1816	1825	1772	1775	3062900	1775
11/12/2009	1789	1831	1787	1822	2515700	1822
14/12/2009	1828	1849	1805	1814	2419200	1814
15/12/2009	1823	1830	1800	1815	1925400	1815
16/12/2009	1817	1821	1789	1809	1617400	1809
17/12/2009	1798	1825	1793	1794	2583000	1794
18/12/2009	1792	1805	1776	1795	4162000	1795
21/12/2009	1803	1807	1794	1799	1105400	1799
22/12/2009	1801	1812	1796	1799	1017900	1799
23/12/2009	1813	1816	1800	1812	1257400	1812
24/12/2009	1805	1822	1805	1807	3587200	1807
29/12/2009	1815	1854	1815	1852	4491900	1852
30/12/2009	1851	1857	1835	1839	656100	1839
31/12/2009	1848	1850	1816	1826	3183400	1826
