Date	Open	High	Low	Close	Volume	Adj Close
03/01/2006	1305	1318	1299	1314	3817000	1054.5
04/01/2006	1325	1351	1318	1343	6482900	1077.77
05/01/2006	1345	1348	1308	1317	6894900	1056.91
06/01/2006	1320	1324	1307	1321	5765700	1060.12
09/01/2006	1335	1341	1325	1330	7486800	1067.34
10/01/2006	1332	1332	1291	1296	9260600	1040.06
11/01/2006	1301	1307	1288	1303	10999000	1045.67
12/01/2006	1304	1327	1304	1323	6336700	1061.72
13/01/2006	1320	1334	1308	1325	5174100	1063.33
16/01/2006	1381	1440	1358	1401	15022300	1124.32
17/01/2006	1387	1394	1357	1370	9625000	1099.44
18/01/2006	1355	1383	1344	1372	6530100	1101.05
19/01/2006	1388	1413	1387	1406	5870800	1128.33
20/01/2006	1398	1407	1389	1397	6598000	1121.11
23/01/2006	1384	1393	1369	1374	5122100	1102.65
24/01/2006	1374	1381	1355	1359	6565000	1090.61
25/01/2006	1365	1381	1360	1381	7403400	1108.27
26/01/2006	1384	1408	1377	1390	4898400	1115.49
27/01/2006	1400	1409	1382	1391	3189200	1116.29
30/01/2006	1394	1403	1358	1392	3729500	1117.1
31/01/2006	1373	1401	1373	1395	4614100	1119.5
01/02/2006	1385	1442	1383	1423	9276600	1141.97
02/02/2006	1416	1420	1396	1400	7641700	1123.52
03/02/2006	1400	1405	1374	1394	3273800	1118.7
06/02/2006	1402	1419	1391	1393	2837300	1117.9
07/02/2006	1403	1409	1386	1397	2886300	1121.11
08/02/2006	1385	1408	1380	1397	3523400	1121.11
09/02/2006	1406	1446	1405	1442	7737700	1157.22
10/02/2006	1445	1469	1445	1455	5042000	1167.65
13/02/2006	1467	1477	1451	1464	3372300	1174.88
14/02/2006	1477	1480	1458	1463	4674800	1174.08
15/02/2006	1470	1477	1454	1467	4426100	1177.29
16/02/2006	1472	1479	1462	1477	3198400	1185.31
17/02/2006	1476	1481	1465	1477	3174100	1185.31
20/02/2006	1500	1513	1472	1480	2986400	1187.72
21/02/2006	1497	1497	1466	1472	4951700	1181.3
22/02/2006	1468	1478	1461	1475	7341300	1183.71
23/02/2006	1483	1483	1451	1462	6285600	1173.27
24/02/2006	1471	1481	1460	1465	4097700	1175.68
27/02/2006	1470	1489	1469	1488	2628900	1194.14
28/02/2006	1494	1496	1480	1490	5809600	1195.74
01/03/2006	1490	1490	1462	1471	5424300	1180.5
02/03/2006	1479	1551	1465	1527	21575600	1225.44
03/03/2006	1522	1598	1480	1487	13176700	1193.34
06/03/2006	1487	1528	1487	1512	26756800	1213.4
07/03/2006	1509	1509	1447	1449	17262200	1162.84
08/03/2006	1428	1433	1404	1413	11882700	1170.34
09/03/2006	1420	1432	1398	1404	7018400	1162.89
10/03/2006	1403	1449	1403	1436	11098600	1189.39
13/03/2006	1449	1460	1432	1435	7083800	1188.57
14/03/2006	1427	1457	1427	1450	7081700	1200.99
15/03/2006	1435	1474	1433	1467	6339400	1215.07
16/03/2006	1466	1492	1466	1490	8220100	1234.12
17/03/2006	1490	1525	1490	1520	10101700	1258.97
20/03/2006	1528	1583	1521	1533	10067400	1269.74
21/03/2006	1538	1540	1527	1540	4904900	1275.53
22/03/2006	1539	1543	1521	1535	5039900	1271.39
23/03/2006	1547	1553	1510	1517	8260500	1256.48
24/03/2006	1510	1541	1509	1531	4466300	1268.08
27/03/2006	1539	1551	1520	1524	8788200	1262.28
28/03/2006	1500	1505	1454	1482	36990800	1227.49
29/03/2006	1485	1488	1448	1457	21654300	1206.79
30/03/2006	1457	1468	1445	1456	26696700	1205.96
31/03/2006	1459	1459	1426	1432	8953900	1186.08
03/04/2006	1438	1477	1438	1470	17890400	1217.56
04/04/2006	1468	1499	1460	1492	26409900	1235.78
05/04/2006	1485	1522	1485	1516	5566300	1255.66
06/04/2006	1517	1530	1516	1524	8841600	1262.28
07/04/2006	1527	1534	1493	1497	10768700	1239.92
10/04/2006	1497	1497	1483	1493	5712000	1236.61
11/04/2006	1488	1492	1447	1450	5105100	1200.99
12/04/2006	1442	1457	1436	1442	7713900	1194.36
13/04/2006	1438	1464	1438	1459	3775600	1208.44
14/04/2006	1459	1459	1459	1459	0	1208.44
17/04/2006	1459	1459	1459	1459	0	1208.44
18/04/2006	1441	1480	1441	1455	2460800	1205.13
19/04/2006	1470	1482	1452	1456	3742300	1205.96
20/04/2006	1453	1459	1423	1428	13309300	1182.77
21/04/2006	1432	1441	1419	1433	6850000	1186.91
24/04/2006	1433	1433	1401	1416	3649200	1172.83
25/04/2006	1427	1443	1418	1422	7056000	1177.8
26/04/2006	1422	1437	1414	1429	7854400	1183.6
27/04/2006	1429	1438	1406	1415	6826900	1172
28/04/2006	1415	1517	1415	1456	14185900	1205.96
01/05/2006	1456	1456	1456	1456	0	1205.96
02/05/2006	1448	1511	1439	1468	8316600	1215.9
03/05/2006	1473	1474	1431	1432	5584400	1186.08
04/05/2006	1432	1455	1432	1443	5181300	1195.19
05/05/2006	1454	1461	1443	1459	3446700	1208.44
08/05/2006	1468	1483	1460	1473	4852700	1220.04
09/05/2006	1473	1489	1460	1474	4480300	1220.87
10/05/2006	1465	1470	1446	1450	4295300	1200.99
11/05/2006	1446	1502	1442	1455	7828500	1205.13
12/05/2006	1445	1454	1409	1410	6192600	1167.86
15/05/2006	1403	1414.12	1346.11	1381	11282100	1143.84
16/05/2006	1378	1385.77	1358.96	1370	14749400	1134.73
17/05/2006	1377	1380	1346	1346	32956700	1114.85
18/05/2006	1342	1358	1314	1329	10147500	1100.77
19/05/2006	1325	1340.54	1319.56	1330	6839300	1101.6
22/05/2006	1325	1320.46	1283	1288	6563600	1066.81
23/05/2006	1286	1330	1279	1318	11375200	1091.66
24/05/2006	1299	1309	1268	1287	14475600	1065.98
25/05/2006	1299	1299.65	1267.46	1291	8638800	1069.3
26/05/2006	1300	1333.54	1300	1330	10873900	1101.6
29/05/2006	1330	1330	1330	1330	0	1101.6
30/05/2006	1320	1356.63	1279.77	1285	5175000	1064.33
31/05/2006	1273	1326	1266	1313	5994400	1087.52
01/06/2006	1302	1323.08	1298.92	1315	5929900	1089.17
02/06/2006	1332	1338.46	1315	1315	8101600	1089.17
05/06/2006	1315	1319.62	1297.46	1303	2684000	1079.23
06/06/2006	1291	1291	1258.77	1266	7603500	1048.59
07/06/2006	1270	1297	1258	1283	24663500	1062.67
08/06/2006	1260	1276.23	1232.25	1240	9251000	1027.05
09/06/2006	1254	1272	1253	1265	13020700	1047.76
12/06/2006	1263	1261.89	1248.54	1254	4231000	1038.65
13/06/2006	1235	1236.2	1196	1215	10443100	1006.35
14/06/2006	1222	1245.77	1212.57	1232	11247000	1020.43
15/06/2006	1233	1287	1234.91	1283	8177900	1062.67
16/06/2006	1302	1317.23	1261.55	1285	16706700	1064.33
19/06/2006	1301	1314	1291	1296	2632600	1073.44
20/06/2006	1291	1313.31	1291	1312	6386000	1086.69
21/06/2006	1315	1316	1295	1307	4432100	1082.55
22/06/2006	1324	1331	1299	1313	4960300	1087.52
23/06/2006	1308	1320	1291.75	1306	5156200	1081.72
26/06/2006	1309	1318	1293	1301	7075900	1077.58
27/06/2006	1307	1321.46	1291.9	1294	3294100	1071.78
28/06/2006	1294	1309.92	1277.63	1279	7613200	1059.36
29/06/2006	1288	1310	1287	1307	4872300	1082.55
30/06/2006	1327	1329	1306	1320	5297800	1093.31
03/07/2006	1329	1335	1319	1327	1965800	1099.11
04/07/2006	1321	1336	1314	1325	3621300	1097.46
05/07/2006	1316	1322	1300	1303	5017000	1079.23
06/07/2006	1303	1335	1298	1332	2671900	1103.25
07/07/2006	1334	1344	1312	1318	6500400	1091.66
10/07/2006	1324	1329	1315	1323	2362600	1095.8
11/07/2006	1315	1320	1282	1287	6164800	1065.98
12/07/2006	1292	1304	1281	1286	5929800	1065.15
13/07/2006	1280	1284	1238	1249	10036700	1034.51
14/07/2006	1237	1260	1226	1228	7823200	1017.11
17/07/2006	1236	1250	1211	1250	8114400	1035.34
18/07/2006	1251	1270	1251	1257	4943100	1041.13
19/07/2006	1269	1299	1265	1296	6690200	1073.44
20/07/2006	1305	1309	1285	1292	7578000	1070.12
21/07/2006	1290	1292	1265	1277	8148000	1057.7
24/07/2006	1275	1328	1272	1323	8117800	1095.8
25/07/2006	1318	1353	1309	1349	9463900	1117.33
26/07/2006	1352	1360	1342	1355	7700700	1122.3
27/07/2006	1365	1368	1352	1366	5450800	1131.42
28/07/2006	1363	1379	1355	1371	4900000	1135.56
31/07/2006	1371	1373	1351	1354	3874700	1121.48
01/08/2006	1354	1359	1322	1328	5357000	1099.94
02/08/2006	1333	1344	1329	1340	3237500	1109.88
04/08/2006	1316	1339	1310	1333	1526400	1104.08
07/08/2006	1313	1325	1308	1310	2563900	1085.03
08/08/2006	1329	1349	1272	1274	46302500	1055.21
09/08/2006	1274	1312	1259	1303	8358500	1079.23
10/08/2006	1288	1298	1263	1292	5163800	1070.12
11/08/2006	1302	1311	1289	1305	2656400	1080.89
14/08/2006	1320	1321	1307	1321	2205600	1094.14
15/08/2006	1323	1333	1295	1329	4297200	1100.77
16/08/2006	1324	1332	1302	1327	4399100	1116.61
17/08/2006	1333	1337	1320	1329	3958800	1118.3
18/08/2006	1330	1343	1322	1330	3020800	1119.14
21/08/2006	1332	1332	1309	1316	3345600	1107.36
22/08/2006	1317	1324	1297	1316	2163200	1107.36
23/08/2006	1313	1313	1283	1288	4125900	1083.8
24/08/2006	1298	1298	1271	1288	6620000	1083.8
25/08/2006	1292	1316	1274	1310	6951900	1102.31
29/08/2006	1321	1327	1307	1309	3543700	1101.47
30/08/2006	1310	1330	1310	1321	5581300	1111.57
31/08/2006	1322	1331	1311	1315	8060200	1106.52
01/09/2006	1317	1344	1313	1334	9668200	1122.5
04/09/2006	1334	1354	1330	1349	11320000	1135.13
05/09/2006	1347	1348	1329	1334	4352600	1122.5
06/09/2006	1337	1337	1311	1317	5364000	1108.2
07/09/2006	1314	1319	1300	1301	5510300	1094.74
08/09/2006	1303	1326	1303	1319	2848000	1109.88
11/09/2006	1315	1320	1302	1308	3051200	1100.63
12/09/2006	1317	1340	1301	1338	8656700	1125.87
13/09/2006	1348	1348	1319	1322	4084100	1112.41
14/09/2006	1332	1348	1321	1325	4729900	1114.93
15/09/2006	1332	1361	1331	1349	8536400	1135.13
18/09/2006	1349	1353	1337	1339	4442200	1126.71
19/09/2006	1337	1341	1317	1320	7638000	1110.72
20/09/2006	1325	1364	1317	1357	7534500	1141.86
21/09/2006	1354	1395	1347	1393	12369800	1172.15
22/09/2006	1377	1403	1369	1371	17460700	1153.64
25/09/2006	1375	1399	1375	1384	33054300	1164.58
26/09/2006	1385	1402	1381	1395	4008700	1173.83
27/09/2006	1396	1406	1372	1383	6166100	1163.74
28/09/2006	1389	1418	1369	1397	8406200	1175.52
29/09/2006	1373	1393	1360	1368	28318100	1151.11
02/10/2006	1389	1389	1358	1362	9273300	1146.07
03/10/2006	1357	1362	1344	1358	10327100	1142.7
04/10/2006	1363	1375	1358	1364	11056600	1147.75
05/10/2006	1390	1397	1373	1389	13784400	1168.78
06/10/2006	1389	1402	1374	1389	6904200	1168.78
09/10/2006	1400	1408	1382	1403	9249900	1180.56
11/10/2006	1429	1437	1410	1413	7193800	1188.98
12/10/2006	1422	1436	1410	1424	7303000	1198.24
13/10/2006	1425	1449	1418	1443	5942600	1214.22
16/10/2006	1455	1462	1435	1438	4130700	1210.02
17/10/2006	1441	1441	1403	1407	3437300	1183.93
18/10/2006	1420	1435	1410	1418	5695600	1193.19
19/10/2006	1412	1427	1407	1416	3183000	1191.5
20/10/2006	1424	1435	1416	1425	3799700	1199.08
23/10/2006	1446	1473	1445	1464	7551300	1231.89
24/10/2006	1468	1477	1452	1454	7741500	1223.48
25/10/2006	1471	1487	1454	1460	6037500	1228.53
26/10/2006	1481	1488	1463	1471	4650200	1237.78
27/10/2006	1484	1499	1463	1473	6169600	1239.47
30/10/2006	1457	1471	1453	1464	4095300	1231.89
31/10/2006	1465	1498	1462	1475	6147800	1241.15
01/11/2006	1465	1501	1465	1488	6687700	1252.09
02/11/2006	1487	1496	1473	1480	8153400	1245.36
03/11/2006	1482	1488	1470	1475	5040800	1241.15
06/11/2006	1475	1500	1471	1495	3909800	1257.98
07/11/2006	1501	1502	1476	1487	8394300	1251.25
08/11/2006	1485	1490	1472	1486	4362700	1250.41
09/11/2006	1491	1492	1478	1485	3614100	1249.56
10/11/2006	1481	1502	1475	1493	6708900	1256.3
13/11/2006	1498	1519	1489	1496	4333800	1258.82
14/11/2006	1506	1516	1494	1508	8854100	1268.92
15/11/2006	1518	1525	1486	1498	5731700	1260.5
16/11/2006	1485	1512	1467	1507	9406400	1268.08
17/11/2006	1512	1523	1496	1500	6386300	1262.19
20/11/2006	1487	1517	1479	1512	5881600	1272.28
21/11/2006	1524	1528	1493	1494	7671700	1257.14
22/11/2006	1495	1535	1495	1511	11354800	1271.44
23/11/2006	1519	1522	1490	1501	7255700	1263.03
24/11/2006	1505	1517	1476	1490	6057300	1253.77
27/11/2006	1490	1495	1454	1456	6842100	1225.16
28/11/2006	1462	1469	1440	1450	6272400	1220.11
29/11/2006	1462	1477	1452	1461	4154800	1229.37
30/11/2006	1461	1494	1458	1459	10138600	1227.69
01/12/2006	1460	1474	1441	1453	8133100	1222.64
04/12/2006	1457	1466	1449	1461	4057800	1229.37
05/12/2006	1461	1487	1452	1455	6567100	1224.32
06/12/2006	1447	1465	1441	1452	9578200	1221.8
07/12/2006	1456	1484	1450	1478	8424600	1243.67
08/12/2006	1468	1498	1468	1497	5288000	1259.66
11/12/2006	1510	1511	1481	1494	4845500	1257.14
12/12/2006	1487	1512	1464	1500	12622700	1262.19
13/12/2006	1492	1509	1490	1506	7134300	1267.23
14/12/2006	1510	1526	1502	1509	5871600	1269.76
15/12/2006	1506	1532	1506	1525	10107100	1283.22
18/12/2006	1518	1528	1505	1510	27042900	1270.6
19/12/2006	1493	1500	1482	1491	6175000	1254.61
20/12/2006	1505	1506	1485	1492	4787900	1255.45
21/12/2006	1488	1496	1469	1483	7474300	1247.88
22/12/2006	1498	1498	1478	1485	1789600	1249.56
27/12/2006	1497	1497	1484	1492	4632800	1255.45
28/12/2006	1498	1508	1485	1492	3947700	1255.45
29/12/2006	1490	1504	1481	1492	2564700	1255.45
02/01/2007	1507	1510	1492	1505	3823600	1266.39
03/01/2007	1501	1515	1501	1506	8129600	1267.23
04/01/2007	1502	1508	1493	1499	4208900	1261.34
05/01/2007	1497	1498	1481	1481	3195600	1246.2
08/01/2007	1477	1487	1463	1465	4660400	1232.74
09/01/2007	1479	1483	1460	1477	6151300	1242.83
10/01/2007	1472	1472	1451	1457	12556700	1226
11/01/2007	1464	1491	1442	1488	6853200	1252.09
12/01/2007	1488	1493	1474	1481	10266800	1246.2
15/01/2007	1494	1500	1482	1484	7727800	1248.72
16/01/2007	1478	1494	1460	1463	5984600	1231.05
17/01/2007	1466	1472	1451	1457	6670900	1226
18/01/2007	1464	1477	1452	1461	5260600	1229.37
19/01/2007	1460	1480	1451	1477	5873500	1242.83
22/01/2007	1476	1492	1467	1467	4958500	1234.42
23/01/2007	1475	1479	1457	1460	5156900	1228.53
24/01/2007	1464	1481	1458	1475	6384000	1241.15
25/01/2007	1473	1488	1468	1469	4600200	1236.1
26/01/2007	1454	1479	1451	1468	7379600	1235.26
29/01/2007	1466	1479	1461	1463	3307300	1231.05
30/01/2007	1463	1469	1455	1460	13212400	1228.53
31/01/2007	1459	1465	1447	1460	9201100	1228.53
01/02/2007	1465	1493	1465	1486	9601700	1250.41
02/02/2007	1500	1532	1498	1521	16688100	1279.86
05/02/2007	1515	1519	1511	1519	8940700	1278.17
06/02/2007	1516	1542	1516	1531	9596500	1288.27
07/02/2007	1530	1537	1520	1525	4812200	1283.22
08/02/2007	1534	1543	1513	1519	7832700	1278.17
09/02/2007	1530	1552	1530	1552	11172700	1305.94
12/02/2007	1543	1551	1524	1530	4114800	1287.43
13/02/2007	1546	1546	1515	1526	4834300	1284.06
14/02/2007	1533	1541	1516	1541	4222600	1296.69
15/02/2007	1537	1540	1518	1523	7068500	1281.54
16/02/2007	1529	1532	1515	1515	4511600	1274.81
20/02/2007	1537	1537	1521	1531	4325200	1288.27
21/02/2007	1532	1549	1503	1508	5584300	1268.92
22/02/2007	1508	1528	1504	1511	5276300	1271.44
23/02/2007	1522	1522	1497	1514	6181300	1273.97
26/02/2007	1522	1532	1500	1509	29192300	1269.76
27/02/2007	1520	1520	1438	1450	36260700	1220.11
28/02/2007	1425	1448	1372	1428	30026200	1201.6
01/03/2007	1421	1439	1370	1394	21951300	1172.99
02/03/2007	1412	1416	1377	1394	20789600	1172.99
05/03/2007	1366	1391	1321	1381	21733600	1162.05
06/03/2007	1410	1418	1385	1404	16858500	1181.41
07/03/2007	1387	1405	1379	1399	9712400	1220.86
08/03/2007	1417	1439	1410	1430	9814000	1247.91
09/03/2007	1434	1455	1420	1451	13765000	1266.24
12/03/2007	1450	1456	1430	1430	7358500	1247.91
13/03/2007	1419	1425	1397	1397	10526100	1219.11
14/03/2007	1370	1387	1363	1366	10381700	1192.06
15/03/2007	1381	1394	1375	1387	9403000	1210.39
16/03/2007	1380	1398	1373	1395	10445600	1217.37
19/03/2007	1410	1439	1409	1428	9603200	1246.17
20/03/2007	1426	1448	1424	1431	12628700	1248.78
21/03/2007	1423	1444	1423	1434	9287100	1251.4
22/03/2007	1446	1463	1442	1459	8595400	1273.22
23/03/2007	1465	1478	1449	1471	8546500	1283.69
26/03/2007	1465	1472	1449	1460	8964200	1274.09
27/03/2007	1461	1471	1452	1458	7174400	1272.35
28/03/2007	1449	1456	1442	1450	5614800	1265.37
29/03/2007	1458	1465	1449	1464	4808600	1277.58
30/03/2007	1459	1474	1452	1464	5948300	1277.58
02/04/2007	1460	1465	1443	1450	3801400	1265.37
03/04/2007	1464	1468	1445	1467	6063000	1280.2
04/04/2007	1466	1479	1461	1463	6233700	1276.71
05/04/2007	1468	1477	1454	1471	2580000	1283.69
10/04/2007	1471	1489	1467	1480	6072800	1291.55
11/04/2007	1475	1498	1468	1492	8098000	1302.02
12/04/2007	1487	1490	1474	1485	4440400	1295.91
13/04/2007	1480	1489	1472	1479	4725600	1290.67
16/04/2007	1489	1508	1489	1508	5122900	1315.98
17/04/2007	1500	1508	1479	1487	8093800	1297.65
18/04/2007	1490	1490	1474	1476	3759900	1288.05
19/04/2007	1468	1475	1459	1470	6718700	1282.82
20/04/2007	1476	1545	1475	1528	13425300	1333.43
23/04/2007	1527	1536	1506	1520	5034500	1326.45
24/04/2007	1520	1548	1520	1531	7948500	1336.05
26/04/2007	1557	1576	1552	1558	9415300	1359.61
27/04/2007	1560	1583	1548	1560	5820500	1361.36
30/04/2007	1551	1568	1545	1557	4935800	1358.74
01/05/2007	1550	1557	1527	1550	4535200	1352.63
02/05/2007	1557	1563	1531	1537	9100700	1341.29
03/05/2007	1536	1550	1523	1545	9013800	1348.27
04/05/2007	1545	1560	1540	1556	8120100	1357.87
08/05/2007	1549	1562	1541	1553	6236900	1355.25
09/05/2007	1552	1568	1539	1560	5800400	1361.36
10/05/2007	1558	1558	1537	1543	5346800	1346.52
11/05/2007	1541	1654	1519	1605	27255900	1400.63
14/05/2007	1596	1602	1575	1585	7248500	1383.18
15/05/2007	1569	1599	1569	1593	8502800	1390.16
16/05/2007	1597	1605	1575	1594	8250200	1391.03
17/05/2007	1591	1601	1575	1578	7197200	1377.07
18/05/2007	1580	1611	1580	1605	9106000	1400.63
21/05/2007	1606	1612	1595	1602	5472700	1398.01
22/05/2007	1602	1694	1602	1644	20819800	1434.66
23/05/2007	1658	1673	1633	1633	7035800	1425.06
24/05/2007	1633	1645	1615	1628	20058900	1420.7
25/05/2007	1628	1641	1621	1635	22281000	1426.81
29/05/2007	1635	1685	1625	1680	10585800	1466.08
30/05/2007	1657	1684	1654	1683	7919100	1468.7
31/05/2007	1699	1728	1692	1710	14251800	1492.26
04/06/2007	1737	1742	1709	1718	5319500	1499.24
05/06/2007	1711	1763	1676	1690	8729500	1474.81
06/06/2007	1701	1712	1629	1642	12197600	1432.92
07/06/2007	1658	1664	1612	1630	7636700	1422.45
08/06/2007	1626	1635	1588	1628	11025300	1420.7
11/06/2007	1632	1654	1632	1651	5243900	1440.77
12/06/2007	1648	1658	1625	1634	5748200	1425.94
13/06/2007	1626	1640	1614	1628	8805100	1420.7
14/06/2007	1638	1653	1631	1653	10100000	1442.52
15/06/2007	1660	1699	1657	1686	12988700	1471.31
18/06/2007	1698	1719	1684	1691	7362300	1475.68
19/06/2007	1686	1701	1665	1666	6420500	1453.86
20/06/2007	1684	1686	1635	1658	16381800	1446.88
21/06/2007	1663	1687	1644	1675	9569200	1461.72
22/06/2007	1676	1676	1640	1646	12093200	1436.41
25/06/2007	1646	1662	1628	1655	6648200	1444.26
26/06/2007	1661	1661	1629	1635	8566300	1426.81
27/06/2007	1626	1628	1567	1588	16862400	1385.79
28/06/2007	1605	1612	1588	1605	5961700	1400.63
29/06/2007	1602	1636	1592	1630	6966000	1422.45
02/07/2007	1624	1635	1611	1615	6253800	1409.36
03/07/2007	1629	1634	1614	1628	3171300	1420.7
04/07/2007	1627	1656	1627	1647	3082500	1437.28
05/07/2007	1650	1654	1613	1619	6531200	1412.85
06/07/2007	1625	1640	1616	1631	3816000	1423.32
09/07/2007	1648	1660	1639	1641	4620500	1432.04
10/07/2007	1641	1653	1621	1626	10159500	1418.95
11/07/2007	1619	1620	1595	1616	4578000	1410.23
12/07/2007	1616	1643	1605	1642	5004800	1432.92
13/07/2007	1652	1695	1648	1690	8599000	1474.81
16/07/2007	1680	1706	1673	1700	4774500	1483.53
17/07/2007	1707	1710	1690	1708	9439300	1490.51
18/07/2007	1685	1717	1682	1684	5406200	1469.57
19/07/2007	1700	1700	1651	1671	7276100	1458.22
20/07/2007	1680	1685	1636	1640	4409200	1431.17
23/07/2007	1648	1657	1639	1657	4542800	1446.01
24/07/2007	1659	1693	1644	1650	7316300	1439.9
25/07/2007	1649	1670	1608	1631	8287100	1423.32
26/07/2007	1635	1650	1580	1583	8570600	1381.43
27/07/2007	1565	1576	1513	1547	14947000	1350.01
30/07/2007	1564	1590	1542	1569	13345300	1369.21
31/07/2007	1597	1625	1580	1622	10612700	1415.46
01/08/2007	1591	1605	1564	1579	8116600	1377.94
02/08/2007	1608	1630	1598	1615	5992500	1409.36
03/08/2007	1627	1627	1581	1592	4858100	1389.28
06/08/2007	1569	1583	1559	1570	7864400	1370.09
07/08/2007	1590	1638	1582	1638	14912300	1429.43
08/08/2007	1665	1716	1665	1705	19368600	1487.9
09/08/2007	1699	1707	1635	1660	18759300	1448.63
10/08/2007	1624	1653	1545	1570	24246700	1370.09
13/08/2007	1600	1651	1594	1640	10164300	1431.17
15/08/2007	1557	1570	1519	1562	11420700	1382.6
16/08/2007	1519	1519	1412	1444	22496900	1278.15
17/08/2007	1451	1600	1425	1560	24011000	1380.82
20/08/2007	1560	1597	1515	1521	16784500	1346.3
21/08/2007	1540	1546	1514	1541	8892700	1364.01
22/08/2007	1554	1587	1545	1575	11160800	1394.1
23/08/2007	1600	1613	1556	1571	25477500	1390.56
24/08/2007	1555	1560	1491	1494	20156100	1322.41
28/08/2007	1496	1506	1462	1470	16143200	1301.16
29/08/2007	1470	1480	1449	1464	44135500	1295.85
30/08/2007	1480	1513	1463	1505	14928500	1332.14
31/08/2007	1512	1539	1489	1530	10110200	1354.27
03/09/2007	1530	1563	1519	1556	7061000	1377.28
04/09/2007	1524	1555	1518	1553	14908400	1374.63
05/09/2007	1560	1560	1515	1517	6095000	1342.76
06/09/2007	1525	1527	1456	1485	18456500	1314.44
07/09/2007	1485	1495	1441	1445	10741500	1279.03
10/09/2007	1445	1472	1439	1448	7401200	1281.69
11/09/2007	1457	1499	1450	1498	6989700	1325.95
12/09/2007	1492	1509	1484	1498	8360900	1325.95
13/09/2007	1498	1521	1486	1515	6314100	1340.99
14/09/2007	1497	1506	1453	1494	12967700	1322.41
17/09/2007	1489	1489	1438	1469	8800000	1300.28
18/09/2007	1458	1534	1458	1530	14028900	1354.27
19/09/2007	1606	1650	1593	1625	21262800	1438.36
20/09/2007	1600	1608	1577	1587	11962300	1404.72
21/09/2007	1571	1585	1562	1568	11333800	1387.91
24/09/2007	1562	1599	1553	1595	12021500	1411.8
25/09/2007	1575	1636	1575	1605	21701300	1420.66
26/09/2007	1601	1635	1601	1618	31228600	1432.16
27/09/2007	1626	1642	1594	1598	17827600	1414.46
28/09/2007	1610	1623	1580	1600	16615200	1416.23
01/10/2007	1575	1610	1575	1588	14708100	1405.61
02/10/2007	1600	1650	1600	1618	22050700	1432.16
03/10/2007	1632	1651	1601	1606	14699800	1421.54
04/10/2007	1605	1628	1590	1600	16199700	1416.23
05/10/2007	1600	1634	1586	1617	9626500	1431.28
08/10/2007	1658	1661	1633	1640	14845500	1451.64
09/10/2007	1645	1700	1637	1694	11636200	1499.43
10/10/2007	1715	1719	1686	1714	10437100	1517.14
11/10/2007	1720	1736	1706	1732	10701300	1533.07
12/10/2007	1717	1730	1685	1723	7071200	1525.1
15/10/2007	1714	1730	1684	1694	4777000	1499.43
16/10/2007	1690	1690	1650	1658	8980600	1467.57
17/10/2007	1674	1700	1655	1700	7164800	1504.75
18/10/2007	1696	1716	1651	1659	8382300	1468.45
19/10/2007	1655	1679	1633	1647	6902700	1457.83
22/10/2007	1600	1630	1594	1600	8635100	1416.23
23/10/2007	1611	1648	1605	1635	11823600	1447.21
24/10/2007	1648	1686	1629	1653	10017400	1463.14
25/10/2007	1657	1732	1647	1721	9445700	1523.33
26/10/2007	1708	1827	1695	1805	17536000	1597.69
29/10/2007	1811	1824	1783	1811	8247100	1603
30/10/2007	1804	1816	1773	1805	8197800	1597.69
31/10/2007	1806	1868	1804	1866	9190600	1651.68
01/11/2007	1848	1872	1762	1800	6862800	1593.26
02/11/2007	1770	1785	1751	1777	7222400	1572.9
05/11/2007	1750	1760	1696	1728	6809700	1529.53
06/11/2007	1734	1780	1734	1750	4455700	1549
07/11/2007	1755	1770	1710	1718	3977600	1520.68
08/11/2007	1687	1716	1657	1660	11510700	1469.34
09/11/2007	1684	1690	1600	1675	8534800	1482.62
12/11/2007	1654	1744	1648	1730	9363900	1531.3
13/11/2007	1717	1755	1706	1745	7192100	1544.58
14/11/2007	1772	1798	1734	1770	6215200	1566.71
15/11/2007	1773	1784	1717	1725	5304600	1526.87
16/11/2007	1719	1719	1649	1664	6764600	1472.88
19/11/2007	1725	1771	1674	1679	8850200	1486.16
20/11/2007	1695	1727	1652	1716	7610700	1518.91
21/11/2007	1699	1716	1627	1647	7834000	1457.83
22/11/2007	1662	1667	1627	1656	5316300	1465.8
23/11/2007	1675	1718	1663	1711	6226100	1514.48
26/11/2007	1725	1729	1673	1689	5366300	1495.01
27/11/2007	1663	1747	1658	1725	7847700	1526.87
28/11/2007	1730	1780	1670	1768	13291700	1564.93
29/11/2007	1789	1806	1743	1796	7218200	1589.72
30/11/2007	1818	1914	1805	1914	27445100	1694.17
03/12/2007	1881	1890	1838	1865	14207400	1650.79
04/12/2007	1856	1856	1802	1847	8358400	1634.86
05/12/2007	1871	1905	1807	1893	11397500	1675.58
06/12/2007	1920	1944	1870	1907	7183900	1687.97
07/12/2007	1928	1945	1903	1945	5207500	1721.61
10/12/2007	1920	1972	1906	1960	4503000	1734.88
11/12/2007	1974	1975	1897	1906	5414900	1687.08
12/12/2007	1870	1940	1840	1905	7386200	1686.2
13/12/2007	1896	1897	1836	1855	6371900	1641.94
14/12/2007	1891	1914	1836	1896	5011500	1678.23
17/12/2007	1858	1880	1813	1830	7455000	1619.81
18/12/2007	1823	1848	1804	1809	5930400	1601.23
19/12/2007	1833	1836	1798	1814	3917100	1605.65
20/12/2007	1827	1829	1800	1810	5051200	1602.11
21/12/2007	1845	1845	1818	1835	8168600	1624.24
24/12/2007	1835	1870	1831	1860	1013900	1646.37
27/12/2007	1878	1883	1844	1857	2541500	1643.71
28/12/2007	1842	1858	1833	1851	1245900	1638.4
31/12/2007	1844	1850	1824	1844	756100	1632.21
02/01/2008	1868	1878	1823	1833	2179200	1622.47
03/01/2008	1840	1852	1798	1825	4018800	1615.39
04/01/2008	1844	1862	1782	1802	4569400	1595.03
07/01/2008	1807	1823	1772	1808	5364900	1600.34
08/01/2008	1825	1869	1810	1853	7121700	1640.17
09/01/2008	1834	1865	1813	1825	6690500	1615.39
10/01/2008	1837	1850	1793	1803	3774900	1595.91
11/01/2008	1807	1814	1758	1775	10829600	1571.13
14/01/2008	1750	1772	1741	1749	6773300	1548.12
15/01/2008	1735	1753	1674	1683	6798000	1489.7
16/01/2008	1657	1666	1610	1630	11044600	1442.79
17/01/2008	1655	1679	1615	1629	10961400	1441.9
18/01/2008	1636	1642	1584	1599	9370700	1415.35
21/01/2008	1567	1572	1470	1482	11133700	1311.78
22/01/2008	1430	1544	1344	1534	24834600	1357.81
23/01/2008	1576	1612	1501	1575	20303300	1394.1
24/01/2008	1630	1666	1618	1653	11648800	1463.14
25/01/2008	1685	1722	1668	1691	11770500	1496.78
28/01/2008	1641	1660	1611	1641	6220700	1452.52
29/01/2008	1660	1680	1650	1680	4794800	1487.04
30/01/2008	1665	1678	1635	1652	5208900	1462.26
31/01/2008	1624	1687	1542	1665	12750400	1473.77
01/02/2008	1665	1739	1656	1703	8494200	1507.4
04/02/2008	1711	1732	1691	1710	3808200	1513.6
05/02/2008	1709	1709	1618	1630	7234600	1442.79
06/02/2008	1600	1618	1582	1595	8017900	1411.8
07/02/2008	1574	1591	1543	1549	6098400	1371.09
08/02/2008	1558	1575	1539	1567	6245500	1387.02
11/02/2008	1565	1595	1489	1520	11272300	1345.42
12/02/2008	1521	1608	1491	1602	7947000	1418
13/02/2008	1579	1629	1554	1600	6030100	1416.23
14/02/2008	1610	1635	1583	1597	5183500	1413.58
15/02/2008	1596	1604	1522	1531	6220600	1355.16
18/02/2008	1542	1622	1542	1620	4457300	1433.93
19/02/2008	1606	1638	1581	1588	6076800	1405.61
20/02/2008	1577	1593	1526	1558	7966500	1379.05
21/02/2008	1571	1611	1553	1565	5036700	1385.25
22/02/2008	1549	1583	1535	1556	5333600	1377.28
25/02/2008	1564	1610	1554	1580	5402300	1398.53
26/02/2008	1580	1710	1580	1704	14273000	1508.29
27/02/2008	1692	1705	1667	1698	5305800	1502.97
28/02/2008	1700	1726	1679	1685	7851600	1491.47
29/02/2008	1689	1701	1650	1674	7842600	1481.73
03/03/2008	1660	1675	1615	1631	6636900	1443.67
04/03/2008	1641	1664	1590	1617	6036200	1431.28
05/03/2008	1605	1664	1580	1662	6440700	1524.11
06/03/2008	1652	1681	1627	1643	6848700	1506.69
07/03/2008	1619	1641	1592	1612	8662700	1478.26
10/03/2008	1609	1632	1566	1578	7359000	1447.08
11/03/2008	1585	1655	1585	1626	9802200	1491.1
12/03/2008	1650	1693	1638	1656	7530400	1518.61
13/03/2008	1612	1631	1586	1624	7061600	1489.26
14/03/2008	1617	1663	1579	1606	7486900	1472.76
18/03/2008	1532	1619	1507	1616	10192200	1481.93
19/03/2008	1623	1690	1610	1668	11229100	1529.61
20/03/2008	1640	1696	1627	1681	10512400	1541.53
25/03/2008	1754	1800	1723	1790	10247200	1641.49
26/03/2008	1775	1791	1750	1758	5074600	1612.14
27/03/2008	1761	1802	1749	1795	6627300	1646.07
28/03/2008	1805	1806	1762	1765	5863000	1618.56
31/03/2008	1750	1760	1693	1722	9197200	1579.13
01/04/2008	1706	1819	1706	1806	7121400	1656.16
02/04/2008	1812	1848	1800	1837	8636300	1684.59
03/04/2008	1838	1840	1800	1807	5202400	1657.08
04/04/2008	1820	1828	1786	1806	4806500	1656.16
07/04/2008	1820	1820	1786	1805	5699900	1655.25
08/04/2008	1799	1800	1768	1798	4258100	1648.83
09/04/2008	1799	1799	1765	1770	4115100	1623.15
10/04/2008	1770	1781	1713	1732	6044600	1588.3
11/04/2008	1754	1760	1700	1716	4926700	1573.63
14/04/2008	1707	1710	1665	1667	5069300	1528.69
15/04/2008	1681	1699	1666	1680	3817300	1540.62
16/04/2008	1713	1719	1689	1716	6505700	1573.63
17/04/2008	1730	1730	1687	1695	4821800	1554.37
18/04/2008	1710	1761	1679	1751	6387300	1605.73
21/04/2008	1761	1766	1698	1718	3419400	1575.46
22/04/2008	1710	1742	1708	1727	3397300	1583.72
23/04/2008	1746	1766	1707	1759	4927900	1613.06
24/04/2008	1760	1783	1730	1782	4178500	1634.15
25/04/2008	1790	1827	1781	1802	4678300	1652.49
28/04/2008	1814	1832	1788	1794	2615200	1645.16
29/04/2008	1772	1802	1748	1770	3465200	1623.15
30/04/2008	1781	1805	1770	1794	4130700	1645.16
01/05/2008	1800	1839	1781	1830	2431300	1678.17
02/05/2008	1840	1884	1838	1880	6710400	1724.02
06/05/2008	1869	1897	1840	1884	5033500	1727.69
07/05/2008	1903	1903	1853	1860	7479600	1705.68
08/05/2008	1837	1863	1821	1839	6641900	1686.42
09/05/2008	1818	1836	1777	1834	4377200	1681.84
12/05/2008	1827	1856	1817	1835	2295400	1682.76
13/05/2008	1862	1865	1807	1850	6174600	1696.51
14/05/2008	1860	1860	1799	1810	4287700	1659.83
15/05/2008	1819	1844	1807	1828	4162300	1676.34
16/05/2008	1844	1869	1830	1858	4054500	1703.85
19/05/2008	1869	1880	1841	1877	2991300	1721.27
20/05/2008	1859	1877	1829	1829	4233800	1677.25
21/05/2008	1836	1837	1785	1793	4146500	1644.24
22/05/2008	1789	1819	1769	1804	4226700	1654.33
23/05/2008	1796	1816	1776	1779	4756600	1631.4
27/05/2008	1808	1832	1794	1831	6807700	1679.09
28/05/2008	1829	1853	1812	1832	4866500	1680.01
29/05/2008	1860	1860	1813	1838	5574500	1685.51
30/05/2008	1856	1896	1851	1876	27087900	1720.35
02/06/2008	1860	1867	1820	1825	7281200	1673.59
03/06/2008	1818	1820	1793	1807	7498700	1657.08
04/06/2008	1828	1828	1735	1754	11176900	1608.48
05/06/2008	1770	1775	1718	1740	8685000	1595.64
06/06/2008	1757	1764	1653	1657	11275100	1519.52
10/06/2008	1645	1675	1615	1636	7428300	1500.27
11/06/2008	1657	1677	1516	1525	13121000	1398.48
12/06/2008	1557	1631	1532	1630	13350500	1494.76
13/06/2008	1624	1661	1588	1640	9785900	1503.93
16/06/2008	1656	1666	1625	1640	6292500	1503.93
17/06/2008	1650	1655	1604	1611	7559900	1477.34
18/06/2008	1597	1618	1538	1550	7619200	1421.4
19/06/2008	1555	1574	1495	1499	7002700	1374.63
20/06/2008	1520	1530	1460	1500	13340400	1375.55
23/06/2008	1505	1539	1493	1520	7299600	1393.89
24/06/2008	1511	1527	1467	1493	7821100	1369.13
25/06/2008	1520	1570	1500	1569	6472600	1438.83
26/06/2008	1558	1607	1451	1453	15365900	1332.45
27/06/2008	1465	1490	1425	1448	11833100	1327.86
30/06/2008	1455	1475	1408	1430	8704000	1311.36
01/07/2008	1424	1444	1369	1402	10923200	1285.68
02/07/2008	1415	1457	1366	1395	8340500	1279.26
03/07/2008	1366	1456	1359	1446	9829900	1326.03
04/07/2008	1462	1470	1388	1396	4298800	1280.18
07/07/2008	1423	1446	1394	1436	4530200	1316.86
08/07/2008	1389	1415	1364	1404	6796900	1287.51
09/07/2008	1431	1479	1422	1465	7983200	1343.45
10/07/2008	1435	1479	1430	1455	6769700	1334.28
11/07/2008	1468	1478	1331	1341	10000100	1229.74
14/07/2008	1377	1430	1367	1379	5951400	1264.59
15/07/2008	1357	1360	1287	1335	7897800	1224.24
16/07/2008	1338	1358	1260	1348	10676600	1236.16
17/07/2008	1388	1505	1383	1472	14419100	1349.87
18/07/2008	1445	1567	1432	1542	18534600	1414.07
21/07/2008	1545	1594	1518	1563	8002700	1433.32
22/07/2008	1543	1557	1496	1543	7149200	1414.98
23/07/2008	1588	1632	1570	1627	10901400	1492.01
24/07/2008	1631	1671	1586	1597	11876900	1464.5
25/07/2008	1554	1582	1508	1554	8714800	1425.07
28/07/2008	1557	1557	1497	1504	4984500	1379.22
29/07/2008	1453	1499	1434	1478	5950500	1355.38
30/07/2008	1520	1570	1508	1552	4590800	1423.24
31/07/2008	1550	1587	1519	1550	5778500	1421.4
01/08/2008	1539	1542	1469	1493	11825000	1369.13
04/08/2008	1488	1510	1411	1423	8807700	1304.94
05/08/2008	1450	1547	1437	1542	15517000	1414.07
06/08/2008	1570	1582	1520	1542	13070800	1414.07
07/08/2008	1530	1599	1518	1572	9468100	1441.58
08/08/2008	1569	1601	1554	1599	4363500	1466.34
11/08/2008	1615	1615	1567	1599	4362000	1466.34
12/08/2008	1586	1587	1477	1490	8396800	1366.38
13/08/2008	1481	1485	1388	1392	10065700	1298.89
14/08/2008	1405	1453	1393	1444	5589100	1347.41
15/08/2008	1459	1481	1412	1425	6348700	1329.68
18/08/2008	1453	1459	1400	1413	3502500	1318.48
19/08/2008	1412	1437	1321	1326	8370000	1237.3
20/08/2008	1360	1386	1327	1348	7305700	1257.83
21/08/2008	1338	1364	1324	1355	5430900	1264.36
22/08/2008	1360	1411	1356	1411	6192100	1316.62
26/08/2008	1377	1416	1360	1401	5886300	1307.29
27/08/2008	1393	1459	1392	1446	6397500	1349.28
28/08/2008	1444	1499	1423	1485	6699500	1385.67
29/08/2008	1491	1495	1457	1491	4459100	1391.27
01/09/2008	1475	1498	1452	1486	2511800	1386.6
02/09/2008	1485	1502	1470	1493	5370700	1393.13
03/09/2008	1483	1497	1447	1489	5989200	1389.4
04/09/2008	1499	1505	1413	1415	3501300	1320.35
05/09/2008	1412	1423	1362	1374	10719200	1282.09
08/09/2008	1450	1522	1450	1502	7560400	1401.53
09/09/2008	1505	1538	1485	1510	12091200	1408.99
10/09/2008	1515	1515	1450	1456	8319900	1358.61
11/09/2008	1460	1460	1385	1425	8311900	1329.68
12/09/2008	1452	1467	1426	1440	9755000	1343.68
15/09/2008	1390	1407	1320	1385	12653200	1292.36
16/09/2008	1345	1429	1311	1386	9645900	1293.29
17/09/2008	1427	1446	1339	1364	9305500	1272.76
18/09/2008	1337	1401	1320	1338	11935200	1248.5
19/09/2008	1550	1750	1455	1565	16067800	1460.32
22/09/2008	1545	1563	1480	1490	5114200	1390.33
23/09/2008	1518	1518	1370	1460	6120000	1362.34
24/09/2008	1485	1500	1433	1460	4045000	1362.34
25/09/2008	1400	1466	1391	1443	5446700	1346.48
26/09/2008	1439	1442	1370	1400	4034000	1306.35
29/09/2008	1433	1433	1227	1245	7870200	1161.72
30/09/2008	1245	1439	1245	1345	9008600	1255.03
01/10/2008	1370	1430	1324	1389	5561400	1296.09
02/10/2008	1390	1440	1356	1360	3468800	1269.03
03/10/2008	1376	1435	1326	1398	3115000	1304.49
06/10/2008	1336	1371	1242	1262	2904100	1177.58
07/10/2008	1290	1392	1234	1311	1949200	1223.31
08/10/2008	1254	1305	1117	1160	10499700	1082.41
09/10/2008	1191	1247	1150	1163	4335500	1085.21
10/10/2008	1065	1128	965	999.5	5712200	932.64
13/10/2008	1099	1205	1077	1200	7933000	1119.73
14/10/2008	1250	1331	1241	1326	4855800	1237.3
15/10/2008	1308	1308	1127	1168	6983900	1089.87
16/10/2008	1170	1171	1000	1017	3977600	948.97
17/10/2008	1077	1090	1000	1082	5983600	1009.62
20/10/2008	1087	1147	1058	1130	5678100	1054.41
21/10/2008	1150	1150	1021	1037	3482600	967.63
22/10/2008	1058	1082	882.5	946	8642700	882.72
23/10/2008	935	974	821.5	900	8958600	839.8
24/10/2008	850	864	736	758	12273500	707.3
27/10/2008	795	850	678	680	10361100	634.51
28/10/2008	734	782.5	697	700	10853300	653.18
29/10/2008	780	910	735	910	10444000	849.13
30/10/2008	928	983	910	965.5	8010900	900.92
31/10/2008	979.5	1049	935.5	1015	6405700	947.11
03/11/2008	1040	1070	980	1004	4465100	936.84
04/11/2008	1006	1090	995.5	1066	5008700	994.69
05/11/2008	1080	1087	1003	1020	3742700	951.77
06/11/2008	985	1038	941	946	7304000	882.72
07/11/2008	969.5	979.5	927.5	940	3645400	877.12
10/11/2008	970	970	876.5	895.5	3533700	835.6
11/11/2008	860	868.5	822	860	4851900	802.47
12/11/2008	900	910	765.5	795.5	8451700	742.29
13/11/2008	800	800.5	716	730	6084800	681.17
14/11/2008	789.5	810	760.5	776.5	6404800	724.56
17/11/2008	788	804.5	719.5	722	4456200	673.7
18/11/2008	721	744	664.5	734.5	8830000	685.37
19/11/2008	749	764	711.5	735	3767600	685.84
20/11/2008	715	739	703.5	737	5370700	687.7
21/11/2008	750	778	703	759.5	3153500	708.7
24/11/2008	728	740	695	725	6540400	676.5
25/11/2008	713.5	898.5	713.5	840	8590000	783.81
26/11/2008	803	837.5	780	784.5	4733700	732.02
27/11/2008	713	785.5	699.5	766	6815200	714.76
28/11/2008	800	851	774	843.5	6935200	787.08
01/12/2008	860	862	715	726	7327100	677.44
02/12/2008	720	771	690	750.5	6385500	700.3
03/12/2008	765.5	769	701.5	763.5	6762500	712.43
04/12/2008	779	800	711	760	9668600	709.16
05/12/2008	778.5	778.5	712.5	768	7574400	716.63
08/12/2008	800	811	723	790	15055500	737.16
09/12/2008	784	813	766	798	8162500	744.62
10/12/2008	790	815.5	745.5	750	11748600	699.83
11/12/2008	772	792	760	780	11131400	727.83
12/12/2008	766	769.5	732	745.5	8287200	695.63
15/12/2008	767.5	767.5	719	749	5407600	698.9
16/12/2008	768	778.5	736	747	5764000	697.03
17/12/2008	771	779.5	725.5	761	5758700	710.1
18/12/2008	770	796	717.5	748	9225700	697.97
19/12/2008	740	760	704.5	740	7588600	690.5
22/12/2008	750	760	716	751	3528100	700.76
23/12/2008	755	768	738	768	2724700	716.63
24/12/2008	766	775	746.5	755	900100	704.5
29/12/2008	770	809	752	809	2141000	754.89
30/12/2008	800.5	860.5	800.5	834	2509800	778.21
31/12/2008	820.5	875.5	820.5	875	1077500	816.47
02/01/2009	875	892.5	850	869.5	1360900	811.34
05/01/2009	895	946.5	885	923	4555000	861.26
06/01/2009	937	999	927.5	999	6373700	932.18
07/01/2009	995	995	913.5	920	6387200	858.46
08/01/2009	905	938.5	835.5	860	6631600	802.47
09/01/2009	885	903.5	854	865.5	3822900	807.61
12/01/2009	875	887	855	875	4900200	816.47
13/01/2009	865	875	821	835	3979700	779.15
14/01/2009	853	854	735.5	745.5	6906100	695.63
15/01/2009	769	792	741.5	766.5	5140300	715.23
16/01/2009	784	793	749.5	768	11699800	716.63
19/01/2009	795	798	658.5	706	10667800	658.78
20/01/2009	740	753	668	689.5	11695100	643.38
21/01/2009	680	770	675	766	13498700	714.76
22/01/2009	800	845.5	783.5	800	10211100	746.49
23/01/2009	796	807.5	716.5	754	8253300	703.56
26/01/2009	731	818	728.5	795	5923400	741.82
27/01/2009	782	798	765.5	798	4893800	744.62
28/01/2009	821	899	809.5	878.5	9719800	819.74
29/01/2009	855	873	826	844.5	7094500	788.01
30/01/2009	842	906	835	876	10488300	817.4
02/02/2009	846.5	850	811	830	6348300	774.48
03/02/2009	837	864	813	852	7328500	795.01
04/02/2009	855	881	815	873	6489000	814.6
05/02/2009	835	857	808	857	8122900	799.67
06/02/2009	867	888.5	852	857.5	16173300	800.14
09/02/2009	861	904.5	852	894	7012400	834.2
10/02/2009	876	896	838	846	6424800	789.41
11/02/2009	849.5	854.5	823	825	4745000	769.82
12/02/2009	826	846	807	816	5863200	761.42
13/02/2009	840	840	771.5	790.5	9288900	737.62
16/02/2009	785	796.5	765	779.5	6130200	727.36
17/02/2009	777	779	703	710	12957000	662.51
18/02/2009	724.5	733.5	652.5	690	13911200	643.85
19/02/2009	703	705.5	676	690	7767300	643.85
20/02/2009	677.5	690.5	646	655	10349500	611.19
23/02/2009	687.5	689.5	656	661.5	8836500	617.25
24/02/2009	660	666	640.5	653.5	6971400	609.79
25/02/2009	675	697	653.5	674.5	7129200	629.38
26/02/2009	679.5	711.5	665	680.5	10452700	634.98
27/02/2009	686	687	651.5	664	11064700	619.58
02/03/2009	635	644.5	572.5	587	13771800	547.74
03/03/2009	604	661	554	630	24346900	587.86
04/03/2009	680	724.5	667.5	724.5	14622700	676.04
05/03/2009	728	740	704.5	716	25852400	668.11
06/03/2009	730	758	701	752.5	16010400	702.16
09/03/2009	735	758	678	750	18140500	699.83
10/03/2009	758	820	727.5	810	12887100	755.82
11/03/2009	771	813	755.5	798.5	15282700	786.16
12/03/2009	791	823	761	811.5	12568000	798.96
13/03/2009	839	864	822	856	21185100	842.77
16/03/2009	868	874	834.5	851	12551000	837.85
17/03/2009	854	862	830	854	8731600	840.8
18/03/2009	874.5	874.5	839	852	10881600	838.84
19/03/2009	860	1005	854	910	27843100	895.94
20/03/2009	884	908	858	895	18645400	881.17
23/03/2009	915	938	900	927	10326800	912.68
24/03/2009	944	969.5	888	919	13744800	904.8
25/03/2009	890	912.5	859.5	892	11976800	878.22
26/03/2009	870	895.5	867	880	11940000	866.4
27/03/2009	874.5	900	856	865	13963900	851.63
30/03/2009	850.5	860.5	798	798	12934300	785.67
31/03/2009	830	880	825	866.5	13036700	853.11
01/04/2009	865	892.5	847	882	11887000	868.37
02/04/2009	920	1032	908	1022	19861200	1006.21
03/04/2009	1020	1082	989	997	11901600	981.6
06/04/2009	1010	1048	950	960	13006100	945.17
07/04/2009	930	942	888	900	10159700	886.09
08/04/2009	886.5	931	862	920.5	7220600	906.28
09/04/2009	940	1018	902	986	7707100	970.77
14/04/2009	1000	1049	978.5	1025	9296900	1009.16
15/04/2009	980	1009	961.5	998.5	6841600	983.07
16/04/2009	1020	1025	987	1001	7917900	985.53
17/04/2009	1011	1037	970	1004	8334000	988.49
20/04/2009	990	998	911	942.5	2303500	927.94
21/04/2009	939	958.5	897	951.5	963500	936.8
22/04/2009	977.5	1004	962	995.5	2856600	980.12
23/04/2009	999	1002	964	968	2570300	953.04
24/04/2009	990	996	962.5	987	1242900	971.75
27/04/2009	976	984	940.5	949.5	775600	934.83
28/04/2009	939	939	909	929.5	817200	915.14
29/04/2009	937	1007	926.5	999	992000	983.56
30/04/2009	1004	1082	1001	1058	2735300	1041.65
01/05/2009	1050	1064	1037	1060	548300	1043.62
05/05/2009	1110	1220	1095	1150	2821300	1132.23
06/05/2009	1162	1268	1162	1256	1915700	1236.59
07/05/2009	1305	1337	1246	1258	1073500	1238.56
08/05/2009	1281	1293	1257	1288	1586500	1268.1
11/05/2009	1293	1293	1198	1200	2141700	1181.46
12/05/2009	1182	1205	1157	1179	1150800	1160.78
13/05/2009	1185	1201	1104	1107	1235300	1089.9
14/05/2009	1129	1208	1116	1197	1781800	1178.5
15/05/2009	1200	1227	1158	1175	1480600	1156.84
18/05/2009	1185	1275	1185	1275	1167700	1255.3
19/05/2009	1290	1307	1257	1284	1278500	1264.16
20/05/2009	1288	1289	1232	1259	705200	1239.55
21/05/2009	1241	1241	1184	1206	3214300	1187.37
22/05/2009	1212	1238	1193	1212	539900	1193.27
26/05/2009	1210	1234	1166	1233	648500	1213.95
27/05/2009	1232	1256	1216	1248	1139500	1228.72
28/05/2009	1237	1249	1217	1238	436000	1218.87
29/05/2009	1270	1272	1245	1255	1434500	1235.61
01/06/2009	1290	1290	1260	1268	619100	1248.41
02/06/2009	1260	1270	1232	1260	739700	1240.53
03/06/2009	1260	1262	1210	1240	1122800	1220.84
04/06/2009	1250	1260	1221	1242	1130900	1222.81
05/06/2009	1255	1269	1231	1253	1153100	1233.64
08/06/2009	1253	1259	1223	1230	932900	1210.99
09/06/2009	1232	1252	1210	1225	727000	1206.07
10/06/2009	1242	1250	1205	1218	1815200	1199.18
11/06/2009	1218	1222	1180	1210	823400	1191.3
12/06/2009	1203	1203	1176	1184	947100	1165.71
15/06/2009	1184	1186	1136	1138.05	1374200	1120.47
16/06/2009	1138	1164	1128	1153.67	1076800	1135.85
17/06/2009	1140	1165	1132	1148.53	572000	1130.79
18/06/2009	1149	1193	1143	1191.45	2036600	1173.04
19/06/2009	1179	1223	1179	1204.51	9873700	1185.9
22/06/2009	1211	1213	1173	1173.82	1266400	1155.69
23/06/2009	1164	1175	1131	1137.86	1390800	1120.28
24/06/2009	1148	1196	1145	1189.15	2210400	1170.77
25/06/2009	1202	1207	1147	1167	1924900	1148.97
26/06/2009	1171	1181	1140	1150.53	1042600	1132.75
29/06/2009	1152	1176	1142	1175	772700	1156.84
30/06/2009	1168	1169	1115	1138.53	3191900	1120.94
01/07/2009	1140	1187	1138	1180	1009000	1161.77
02/07/2009	1206	1206	1153	1163.98	1465700	1146
03/07/2009	1161	1178	1137	1165.87	1098800	1147.85
06/07/2009	1156	1165	1135	1142.47	1277900	1124.82
07/07/2009	1145	1169	1132	1160	1449200	1142.08
08/07/2009	1150	1168	1135	1138	870900	1120.42
09/07/2009	1144	1149	1119	1131	988300	1113.52
10/07/2009	1121	1161	1121	1144.05	1058200	1126.37
13/07/2009	1140	1178	1131	1171	420800	1152.91
14/07/2009	1180	1200	1165	1184	1574200	1165.71
15/07/2009	1194	1204	1185	1203.79	2679300	1185.19
16/07/2009	1199	1224	1187	1201.59	778400	1183.02
17/07/2009	1204	1231	1195	1225	1880300	1206.07
20/07/2009	1227	1252	1218	1245	984600	1225.76
21/07/2009	1241	1287	1224	1269	875700	1249.39
22/07/2009	1274	1282	1242	1264	402000	1244.47
23/07/2009	1276	1329	1268	1283.74	1093700	1263.9
24/07/2009	1313	1370	1310	1360	1286800	1338.99
27/07/2009	1375	1379	1342	1366	1723100	1344.89
28/07/2009	1372	1397	1338	1357	2250300	1336.03
29/07/2009	1350	1409	1338	1397	1001800	1375.41
30/07/2009	1400	1420	1363	1407	1205800	1385.26
31/07/2009	1425	1439	1403	1421	1803100	1399.04
03/08/2009	1427	1468	1408	1436	1702900	1413.81
04/08/2009	1385	1396	1310	1328	4265600	1307.48
05/08/2009	1350	1380	1345	1370	3781300	1348.83
06/08/2009	1384	1390	1348	1365	1445800	1343.91
07/08/2009	1353	1379	1342	1369.28	4621600	1348.13
10/08/2009	1370	1382	1356	1382	1762700	1360.65
11/08/2009	1384	1394	1370	1374	1175700	1352.77
12/08/2009	1362	1389	1345	1371.11	741800	1371.11
13/08/2009	1387	1424	1371	1414	1550800	1414
14/08/2009	1414	1432	1385	1397	1456000	1397
17/08/2009	1390	1390	1340	1361	1012800	1361
18/08/2009	1384	1390	1369	1390	1461100	1390
19/08/2009	1376	1387	1350	1373	907600	1373
20/08/2009	1382	1393	1361	1371	1924300	1371
21/08/2009	1359	1409	1359	1409	1187600	1409
24/08/2009	1415	1430	1407	1430	3576000	1430
25/08/2009	1416	1418	1394	1405.73	5041500	1405.73
26/08/2009	1401	1426	1395	1414	3260000	1414
27/08/2009	1407	1418	1370	1376	3747400	1376
28/08/2009	1395	1414	1380	1396	8602700	1396
01/09/2009	1410	1410	1369	1369	5811500	1369
02/09/2009	1363	1379	1351	1358	4166900	1358
03/09/2009	1371	1374	1351	1358	3262200	1358
04/09/2009	1374	1385	1364	1372	3716400	1372
07/09/2009	1390	1391	1366	1380	2267500	1380
08/09/2009	1392	1402	1378	1395	3469800	1395
09/09/2009	1392	1420	1389	1420	3407900	1420
10/09/2009	1420	1432	1408	1428	3232300	1428
11/09/2009	1425	1438	1415	1432	3040100	1432
14/09/2009	1410	1444	1410	1444	3208000	1444
15/09/2009	1445	1468	1432	1464.5	4732700	1464.5
16/09/2009	1459	1500	1455	1495	6712900	1495
17/09/2009	1500	1521	1496	1511	5349100	1511
18/09/2009	1504	1507	1486	1497	12407900	1497
21/09/2009	1490	1496	1457	1474	3063000	1474
22/09/2009	1475	1492	1469	1480	3139700	1480
23/09/2009	1489	1549	1481	1544	6273300	1544
24/09/2009	1520	1544	1491	1506	5583900	1506
25/09/2009	1508	1520	1476	1484	5182000	1484
28/09/2009	1493	1518	1480	1509	4352400	1509
29/09/2009	1516	1545	1503	1535	5740800	1535
30/09/2009	1536	1555	1518	1542	6256500	1542
01/10/2009	1551	1551	1500	1500	4752000	1500
02/10/2009	1492	1515	1477	1478	4245500	1478
05/10/2009	1480	1500	1475	1492	4412900	1492
06/10/2009	1501	1556	1501	1551	4330800	1551
07/10/2009	1555	1560	1508	1520	4031000	1520
08/10/2009	1548	1577	1537	1570	4564400	1570
09/10/2009	1559	1564	1537	1557	2412000	1557
12/10/2009	1563	1609	1554	1588	4235100	1588
13/10/2009	1602	1602	1562	1574	4168200	1574
14/10/2009	1601	1604	1570	1601	5075300	1601
15/10/2009	1614	1614	1573	1573	4258600	1573
16/10/2009	1574	1595	1533	1543	4338800	1543
19/10/2009	1557	1574.5	1540.5	1564	3138600	1564
20/10/2009	1575	1592.5	1555	1560	2693800	1560
21/10/2009	1579.5	1594.5	1518	1585	5065300	1585
22/10/2009	1570	1594	1549	1570	4321800	1570
23/10/2009	1600	1622.5	1597	1605	4700100	1605
26/10/2009	1613	1634	1568.5	1590	4504800	1590
27/10/2009	1593	1594	1539	1556	5417400	1556
28/10/2009	1553	1564	1477	1482	9677400	1482
29/10/2009	1486	1540.5	1468.5	1536.5	8819100	1536.5
30/10/2009	1557.5	1557.5	1488	1500.5	5442800	1500.5
02/11/2009	1508	1536	1489.5	1523	3866000	1523
03/11/2009	1511	1515.5	1446	1495	6258400	1495
04/11/2009	1523	1557.5	1514	1545	4739400	1545
05/11/2009	1516	1584.5	1504.5	1568	4442900	1568
06/11/2009	1567	1618	1549	1607	6349600	1607
09/11/2009	1610	1620.5	1598	1619	3197400	1619
10/11/2009	1618	1642.5	1600	1628.5	5559300	1628.5
11/11/2009	1636	1668	1621.5	1650	4469700	1650
12/11/2009	1652	1687.5	1638	1683.5	4666300	1683.5
13/11/2009	1692	1696	1651	1665	6752300	1665
16/11/2009	1680	1691	1665	1689.5	3419800	1689.5
17/11/2009	1672	1686	1646	1662.5	2805300	1662.5
18/11/2009	1671.5	1677	1637	1638.5	4023200	1638.5
19/11/2009	1627.5	1657	1620	1624	4643800	1624
20/11/2009	1624	1648	1605.5	1613	5862800	1613
23/11/2009	1629.5	1688	1620	1677.5	4395200	1677.5
24/11/2009	1651.5	1666.5	1637	1637	4457300	1637
25/11/2009	1635.5	1658	1602.5	1607	6056800	1607
26/11/2009	1585	1588	1496.5	1509.02	10144000	1509.02
27/11/2009	1451.5	1556	1446.5	1520	16166900	1520
30/11/2009	1519	1536	1482	1484	7671600	1484
01/12/2009	1508.5	1565.5	1496.5	1561	8536600	1561
02/12/2009	1560	1568	1525.5	1559.81	7131900	1559.81
03/12/2009	1549	1577.5	1540.5	1570	4818000	1570
04/12/2009	1550	1554	1498	1513	7980500	1513
07/12/2009	1508.5	1514	1485	1492.5	4597900	1492.5
08/12/2009	1490	1512.5	1433	1437	8457000	1437
09/12/2009	1435	1505	1408	1462	10076800	1462
11/12/2009	1504	1546	1496.5	1509.5	5903900	1509.5
14/12/2009	1573	1591.5	1552.5	1575	6395100	1575
15/12/2009	1574	1593.5	1532.5	1562	4879400	1562
16/12/2009	1548	1577.5	1537	1577.5	4117400	1577.5
17/12/2009	1558	1567	1524	1535.5	5905200	1535.5
18/12/2009	1532	1561.5	1494.5	1494.5	11066900	1494.5
21/12/2009	1502	1557.5	1499	1543	2873200	1543
22/12/2009	1540.5	1569	1538.5	1547	1823000	1547
23/12/2009	1550	1587.5	1550	1578.5	2216200	1578.5
24/12/2009	1562.5	1581	1562.5	1574	450300	1574
29/12/2009	1563	1590	1561.5	1590	1272200	1590
30/12/2009	1575	1586	1556	1557	1140800	1557
31/12/2009	1572.5	1575.5	1554.5	1575	703200	1575
