Date	Open	High	Low	Close	Volume	Adj Close
03/01/2006	2841.98	2893.83	2841.98	2876.54	1805800	6392.32
04/01/2006	2883.95	2886.42	2824.69	2834.57	2743700	6299.04
05/01/2006	2839.51	2844.44	2824.69	2832.1	2568400	6293.55
06/01/2006	2837.04	2864.2	2834.57	2851.85	2295200	6337.45
09/01/2006	2856.79	2856.79	2824.69	2849.38	1489200	6331.96
10/01/2006	2839.51	2869.14	2827.16	2869.14	3999900	6375.86
11/01/2006	2886.42	2918.52	2869.14	2918.52	5126000	6485.6
12/01/2006	2923.46	2928.4	2898.77	2913.58	4141000	6474.62
13/01/2006	2908.64	2911.11	2871.6	2879.01	4116500	6397.81
16/01/2006	2879.01	2930.86	2874.07	2923.46	2521800	6496.57
17/01/2006	2918.52	2923.46	2864.2	2879.01	4042700	6397.81
18/01/2006	2861.73	2876.54	2846.91	2864.2	3745800	6364.88
19/01/2006	2874.07	2898.77	2874.07	2881.48	3409800	6403.29
20/01/2006	2881.48	2896.3	2832.1	2841.98	2284600	6315.5
23/01/2006	2822.22	2834.57	2804.94	2832.1	2960400	6293.55
24/01/2006	2824.69	2866.67	2812.35	2856.79	5797900	6348.42
25/01/2006	2859.26	2866.67	2829.63	2859.26	6502900	6353.91
26/01/2006	2874.07	2883.95	2859.26	2881.48	3674700	6403.29
27/01/2006	2911.11	2928.4	2893.83	2918.52	4445100	6485.6
30/01/2006	2928.4	2935.8	2881.48	2898.77	2337400	6441.7
31/01/2006	2906.17	2928.4	2906.17	2918.52	3654400	6485.6
01/02/2006	2923.46	2995.06	2920.99	2958.02	5915500	6573.39
02/02/2006	2975.31	2987.65	2930.86	2930.86	3592700	6513.03
03/02/2006	2923.46	2955.56	2923.46	2945.68	2899500	6545.95
06/02/2006	2948.15	2980.25	2935.8	2945.68	2874500	6545.95
07/02/2006	2955.56	2960.49	2920.99	2950.62	2663400	6556.93
08/02/2006	2938.27	2975.31	2920.99	2958.02	3914500	6573.39
09/02/2006	2962.96	3029.63	2962.96	3009.88	5460800	6688.61
10/02/2006	3002.47	3002.47	2948.15	2955.56	3895600	6567.9
13/02/2006	2965.43	2980.25	2943.21	2977.78	2041500	6617.28
14/02/2006	2977.78	2990.12	2945.68	2967.9	2590200	6595.34
15/02/2006	2980.25	2990.12	2953.09	2967.9	1595000	6595.34
16/02/2006	2977.78	2985.19	2943.21	2960.49	3493000	6578.88
17/02/2006	2962.96	2965.43	2940.74	2953.09	1853700	6562.41
20/02/2006	2923.46	2950.62	2923.46	2940.74	1559800	6534.98
21/02/2006	2945.68	2958.02	2940.74	2943.21	1286900	6540.47
22/02/2006	2940.74	2970.37	2930.86	2965.43	2855000	6589.85
23/02/2006	2970.37	2970.37	2925.93	2928.4	1848300	6507.54
24/02/2006	2930.86	2943.21	2923.46	2925.93	1216600	6502.06
27/02/2006	2913.58	2955.56	2913.58	2950.62	2588700	6556.93
28/02/2006	2943.21	2955.56	2898.77	2901.23	2945300	6447.19
01/03/2006	2906.17	2997.53	2906.17	2955.56	6023800	6567.9
02/03/2006	2958.02	2985.19	2918.52	2930.86	2982700	6513.03
03/03/2006	2933.33	2945.68	2903.7	2928.4	3077100	6507.54
06/03/2006	2945.68	2950.62	2898.77	2928.4	1689900	6507.54
07/03/2006	2920.99	2960.49	2908.64	2950.62	2868200	6556.93
08/03/2006	2953.09	2953.09	2925.93	2933.33	3724100	6518.52
09/03/2006	2943.21	2950.62	2925.93	2940.74	1588100	6534.98
10/03/2006	2943.21	2972.84	2923.46	2967.9	2763700	6595.34
13/03/2006	2980.25	2985.19	2935.8	2950.62	3850900	6556.93
14/03/2006	2938.27	2938.27	2911.11	2935.8	2151200	6524.01
15/03/2006	2948.15	2950.62	2918.52	2925.93	1939400	6502.06
16/03/2006	2933.33	2935.8	2901.23	2925.93	1612000	6502.06
17/03/2006	2916.05	2960.49	2913.58	2925.93	2187200	6502.06
20/03/2006	2935.8	2935.8	2901.23	2908.64	1581000	6463.65
21/03/2006	2901.23	2916.05	2886.42	2891.36	1266100	6425.24
22/03/2006	2891.36	2920.99	2871.6	2916.05	1997300	6480.11
23/03/2006	2928.4	2938.27	2911.11	2911.11	1970400	6469.14
24/03/2006	2903.7	2923.46	2893.83	2903.7	2609400	6452.68
27/03/2006	2898.77	2901.23	2834.57	2859.26	3361800	6353.91
28/03/2006	2856.79	2864.2	2837.04	2851.85	2907100	6337.45
29/03/2006	2856.79	2859.26	2841.98	2849.38	1750800	6331.96
30/03/2006	2859.26	2893.83	2856.79	2888.89	1627700	6419.75
31/03/2006	2888.89	2945.68	2879.01	2908.64	2940700	6463.65
03/04/2006	2903.7	2925.93	2883.95	2908.64	3292300	6463.65
04/04/2006	2891.36	2901.23	2874.07	2886.42	2948200	6414.27
05/04/2006	2891.36	2918.52	2869.14	2918.52	4511800	6485.6
06/04/2006	2918.52	2918.52	2854.32	2876.54	2063600	6392.32
07/04/2006	2881.48	2901.23	2869.14	2869.14	1875200	6375.86
10/04/2006	2854.32	2883.95	2844.44	2879.01	1250500	6397.81
11/04/2006	2869.14	2883.95	2856.79	2861.73	8340400	6359.4
12/04/2006	2866.67	2866.67	2824.69	2841.98	946000	6315.5
13/04/2006	2839.51	2851.85	2832.1	2851.85	807100	6337.45
14/04/2006	2851.85	2851.85	2851.85	2851.85	0	6337.45
17/04/2006	2851.85	2851.85	2851.85	2851.85	0	6337.45
18/04/2006	2844.44	2849.38	2817.28	2822.22	1750500	6271.6
19/04/2006	2839.51	2851.85	2834.57	2851.85	2076100	6337.45
20/04/2006	2844.44	2888.89	2844.44	2874.07	1676400	6386.83
21/04/2006	2866.67	2928.4	2866.67	2916.05	2365700	6480.11
24/04/2006	2911.11	2911.11	2881.48	2893.83	1325600	6430.73
25/04/2006	2891.36	2940.74	2891.36	2898.77	1328200	6441.7
26/04/2006	2906.17	2938.27	2901.23	2923.46	1443700	6496.57
27/04/2006	2923.46	2933.33	2888.89	2911.11	2662200	6469.14
28/04/2006	2916.05	2918.52	2874.07	2876.54	2138900	6392.32
01/05/2006	2876.54	2876.54	2876.54	2876.54	0	6392.32
02/05/2006	2874.07	2923.46	2849.38	2920.99	4322500	6491.08
03/05/2006	2930.86	2930.86	2841.98	2844.44	6102000	6320.99
04/05/2006	2814.81	2814.81	2745.68	2767.9	7741500	6150.89
05/05/2006	2775.31	2797.53	2735.8	2792.59	4844100	6205.76
08/05/2006	2792.59	2800	2765.43	2777.78	5454200	6172.84
09/05/2006	2777.78	2777.78	2745.68	2758.02	5376600	6128.94
10/05/2006	2770.37	2780.25	2760.49	2770.37	3546400	6156.38
11/05/2006	2765.43	2807.41	2760.49	2765.43	4006700	6145.4
12/05/2006	2758.02	2777.78	2725.93	2725.93	2662900	6057.61
15/05/2006	2718.52	2737.98	2681.78	2713.58	2373400	6030.18
16/05/2006	2728.4	2731.01	2702.48	2720.99	3388100	6046.64
17/05/2006	2659.26	2669.14	2590.12	2590.12	3076100	5755.83
18/05/2006	2592.59	2626.67	2580.99	2609.88	3259000	5799.73
19/05/2006	2602.33	2619.01	2575.69	2592.47	2577700	5761.04
22/05/2006	1157	1182.65	1146	1170	5451200	1170
23/05/2006	1169	1202	1169	1193	6551800	1193
24/05/2006	1181	1194.19	1147	1171	6899000	1171
25/05/2006	1179	1186.63	1166.01	1182	5310100	1182
26/05/2006	1201	1221.91	1199	1221	6495200	1221
29/05/2006	1221	1221	1221	1221	0	1221
30/05/2006	1218	1220	1181	1188	6285100	1188
31/05/2006	1186	1198	1175.64	1195	8464700	1195
01/06/2006	1195	1195	1178.38	1192	7794900	1192
02/06/2006	1200	1201.15	1183.2	1188	5560300	1188
05/06/2006	1188	1194	1174	1190	8185400	1190
06/06/2006	1177	1180.26	1171	1171	4410500	1171
07/06/2006	1173	1183	1163	1179	4971200	1179
08/06/2006	1158	1164.99	1149	1149	5801900	1149
09/06/2006	1152	1159	1143	1155	10927600	1155
12/06/2006	1157	1163	1142.28	1146	22940500	1146
13/06/2006	1129	1129	1117	1125	13936900	1125
14/06/2006	1129	1137	1120	1131	14509100	1131
15/06/2006	1134	1139.86	1126	1137	9229300	1137
16/06/2006	1150	1150.3	1127.2	1129	7294800	1129
19/06/2006	1144	1143.61	1135.2	1139	3620900	1139
20/06/2006	1135	1141.1	1129.72	1140	3988700	1140
21/06/2006	1145	1147	1133	1146	9335400	1146
22/06/2006	1161	1199	1155.28	1171	19737300	1171
23/06/2006	1169	1186.25	1167.53	1176	6777000	1176
26/06/2006	1179	1181.36	1161	1164	7197700	1164
27/06/2006	1172	1177	1158	1159	3802500	1159
28/06/2006	1156	1177.75	1150	1174	8016400	1174
29/06/2006	1177	1195	1175	1195	6850200	1195
30/06/2006	1200	1219	1196	1216	13095000	1216
03/07/2006	1216	1226	1209	1223	3519400	1223
04/07/2006	1218	1225	1210	1224	2729200	1224
05/07/2006	1218	1222	1210	1216	5245500	1216
06/07/2006	1220	1229	1213	1226	8275600	1226
07/07/2006	1226	1226	1209	1216	3784400	1216
10/07/2006	1215	1220	1206	1219	1928800	1219
11/07/2006	1214	1215	1205	1213	3971300	1213
12/07/2006	1216	1226	1210	1218	1968700	1218
13/07/2006	1216	1216	1191	1194	2643500	1194
14/07/2006	1186	1197	1181	1184	2712900	1184
17/07/2006	1190	1194	1172	1188	3355200	1188
18/07/2006	1188	1221	1186	1201	9145100	1201
19/07/2006	1208	1227	1202	1227	5031200	1227
20/07/2006	1229	1252	1223	1240	6790900	1240
21/07/2006	1238	1259	1234	1254	5877000	1254
24/07/2006	1256	1266	1244	1265	4630400	1265
25/07/2006	1268	1273	1247	1253	6214100	1253
26/07/2006	1256	1259	1248	1258	5035400	1258
27/07/2006	1261	1267	1255	1259	4529600	1259
28/07/2006	1257	1276	1252	1272	4889200	1272
31/07/2006	1278	1280	1259	1266	3814400	1266
01/08/2006	1261	1297	1261	1270	9425400	1270
02/08/2006	1271	1298	1271	1289	10466200	1289
03/08/2006	1289	1289	1289	1289	0	1289
04/08/2006	1217	1231	1200	1222	11067000	1222
07/08/2006	1209	1209	1193	1195	6116900	1195
08/08/2006	1204	1204	1191	1193	11004200	1193
09/08/2006	1191	1205	1180	1204	3666700	1204
10/08/2006	1195	1196	1180	1193	5415500	1193
11/08/2006	1194	1207	1187	1190	5618800	1190
14/08/2006	1200	1219	1193	1219	5129800	1219
15/08/2006	1221	1234	1210	1232	8042500	1232
16/08/2006	1229	1239	1223	1232	9032200	1232
17/08/2006	1230	1234	1219	1228	7566800	1228
18/08/2006	1230	1234	1223	1232	6020400	1232
21/08/2006	1234	1234	1222	1227	4950800	1227
22/08/2006	1229	1235	1218	1227	9641300	1227
23/08/2006	1235	1243	1225	1231	7296500	1231
24/08/2006	1235	1252	1233	1249	4901700	1249
25/08/2006	1247	1252	1242	1242	3320900	1242
28/08/2006	1242	1242	1242	1242	0	1242
29/08/2006	1255	1257	1246	1248	3854300	1248
30/08/2006	1256	1263	1250	1259	3528500	1259
31/08/2006	1258	1265	1250	1256	3633200	1256
01/09/2006	1258	1262	1251	1255	2289000	1255
04/09/2006	1263	1279	1263	1279	3609900	1279
05/09/2006	1280	1282	1266	1274	5544200	1274
06/09/2006	1269	1277	1258	1264	3523000	1264
07/09/2006	1260	1268	1256	1260	3931300	1260
08/09/2006	1263	1274	1263	1267	3243600	1267
11/09/2006	1261	1278	1257	1273	3398100	1273
12/09/2006	1277	1282	1268	1274	5516400	1274
13/09/2006	1274	1285	1274	1285	3901100	1285
14/09/2006	1287	1290	1273	1279	3352400	1279
15/09/2006	1276	1286	1275	1282	4546600	1282
18/09/2006	1283	1301	1280	1293	3849300	1293
19/09/2006	1289	1294	1267	1270	6683000	1270
20/09/2006	1267	1286	1267	1285	2471400	1285
21/09/2006	1285	1295	1276	1293	5345900	1293
22/09/2006	1286	1292	1280	1287	4866000	1287
25/09/2006	1290	1302	1284	1290	8216200	1290
26/09/2006	1295	1318	1292	1316	10036700	1316
27/09/2006	1316	1326	1312	1325	8809600	1325
28/09/2006	1322	1325	1316	1318	4188100	1318
29/09/2006	1322	1329	1317	1317	4895400	1317
02/10/2006	1322	1323	1297	1300	4187300	1300
03/10/2006	1306	1306	1289	1297	4117400	1297
04/10/2006	1298	1319	1294	1316	4273000	1316
05/10/2006	1321	1330	1318	1323	5250900	1323
06/10/2006	1327	1330	1319	1326	5025400	1326
09/10/2006	1320	1330	1320	1329	11579600	1329
10/10/2006	1326	1336	1322	1325	13633600	1325
11/10/2006	1328	1328	1315	1325	11897700	1325
12/10/2006	1323	1332	1320	1328	13796000	1328
13/10/2006	1323	1325	1309	1322	5399100	1322
16/10/2006	1325	1329	1318	1323	2275400	1323
17/10/2006	1318	1322	1299	1300	3887200	1300
18/10/2006	1311	1326	1311	1320	3965200	1320
19/10/2006	1320	1328	1308	1317	5753100	1317
20/10/2006	1320	1330	1301	1307	3734900	1307
23/10/2006	1315	1324	1306	1318	2756500	1318
24/10/2006	1314	1320	1305	1312	3716000	1312
25/10/2006	1310	1320	1310	1318	2586800	1318
26/10/2006	1321	1324	1311	1315	2722000	1315
27/10/2006	1315	1321	1308	1316	2168000	1316
30/10/2006	1308	1314	1297	1308	6366200	1308
31/10/2006	1305	1319	1301	1301	5847600	1301
01/11/2006	1285	1305	1281	1294	7725600	1294
02/11/2006	1321	1360	1320	1354	27812600	1354
03/11/2006	1359	1390	1355	1366	12174300	1366
06/11/2006	1372	1404	1370	1401	10953500	1401
07/11/2006	1401	1403	1388	1402	5452400	1402
08/11/2006	1370	1388	1368	1384	7212200	1384
09/11/2006	1384	1405	1384	1400	8874800	1400
10/11/2006	1400	1407	1397	1403	4984700	1403
13/11/2006	1397	1408	1396	1402	3575300	1402
14/11/2006	1400	1404	1388	1395	6593200	1395
15/11/2006	1403	1414	1396	1412	4176000	1412
16/11/2006	1411	1417	1404	1406	3183500	1406
17/11/2006	1404	1411	1393	1401	4301000	1401
20/11/2006	1398	1398	1374	1380	6810800	1380
21/11/2006	1381	1390	1377	1383	7436800	1383
22/11/2006	1383	1391	1368	1381	12368300	1381
23/11/2006	1385	1385	1369	1379	4903100	1379
24/11/2006	1381	1383	1370	1379	3409500	1379
27/11/2006	1375	1382	1362	1362	4213500	1362
28/11/2006	1362	1371	1352	1362	5882000	1362
29/11/2006	1364	1382	1364	1375	5992200	1375
30/11/2006	1365	1383	1361	1363	4417500	1363
01/12/2006	1368	1370	1339	1347	7346700	1347
04/12/2006	1346	1366	1342	1356	6804300	1356
05/12/2006	1356	1366	1354	1361	5186700	1361
06/12/2006	1363	1366	1354	1358	4367100	1358
07/12/2006	1360	1379	1355	1370	5500600	1370
08/12/2006	1364	1367	1350	1364	4613200	1364
11/12/2006	1366	1378	1364	1371	11696000	1371
12/12/2006	1375	1383	1369	1380	12478400	1380
13/12/2006	1375	1396	1375	1396	13073600	1396
14/12/2006	1400	1403	1391	1399	12503500	1399
15/12/2006	1405	1409	1387	1405	6359100	1405
18/12/2006	1398	1415	1398	1410	3343700	1410
19/12/2006	1401	1417	1394	1413	4532000	1413
20/12/2006	1415	1419	1408	1412	5973200	1412
21/12/2006	1408	1412	1402	1406	2422000	1406
22/12/2006	1399	1418	1399	1418	1308900	1418
25/12/2006	1418	1418	1418	1418	0	1418
26/12/2006	1418	1418	1418	1418	0	1418
27/12/2006	1403	1426	1403	1426	3060400	1426
28/12/2006	1418	1427	1418	1421	1491000	1421
29/12/2006	1415	1430	1415	1428	2215600	1428
01/01/2007	1428	1428	1428	1428	0	1428
02/01/2007	1431	1439	1430	1439	3100700	1439
03/01/2007	1440	1444	1430	1442	4857400	1442
04/01/2007	1432	1437	1427	1433	2418400	1433
05/01/2007	1424	1429	1417	1420	4880100	1420
08/01/2007	1420	1420	1397	1402	4797900	1402
09/01/2007	1410	1410	1394	1397	5125900	1397
10/01/2007	1395	1396	1382	1387	3625200	1387
11/01/2007	1390	1394	1374	1390	5211900	1390
12/01/2007	1388	1412	1385	1409	11222200	1409
15/01/2007	1417	1419	1405	1416	4033300	1416
16/01/2007	1416	1418	1405	1413	4752600	1413
17/01/2007	1413	1424	1411	1420	5644700	1420
18/01/2007	1419	1425	1404	1410	7082300	1410
19/01/2007	1403	1419	1398	1414	4942100	1414
22/01/2007	1413	1415	1394	1399	5485100	1399
23/01/2007	1395	1395	1365	1384	12191300	1384
24/01/2007	1394	1408	1387	1403	4288300	1403
25/01/2007	1398	1405	1385	1392	10897800	1392
26/01/2007	1380	1388	1372	1378	4619900	1378
29/01/2007	1378	1393	1371	1390	4701600	1390
30/01/2007	1385	1408	1380	1399	5004900	1399
31/01/2007	1395	1401	1381	1384	6423000	1384
01/02/2007	1399	1408	1389	1400	6011600	1400
02/02/2007	1396	1416	1396	1413	6521200	1413
05/02/2007	1411	1415	1406	1412	3883200	1412
06/02/2007	1416	1429	1412	1424	7893200	1424
07/02/2007	1420	1429	1404	1423	3945700	1423
08/02/2007	1397	1403	1372	1389	14927300	1389
09/02/2007	1389	1404	1384	1390	6155700	1390
12/02/2007	1387	1387	1358	1365	9544200	1365
13/02/2007	1365	1384	1361	1384	3732700	1384
14/02/2007	1387	1406	1383	1403	6656400	1403
15/02/2007	1401	1417	1397	1413	4736800	1413
16/02/2007	1408	1413	1389	1397	5598100	1397
19/02/2007	1397	1412	1393	1406	2216800	1406
20/02/2007	1406	1408	1398	1406	6770700	1406
21/02/2007	1413	1414	1379	1384	5315300	1384
22/02/2007	1395	1395	1374	1376	5302600	1376
23/02/2007	1384	1394	1373	1388	4993500	1388
26/02/2007	1390	1397	1387	1391	2003700	1391
27/02/2007	1388	1390	1371	1376	5470900	1376
28/02/2007	1359	1375	1343	1361	11917800	1361
01/03/2007	1357	1362	1321	1339	8805000	1339
02/03/2007	1340	1353	1331	1342	13524700	1342
05/03/2007	1325	1342	1320	1334	5664700	1334
06/03/2007	1337	1359	1337	1356	7530600	1356
07/03/2007	1355	1371	1348	1364	5268700	1364
08/03/2007	1362	1372	1357	1368	10886900	1368
09/03/2007	1368	1382	1360	1382	8576200	1382
12/03/2007	1390	1416	1380	1415	8115700	1415
13/03/2007	1409	1422	1390	1406	10632400	1406
14/03/2007	1388	1417	1385	1402	9185400	1402
15/03/2007	1420	1484	1420	1484	20964800	1484
16/03/2007	1487	1541	1487	1525	22605900	1525
19/03/2007	1537	1537	1498	1507	8405200	1507
20/03/2007	1511	1511	1480	1495	9908800	1495
21/03/2007	1484	1499	1474	1488	8387700	1488
22/03/2007	1505	1507	1487	1504	13306300	1504
23/03/2007	1496	1527	1492	1517	15514900	1517
26/03/2007	1505	1513	1476	1480	10168600	1480
27/03/2007	1490	1508	1480	1503	10837100	1503
28/03/2007	1504	1507	1480	1498	11608900	1498
29/03/2007	1507	1521	1500	1517	6186900	1517
30/03/2007	1512	1535	1508	1531	7764100	1531
02/04/2007	1522	1540	1517	1522	6465100	1522
03/04/2007	1528	1543	1519	1531	5070400	1531
04/04/2007	1534	1542	1523	1532	3055400	1532
05/04/2007	1529	1539	1527	1535	8477600	1535
06/04/2007	1535	1535	1535	1535	0	1535
09/04/2007	1535	1535	1535	1535	0	1535
10/04/2007	1531	1553	1530	1544	4354800	1544
11/04/2007	1540	1543	1523	1524	8213800	1524
12/04/2007	1519	1531	1516	1527	4763600	1527
13/04/2007	1527	1556	1526	1555	4610600	1555
16/04/2007	1554	1558	1543	1557	3014500	1557
17/04/2007	1549	1559	1538	1553	6411400	1553
18/04/2007	1552	1555	1533	1537	8546200	1537
19/04/2007	1535	1550	1526	1544	3129200	1544
20/04/2007	1556	1576	1545	1562	5488300	1562
23/04/2007	1569	1569	1555	1564	2635500	1564
24/04/2007	1560	1577	1557	1568	4410700	1568
25/04/2007	1575	1594	1571	1581	6849600	1581
26/04/2007	1593	1613	1589	1601	8155800	1601
27/04/2007	1594	1598	1570	1574	9309900	1574
30/04/2007	1581	1592	1573	1576	9091400	1576
01/05/2007	1560	1573	1550	1552	7438200	1552
02/05/2007	1564	1580	1552	1556	10181800	1556
03/05/2007	1610	1645	1595	1616	23855600	1616
04/05/2007	1623	1648	1622	1626	17802700	1626
07/05/2007	1626	1626	1626	1626	0	1626
08/05/2007	1622	1674	1622	1658	11926000	1658
09/05/2007	1666	1673	1662	1665	30007000	1665
10/05/2007	1663	1668	1641	1641	20064300	1641
11/05/2007	1631	1649	1616	1641	9470400	1641
14/05/2007	1636	1647	1630	1638	6848200	1638
15/05/2007	1622	1634	1608	1616	10654500	1616
16/05/2007	1610	1615	1592	1595	13055500	1595
17/05/2007	1600	1601	1587	1590	7612600	1590
18/05/2007	1585	1602	1573	1591	8997800	1591
21/05/2007	1594	1594	1573	1580	8618900	1580
22/05/2007	1578	1587	1572	1582	22762600	1582
23/05/2007	1558	1562	1550	1555	8752100	1555
24/05/2007	1556	1569	1549	1556	10926000	1556
25/05/2007	1554	1555	1538	1544	8325300	1544
28/05/2007	1544	1544	1544	1544	0	1544
29/05/2007	1546	1560	1543	1556	3009600	1556
30/05/2007	1551	1562	1544	1558	4341200	1558
31/05/2007	1563	1568	1551	1559	6732300	1559
01/06/2007	1559	1559	1559	1559	0	1559
04/06/2007	1572	1572	1559	1559	13795400	1559
05/06/2007	1557	1559	1541	1544	6836400	1544
06/06/2007	1541	1554	1516	1520	11225600	1520
07/06/2007	1532	1535	1498	1508	16264000	1508
08/06/2007	1506	1518	1495	1514	5885900	1514
11/06/2007	1514	1531	1509	1528	13998200	1528
12/06/2007	1524	1549	1518	1539	21723500	1539
13/06/2007	1540	1540	1512	1528	8949200	1528
14/06/2007	1542	1554	1538	1548	10845900	1548
15/06/2007	1559	1663	1553	1594	11397700	1594
18/06/2007	1593	1594	1571	1578	5014100	1578
19/06/2007	1572	1581	1551	1551	4526200	1551
20/06/2007	1556	1559	1536	1544	5335900	1544
21/06/2007	1538	1548	1530	1540	7161100	1540
22/06/2007	1543	1575	1543	1564	7746500	1564
25/06/2007	1561	1578	1554	1574	9016900	1574
26/06/2007	1559	1599	1559	1597	8395600	1597
27/06/2007	1596	1638	1583	1606	9636700	1606
28/06/2007	1609	1613	1594	1606	7494700	1606
29/06/2007	1611	1615	1597	1615	4906900	1615
02/07/2007	1606	1621	1606	1607	3842900	1607
03/07/2007	1612	1637	1607	1616	5190200	1616
04/07/2007	1612	1622	1612	1613	3495400	1613
05/07/2007	1609	1617	1596	1598	19031000	1598
06/07/2007	1594	1603	1583	1603	5006900	1603
09/07/2007	1603	1624	1596	1616	3707400	1616
10/07/2007	1617	1699	1617	1647	16293900	1647
11/07/2007	1640	1722	1640	1683	17211200	1683
12/07/2007	1679	1683	1660	1672	9813900	1672
13/07/2007	1701	1711	1668	1673	9628000	1673
16/07/2007	1671	1678	1649	1657	5326000	1657
17/07/2007	1660	1660	1635	1648	5107900	1648
18/07/2007	1639	1644	1626	1626	3663200	1626
19/07/2007	1631	1666	1631	1666	7566300	1666
20/07/2007	1658	1680	1641	1642	8724400	1642
23/07/2007	1640	1645	1629	1645	3823700	1645
24/07/2007	1642	1643	1610	1612	4999200	1612
25/07/2007	1601	1636	1599	1607	5682200	1607
26/07/2007	1609	1615	1559	1559	6295200	1559
27/07/2007	1544	1577	1541	1564	6818000	1564
30/07/2007	1558	1562	1535	1544	5445100	1544
31/07/2007	1541	1554	1518	1550	9720000	1550
01/08/2007	1531	1531	1498	1504	8887400	1504
02/08/2007	1594	1629	1554	1568	16878700	1568
03/08/2007	1574	1579	1547	1551	7571300	1551
06/08/2007	1533	1545	1526	1537	5139100	1537
07/08/2007	1543	1557	1534	1549	7225400	1549
08/08/2007	1565	1570	1549	1553	9924200	1553
09/08/2007	1545	1548	1473	1500	17712100	1500
10/08/2007	1476	1482	1449	1467	14227200	1467
13/08/2007	1484	1511	1479	1509	7488500	1509
14/08/2007	1499	1515	1477	1485	8018600	1485
15/08/2007	1477	1519	1471	1511	10480000	1511
16/08/2007	1485	1498	1469	1479	18743900	1479
17/08/2007	1494	1526	1471	1523	17957300	1523
20/08/2007	1518	1535	1509	1519	5021900	1519
21/08/2007	1527	1529	1499	1507	5534100	1507
22/08/2007	1518	1546	1512	1541	5758000	1541
23/08/2007	1551	1560	1532	1532	4811300	1532
24/08/2007	1535	1544	1521	1531	7377600	1531
27/08/2007	1531	1531	1531	1531	0	1531
28/08/2007	1535	1541	1508	1514	3488300	1514
29/08/2007	1513	1534	1494	1524	4840800	1524
30/08/2007	1529	1538	1517	1538	4148800	1538
31/08/2007	1551	1563	1540	1563	4051400	1563
03/09/2007	1570	1570	1554	1561	2730100	1561
04/09/2007	1559	1572	1543	1572	3039400	1572
05/09/2007	1567	1571	1559	1562	8238500	1562
06/09/2007	1567	1579	1546	1557	6684000	1557
07/09/2007	1551	1571	1549	1558	16166800	1558
10/09/2007	1571	1573	1539	1542	3003200	1542
11/09/2007	1552	1577	1547	1577	4528900	1577
12/09/2007	1577	1587	1569	1583	3605600	1583
13/09/2007	1593	1617	1587	1611	4834900	1611
14/09/2007	1599	1613	1594	1607	4034600	1607
17/09/2007	1600	1611	1591	1592	4775800	1592
18/09/2007	1585	1606	1585	1604	10362400	1604
19/09/2007	1624	1644	1615	1636	8533400	1636
20/09/2007	1635	1640	1601	1610	6756300	1610
21/09/2007	1603	1627	1603	1618	6579400	1618
24/09/2007	1605	1619	1590	1594	5568900	1594
25/09/2007	1593	1604	1584	1584	5634800	1584
26/09/2007	1585	1596	1580	1590	3781100	1590
27/09/2007	1593	1605	1587	1592	3836800	1592
28/09/2007	1598	1604	1536	1545	18187200	1545
01/10/2007	1535	1568	1528	1565	7485700	1565
02/10/2007	1575	1578	1536	1539	11917300	1539
03/10/2007	1545	1550	1515	1537	8450500	1537
04/10/2007	1533	1542	1522	1535	8823500	1535
05/10/2007	1544	1571	1524	1558	10159600	1558
08/10/2007	1563	1567	1546	1548	3586800	1548
09/10/2007	1546	1570	1545	1563	3723200	1563
10/10/2007	1561	1592	1547	1584	4832000	1584
11/10/2007	1587	1635	1577	1622	7820000	1622
12/10/2007	1617	1617	1602	1609	4890700	1609
15/10/2007	1604	1615	1581	1580	4530000	1580
16/10/2007	1583	1587	1569	1578	4242800	1578
17/10/2007	1576	1617	1574	1608	12636300	1608
18/10/2007	1612	1626	1606	1621	4840300	1621
19/10/2007	1613	1623	1607	1617	7144400	1617
22/10/2007	1595	1618	1595	1612	3021900	1612
23/10/2007	1614	1629	1602	1620	2786700	1620
24/10/2007	1620	1630	1604	1616	5589300	1616
25/10/2007	1620	1644	1608	1639	4566100	1639
26/10/2007	1634	1649	1615	1645	3426400	1645
29/10/2007	1655	1670	1642	1666	3380200	1666
30/10/2007	1653	1672	1648	1652	4643000	1652
31/10/2007	1648	1650	1598	1625	10646800	1625
01/11/2007	1668	1712	1657	1696	13510200	1696
02/11/2007	1686	1737	1686	1730	7420600	1730
05/11/2007	1726	1759	1717	1739	7583200	1739
06/11/2007	1745	1747	1709	1722	5524400	1722
07/11/2007	1708	1714	1681	1685	6055100	1685
08/11/2007	1682	1712	1672	1688	7187200	1688
09/11/2007	1691	1697	1663	1675	5699500	1675
12/11/2007	1667	1698	1667	1697	4230000	1697
13/11/2007	1690	1746	1687	1741	6858600	1741
14/11/2007	1743	1773	1727	1768	8554900	1768
15/11/2007	1771	1788	1761	1772	8110800	1772
16/11/2007	1759	1793	1748	1783	6630500	1783
19/11/2007	1784	1809	1771	1796	7413600	1796
20/11/2007	1795	1796	1765	1785	10676200	1785
21/11/2007	1771	1784	1749	1759	5134900	1759
22/11/2007	1762	1786	1748	1783	6337400	1783
23/11/2007	1778	1792	1750	1767	4594100	1767
26/11/2007	1761	1779	1749	1757	3162800	1757
27/11/2007	1748	1763	1718	1758	4774200	1758
28/11/2007	1770	1783	1750	1778	4525700	1778
29/11/2007	1783	1783	1744	1773	4480200	1773
30/11/2007	1773	1789	1763	1784	7946400	1784
03/12/2007	1781	1785	1748	1753	3463000	1753
04/12/2007	1760	1777	1732	1770	4561300	1770
05/12/2007	1779	1820	1779	1815	6174000	1815
06/12/2007	1813	1814	1788	1801	3287900	1801
07/12/2007	1812	1815	1797	1804	3632200	1804
10/12/2007	1789	1799	1780	1793	7420800	1793
11/12/2007	1789	1792	1768	1782	2763100	1782
12/12/2007	1772	1806	1763	1791	5453600	1791
13/12/2007	1770	1776	1746	1746	5028200	1746
14/12/2007	1748	1764	1740	1755	3636100	1755
17/12/2007	1735	1774	1735	1761	3917600	1761
18/12/2007	1751	1798	1748	1783	7461900	1783
19/12/2007	1780	1784	1759	1774	3074700	1774
20/12/2007	1781	1810	1769	1807	5011600	1807
21/12/2007	1822	1885	1818	1880	7629100	1880
24/12/2007	1884	1923	1884	1919	687700	1919
25/12/2007	1919	1919	1919	1919	0	1919
26/12/2007	1919	1919	1919	1919	0	1919
27/12/2007	1910	1924	1895	1909	2534400	1909
28/12/2007	1906	1922	1901	1917	1809200	1917
31/12/2007	1920	1920	1890	1890	877100	1890
01/01/2008	1890	1890	1890	1890	0	1890
02/01/2008	1896	1914	1892	1893	3316800	1893
03/01/2008	1883	1916	1883	1905	3476500	1905
04/01/2008	1906	1906	1880	1884	5093400	1884
07/01/2008	1877	1929	1863	1927	6947600	1927
08/01/2008	1930	1947	1915	1915	6764600	1915
09/01/2008	1907	1922	1849	1849	12620200	1849
10/01/2008	1863	1870	1805	1819	12184800	1819
11/01/2008	1806	1810	1684	1729	13665700	1729
14/01/2008	1727	1750	1710	1732	4474100	1732
15/01/2008	1740	1744	1663	1670	8043900	1670
16/01/2008	1670	1711	1665	1682	6251400	1682
17/01/2008	1688	1738	1688	1697	6804300	1697
18/01/2008	1700	1760	1691	1712	7858700	1712
21/01/2008	1684	1691	1589	1594	8237400	1594
22/01/2008	1551	1653	1516	1637	11186800	1637
23/01/2008	1669	1669	1559	1592	7762600	1592
24/01/2008	1637	1670	1615	1664	6003400	1664
25/01/2008	1668	1692	1647	1655	4540500	1655
28/01/2008	1631	1661	1610	1650	4243800	1650
29/01/2008	1656	1669	1633	1649	4461800	1649
30/01/2008	1625	1647	1612	1630	3538500	1630
31/01/2008	1626	1659	1605	1653	6071700	1653
01/02/2008	1671	1717	1666	1717	4809900	1717
04/02/2008	1715	1715	1675	1676	3738600	1676
05/02/2008	1661	1670	1607	1616	5899200	1616
06/02/2008	1607	1660	1606	1655	5818600	1655
07/02/2008	1672	1689	1575	1598	10028600	1598
08/02/2008	1609	1631	1601	1623	4525900	1623
11/02/2008	1603	1628	1588	1595	3049400	1595
12/02/2008	1598	1631	1582	1627	4882500	1627
13/02/2008	1613	1622	1585	1607	4566500	1607
14/02/2008	1619	1631	1590	1596	4797900	1596
15/02/2008	1598	1612	1561	1563	7026400	1563
18/02/2008	1570	1598	1562	1594	4221900	1594
19/02/2008	1591	1621	1576	1598	3801000	1598
20/02/2008	1580	1594	1565	1591	5942400	1591
21/02/2008	1595	1601	1565	1568	4074600	1568
22/02/2008	1561	1588	1553	1573	3999100	1573
25/02/2008	1582	1596	1572	1592	2986000	1592
26/02/2008	1591	1600	1573	1587	3940700	1587
27/02/2008	1590	1633	1580	1629	6777000	1629
28/02/2008	1627	1663	1614	1619	6670000	1619
29/02/2008	1612	1633	1591	1596	4785700	1596
03/03/2008	1594	1602	1574	1580	4082400	1580
04/03/2008	1577	1594	1571	1583	4860800	1583
05/03/2008	1597	1606	1577	1604	3756600	1604
06/03/2008	1607	1610	1577	1579	3002700	1579
07/03/2008	1569	1597	1556	1586	6063600	1586
10/03/2008	1579	1592	1567	1575	2878500	1575
11/03/2008	1575	1613	1570	1602	4729300	1602
12/03/2008	1615	1615	1594	1600	4118900	1600
13/03/2008	1578	1655	1578	1651	7644100	1651
14/03/2008	1651	1664	1616	1635	7919300	1635
17/03/2008	1610	1627	1591	1602	8691400	1602
18/03/2008	1621	1625	1602	1614	4764400	1614
19/03/2008	1626	1643	1602	1632	6006000	1632
20/03/2008	1625	1688	1625	1672	9401200	1672
21/03/2008	1672	1672	1672	1672	0	1672
24/03/2008	1672	1672	1672	1672	0	1672
25/03/2008	1703	1709	1680	1685	6168600	1685
26/03/2008	1687	1705	1684	1697	3643600	1697
27/03/2008	1690	1703	1670	1688	3953800	1688
28/03/2008	1690	1697	1667	1683	3936600	1683
31/03/2008	1670	1704	1661	1699	4382200	1699
01/04/2008	1712	1756	1708	1751	5281900	1751
02/04/2008	1750	1759	1720	1724	3899200	1724
03/04/2008	1727	1730	1702	1709	4842800	1709
04/04/2008	1714	1723	1698	1721	3414400	1721
07/04/2008	1728	1732	1696	1697	4509200	1697
08/04/2008	1696	1739	1696	1725	3124300	1725
09/04/2008	1722	1744	1699	1700	6869000	1700
10/04/2008	1705	1729	1701	1711	3954000	1711
11/04/2008	1722	1733	1680	1683	3689800	1683
14/04/2008	1667	1682	1661	1672	3652000	1672
15/04/2008	1680	1699	1677	1686	4575700	1686
16/04/2008	1687	1700	1656	1695	3672600	1695
17/04/2008	1700	1716	1680	1683	2257100	1683
18/04/2008	1681	1712	1675	1700	2886200	1700
21/04/2008	1715	1720	1688	1697	2676200	1697
22/04/2008	1682	1703	1682	1690	2907100	1690
23/04/2008	1685	1693	1647	1658	6109700	1658
24/04/2008	1649	1676	1622	1675	10668800	1675
25/04/2008	1683	1691	1668	1683	4344200	1683
28/04/2008	1690	1700	1681	1697	2960300	1697
29/04/2008	1685	1697	1673	1678	4880400	1678
30/04/2008	1688	1707	1681	1702	3997100	1702
01/05/2008	1713	1713	1675	1700	1469800	1700
02/05/2008	1696	1724	1687	1721	3326700	1721
06/05/2008	1704	1711	1675	1679	4144500	1679
07/05/2008	1675	1703	1658	1662	5144000	1662
08/05/2008	1724	1760	1709	1752	12237900	1752
09/05/2008	1748	1778	1735	1775	3571700	1775
12/05/2008	1777	1786	1758	1763	2644900	1763
13/05/2008	1775	1778	1723	1731	5560000	1731
14/05/2008	1745	1745	1722	1731	4577300	1731
15/05/2008	1732	1747	1727	1743	8270800	1743
16/05/2008	1754	1765	1728	1744	2735000	1744
19/05/2008	1749	1749	1711	1712	3833700	1712
20/05/2008	1712	1724	1679	1683	4068600	1683
21/05/2008	1660	1663	1635	1635	4612500	1635
22/05/2008	1627	1652	1607	1627	3649200	1627
23/05/2008	1624	1651	1617	1637	4384200	1637
27/05/2008	1654	1682	1634	1675	10305500	1675
28/05/2008	1683	1691	1662	1664	4639100	1664
29/05/2008	1667	1680	1644	1653	4753800	1653
30/05/2008	1666	1688	1657	1671	4713000	1671
02/06/2008	1667	1676	1656	1662	2367000	1662
03/06/2008	1669	1687	1667	1675	2992500	1675
04/06/2008	1677	1684	1660	1663	6370100	1663
05/06/2008	1671	1696	1664	1681	4303100	1681
06/06/2008	1686	1686	1633	1634	4765200	1634
10/06/2008	1597	1609	1582	1593	3723100	1593
11/06/2008	1594	1604	1561	1561	3242400	1561
12/06/2008	1560	1597	1560	1589	4242400	1589
13/06/2008	1584	1599	1532	1573	6497800	1573
16/06/2008	1548	1557	1497	1527	6600700	1527
17/06/2008	1533	1547	1510	1532	4160700	1532
18/06/2008	1522	1548	1518	1519	4177500	1519
19/06/2008	1526	1550	1505	1506	7193000	1506
20/06/2008	1514	1527	1467	1471	8032700	1471
23/06/2008	1473	1481	1454	1472	4142200	1472
24/06/2008	1467	1472	1411	1434	7965000	1434
25/06/2008	1449	1460	1434	1458	5778000	1458
26/06/2008	1458	1460	1422	1433	4923100	1433
27/06/2008	1432	1452	1389	1398	6685200	1398
30/06/2008	1398	1430	1385	1429	7624600	1429
01/07/2008	1420	1426	1398	1413	5499200	1413
02/07/2008	1418	1428	1389	1399	5385700	1399
03/07/2008	1394	1431	1393	1422	5868000	1422
04/07/2008	1434	1434	1408	1409	2971600	1409
07/07/2008	1424	1435	1406	1431	3477400	1431
08/07/2008	1407	1460	1405	1455	4933000	1455
09/07/2008	1464	1487	1458	1483	3969500	1483
10/07/2008	1463	1470	1415	1415	7950300	1415
11/07/2008	1415	1434	1373	1374	6996000	1374
14/07/2008	1397	1410	1385	1394	3000400	1394
15/07/2008	1378	1388	1354	1376	4308400	1376
16/07/2008	1390	1417	1375	1413	5261400	1413
17/07/2008	1420	1463	1417	1453	6756300	1453
18/07/2008	1445	1445	1414	1441	5399000	1441
21/07/2008	1437	1453	1423	1446	3186900	1446
22/07/2008	1435	1463	1421	1457	4428300	1457
23/07/2008	1470	1483	1458	1459	3537700	1459
24/07/2008	1466	1475	1452	1458	3532600	1458
25/07/2008	1448	1473	1438	1463	4874400	1463
28/07/2008	1475	1507	1472	1485	9743700	1485
29/07/2008	1465	1503	1465	1502	3744100	1502
30/07/2008	1503	1523	1490	1510	4064200	1510
31/07/2008	1441	1449	1371	1388	17346100	1388
01/08/2008	1385	1385	1335	1359	6970500	1359
04/08/2008	1369	1376	1357	1365	4015500	1365
05/08/2008	1386	1428	1375	1428	4799600	1428
06/08/2008	1428	1450	1411	1448	3589300	1448
07/08/2008	1449	1451	1423	1427	4849600	1427
08/08/2008	1429	1468	1417	1460	4775700	1460
11/08/2008	1460	1477	1449	1467	3505500	1467
12/08/2008	1461	1485	1436	1482	4342600	1482
13/08/2008	1479	1514	1469	1506	5884800	1506
14/08/2008	1507	1508	1467	1478	3865600	1478
15/08/2008	1490	1504	1471	1493	3469600	1493
18/08/2008	1485	1502	1469	1485	3948800	1485
19/08/2008	1484	1484	1452	1454	4408200	1454
20/08/2008	1465	1468	1438	1460	2891400	1460
21/08/2008	1451	1462	1434	1451	2152700	1451
22/08/2008	1451	1487	1447	1486	2976500	1486
26/08/2008	1464	1474	1445	1464	3318400	1464
27/08/2008	1469	1469	1442	1458	2889300	1458
28/08/2008	1459	1478	1447	1475	3017800	1475
29/08/2008	1484	1484	1464	1477	2811100	1477
01/09/2008	1468	1504	1464	1498	2392800	1498
02/09/2008	1496	1543	1492	1542	4481400	1542
03/09/2008	1510	1524	1488	1490	5322400	1490
04/09/2008	1560	1596	1555	1581	9978600	1581
05/09/2008	1570	1618	1558	1591	10149800	1591
08/09/2008	1617	1618	1554	1580	2343300	1580
09/09/2008	1578	1629	1576	1623	7859700	1623
10/09/2008	1613	1630	1601	1610	6807600	1610
11/09/2008	1594	1609	1567	1599	3905600	1599
12/09/2008	1608	1611	1573	1610	4729900	1610
15/09/2008	1580	1615	1564	1599	5990500	1599
16/09/2008	1580	1626	1579	1606	8559100	1606
17/09/2008	1606	1624	1552	1556	7728400	1556
18/09/2008	1550	1568	1485	1515	10963000	1515
19/09/2008	1485	1542	1450	1500	7241600	1500
22/09/2008	1493	1510	1447	1452	7783700	1452
23/09/2008	1455	1507	1437	1487	7357300	1487
24/09/2008	1475	1502	1455	1488	6356000	1488
25/09/2008	1489	1551	1477	1541	4795800	1541
26/09/2008	1521	1546	1515	1519	4917500	1519
29/09/2008	1499	1533	1490	1491	3349000	1491
30/09/2008	1472	1522	1464	1522	6764000	1522
01/10/2008	1535	1564	1518	1563	4579600	1563
02/10/2008	1551	1559	1516	1529	3487500	1529
03/10/2008	1533	1601	1524	1600	6671700	1600
06/10/2008	1557	1581	1518	1521	3631300	1521
07/10/2008	1563	1599	1521	1565	5843000	1565
08/10/2008	1528	1572	1461	1470	7552800	1470
09/10/2008	1489	1517	1360	1369	6635400	1369
10/10/2008	1314	1349	1249	1274	8745200	1274
13/10/2008	1337	1363	1274	1363	8279100	1363
14/10/2008	1418	1438	1363	1406	4671400	1406
15/10/2008	1408	1408	1326	1336	6032600	1336
16/10/2008	1302	1357	1256	1293	4461400	1293
17/10/2008	1344	1394	1303	1379	9894400	1379
20/10/2008	1400	1477	1377	1477	6329600	1477
21/10/2008	1500	1500	1410	1449	5080100	1449
22/10/2008	1418	1466	1350	1357	7503100	1357
23/10/2008	1387	1422	1342	1407	8555000	1407
24/10/2008	1374	1378	1302	1371	9006100	1371
27/10/2008	1307	1359	1272	1336	6298700	1336
28/10/2008	1372	1372	1262	1330	5701900	1330
29/10/2008	1378	1402	1320	1343	7291900	1343
30/10/2008	1398	1421	1313	1336	8654900	1336
31/10/2008	1338	1418	1322	1396	5774600	1396
03/11/2008	1389	1461	1374	1461	4233000	1461
04/11/2008	1480	1527	1454	1518	4884200	1518
05/11/2008	1515	1515	1468	1474	4277800	1474
06/11/2008	1454	1504	1438	1439	7000600	1439
07/11/2008	1452	1478	1414	1453	3642000	1453
10/11/2008	1485	1507	1467	1476	3055800	1476
11/11/2008	1486	1486	1429	1441	3118900	1441
12/11/2008	1462	1479	1427	1453	3216000	1453
13/11/2008	1435	1470	1411	1460	4445500	1460
14/11/2008	1511	1526	1462	1484	5348100	1484
17/11/2008	1478	1499	1414	1424	4150700	1424
18/11/2008	1434	1478	1399	1475	3693100	1475
19/11/2008	1486	1525	1476	1481	5261000	1481
20/11/2008	1444	1466	1419	1446	5177700	1446
21/11/2008	1432	1448	1383	1399	5341900	1399
24/11/2008	1422	1503	1401	1503	5358100	1503
25/11/2008	1479	1523	1457	1470	6035500	1470
26/11/2008	1460	1469	1410	1427	6143600	1427
27/11/2008	1433	1438	1403	1429	2994500	1429
28/11/2008	1446	1500	1431	1493	4597200	1493
01/12/2008	1490	1495	1418	1427	4191800	1427
02/12/2008	1412	1470	1406	1468	3913300	1468
03/12/2008	1461	1499	1428	1487	3230300	1487
04/12/2008	1493	1547	1462	1495	4663600	1495
05/12/2008	1499	1506	1446	1461	4512300	1461
08/12/2008	1530	1557	1490	1545	4383400	1545
09/12/2008	1525	1566	1500	1544	3420400	1544
10/12/2008	1539	1546	1478	1492	4919700	1492
11/12/2008	1484	1486	1430	1454	6590900	1454
12/12/2008	1400	1472	1392	1459	3591400	1459
15/12/2008	1477	1477	1428	1442	3331300	1442
16/12/2008	1450	1478	1436	1468	3602100	1468
17/12/2008	1481	1508	1463	1505	5068700	1505
18/12/2008	1500	1566	1494	1556	4634700	1556
19/12/2008	1548	1596	1518	1585	5288700	1585
22/12/2008	1560	1583	1540	1545	2853200	1545
23/12/2008	1557	1576	1544	1546	2807900	1546
24/12/2008	1530	1555	1502	1551	547800	1551
29/12/2008	1566	1596	1542	1562	2203400	1562
30/12/2008	1578	1582	1547	1579	2360300	1579
31/12/2008	1590	1599	1575	1579	735300	1579
02/01/2009	1580	1621	1540	1621	725400	1621
05/01/2009	1638	1638	1569	1599	1689200	1599
06/01/2009	1598	1619	1570	1602	4356300	1602
07/01/2009	1596	1600	1544	1559	4146000	1559
08/01/2009	1561	1585	1530	1582	2774700	1582
09/01/2009	1571	1593	1537	1558	3222800	1558
12/01/2009	1562	1587	1535	1545	3895600	1545
13/01/2009	1545	1594	1538	1593	4101300	1593
14/01/2009	1615	1615	1524	1544	4715100	1544
15/01/2009	1546	1578	1534	1554	4433800	1554
16/01/2009	1585	1608	1565	1568	2986300	1568
19/01/2009	1610	1635	1584	1608	2833000	1608
20/01/2009	1637	1666	1593	1650	5477500	1650
21/01/2009	1651	1687	1639	1669	6693500	1669
22/01/2009	1675	1678	1606	1635	5105600	1635
23/01/2009	1623	1632	1573	1609	5718000	1609
26/01/2009	1595	1629	1579	1613	3996300	1613
27/01/2009	1610	1615	1579	1612	3006400	1612
28/01/2009	1625	1647	1589	1603	3827100	1603
29/01/2009	1610	1614	1577	1585	2514100	1585
30/01/2009	1580	1644	1519	1530	5286000	1530
02/02/2009	1528	1528	1489	1503	4572700	1503
03/02/2009	1507	1548	1498	1544	3087400	1544
04/02/2009	1552	1552	1482	1483	5032100	1483
05/02/2009	1392	1413	1362	1396	13401600	1396
06/02/2009	1405	1410	1369	1389	6596100	1389
09/02/2009	1398	1414	1384	1404	5437100	1404
10/02/2009	1393	1432	1380	1406	4841400	1406
11/02/2009	1405	1455	1402	1450	4119400	1450
12/02/2009	1443	1444	1405	1434	4391800	1434
13/02/2009	1428	1441	1403	1414	2970600	1414
16/02/2009	1410	1437	1406	1425	1416200	1425
17/02/2009	1403	1414	1376	1376	6319300	1376
18/02/2009	1379	1392	1357	1364	6069600	1364
19/02/2009	1370	1398	1367	1381	4419500	1381
20/02/2009	1370	1381	1359	1362	4986400	1362
23/02/2009	1374	1393	1351	1353	5328600	1353
24/02/2009	1353	1364	1337	1352	3168100	1352
25/02/2009	1360	1378	1345	1375	3986200	1375
26/02/2009	1382	1389	1347	1354	3427500	1354
27/02/2009	1347	1369	1322	1368	3342800	1368
02/03/2009	1330	1355	1330	1335	3264900	1335
03/03/2009	1331	1338	1277	1278	4647300	1278
04/03/2009	1282	1314	1264	1313	4349500	1313
05/03/2009	1304	1311	1276	1276	3697700	1276
06/03/2009	1282	1291	1260	1266	3374600	1266
09/03/2009	1278	1278	1235	1254	3716700	1254
10/03/2009	1253	1300	1238	1294	4842800	1294
11/03/2009	1297	1311	1279	1290	3114300	1290
12/03/2009	1292	1316	1274	1310	2453400	1310
13/03/2009	1311	1326	1284	1292	3954300	1292
16/03/2009	1319	1333	1309	1322	2838000	1322
17/03/2009	1323	1323	1292	1306	3259000	1306
18/03/2009	1313	1327	1286	1297	2372500	1297
19/03/2009	1308	1318	1236	1246	7692500	1246
20/03/2009	1252	1260	1226	1230	7738700	1230
23/03/2009	1239	1254	1229	1245	5523100	1245
24/03/2009	1245	1280	1240	1271	7022700	1271
25/03/2009	1272	1323	1272	1316	6445000	1316
26/03/2009	1327	1330	1303	1315	3943000	1315
27/03/2009	1320	1336	1296	1300	4311600	1300
30/03/2009	1292	1301	1271	1271	2622000	1271
31/03/2009	1274	1323	1271	1318	3786800	1318
01/04/2009	1342	1342	1286	1322	3172400	1322
02/04/2009	1328	1349	1320	1332	4480900	1332
03/04/2009	1338	1347	1309	1328	6433800	1328
06/04/2009	1340	1341	1291	1305	3109900	1305
07/04/2009	1298	1359	1298	1347	3964200	1347
08/04/2009	1322	1347	1318	1331	2719800	1331
09/04/2009	1330	1335	1296	1302	3444100	1302
14/04/2009	1299	1300	1257	1272	5225600	1272
15/04/2009	1271	1310	1265	1308	4384500	1308
16/04/2009	1316	1318	1274	1306	4273600	1306
17/04/2009	1306	1320	1282	1290	4539100	1290
20/04/2009	1283	1301	1283	1295	988000	1295
21/04/2009	1302	1318	1272	1294	694900	1294
22/04/2009	1287	1292	1246	1268	1151000	1268
23/04/2009	1270	1287	1261	1269	463700	1269
24/04/2009	1273	1303	1269	1286	629200	1286
27/04/2009	1263	1303	1263	1297	476900	1297
28/04/2009	1290	1318	1276	1311	1084800	1311
29/04/2009	1321	1355	1309	1348	667900	1348
30/04/2009	1346	1364	1310	1326	708600	1326
01/05/2009	1332	1350	1315	1326	190400	1326
05/05/2009	1358	1360	1277	1301	1638600	1301
06/05/2009	1301	1334	1298	1314	1517800	1314
07/05/2009	1375	1465	1368	1443	2509700	1443
08/05/2009	1461	1466	1428	1437	680900	1437
11/05/2009	1444	1473	1425	1469	1094300	1469
12/05/2009	1470	1481	1443	1471	631400	1471
13/05/2009	1486	1554	1479	1506	1245000	1506
14/05/2009	1510	1527	1506	1522	1610100	1522
15/05/2009	1520	1528	1491	1506	979300	1506
18/05/2009	1500	1535	1489	1533	805800	1533
19/05/2009	1532	1534	1492	1513	944800	1513
20/05/2009	1479	1510	1470	1493	573600	1493
21/05/2009	1482	1499	1471	1484	862900	1484
22/05/2009	1490	1497	1470	1489	771400	1489
26/05/2009	1495	1501	1458	1500	547200	1500
27/05/2009	1499	1510	1476	1489	1058500	1489
28/05/2009	1475	1476	1435	1463	1599400	1463
29/05/2009	1486	1493	1449	1450	1052600	1450
01/06/2009	1474	1491	1461	1470	714200	1470
02/06/2009	1463	1489	1446	1487	939300	1487
03/06/2009	1484	1492	1474	1482	685100	1482
04/06/2009	1488	1513	1482	1507	8447200	1507
05/06/2009	1513	1531	1496	1512	7601500	1512
08/06/2009	1510	1513	1490	1502	630400	1502
09/06/2009	1497	1505	1477	1487	483300	1487
10/06/2009	1494	1525	1494	1499	610900	1499
11/06/2009	1492	1510	1489	1502	641300	1502
12/06/2009	1491	1503	1469	1478	541500	1478
15/06/2009	1468	1478	1446	1465	510600	1465
16/06/2009	1472	1495	1469	1477	1118500	1477
17/06/2009	1457	1473	1451	1460	580800	1460
18/06/2009	1465	1490	1451	1483	983900	1483
19/06/2009	1479	1497	1464	1491	5320300	1491
22/06/2009	1490	1494	1464	1475	735300	1475
23/06/2009	1476	1493	1469	1488	1435800	1488
24/06/2009	1481	1481	1453	1467.42	3055100	1467.42
25/06/2009	1456	1471	1443	1457	1080900	1457
26/06/2009	1458	1473	1448	1453	521500	1453
29/06/2009	1453	1462	1444	1457	1345400	1457
30/06/2009	1457	1457	1420	1424	2444700	1424
01/07/2009	1427	1467	1426	1466	1130900	1466
02/07/2009	1460	1470	1432	1445	2171200	1445
03/07/2009	1443	1450	1422	1429	593200	1429
06/07/2009	1427	1460	1419	1454	953200	1454
07/07/2009	1464	1476	1454	1459	768300	1459
08/07/2009	1457	1464	1443	1455	571400	1455
09/07/2009	1455	1462	1436	1441	559700	1441
10/07/2009	1431	1444	1424	1427	1609700	1427
13/07/2009	1426	1456	1422	1430.07	544800	1430.07
14/07/2009	1464	1471	1439	1446	470600	1446
15/07/2009	1461	1488	1456	1482.55	1036500	1482.55
16/07/2009	1488	1515	1480	1501.13	578900	1501.13
17/07/2009	1514	1522	1498	1517	695400	1517
20/07/2009	1526	1529	1500	1516	964800	1516
21/07/2009	1516	1558	1512	1548.36	774100	1548.36
22/07/2009	1551	1556	1533	1543.68	1219600	1543.68
23/07/2009	1545	1550	1515	1524.03	1492700	1524.03
24/07/2009	1542	1546	1521	1539	352500	1539
27/07/2009	1547	1550	1521	1541	339700	1541
28/07/2009	1546	1554	1537	1541	346400	1541
29/07/2009	1546	1570	1534	1567.09	410600	1567.09
30/07/2009	1576	1601	1558	1590	946100	1590
31/07/2009	1577	1598	1569	1580	679400	1580
03/08/2009	1579	1587	1551	1561	624300	1561
04/08/2009	1548	1582	1524	1546	768400	1546
05/08/2009	1537	1552	1525	1545	1159200	1545
06/08/2009	1599	1664	1597	1629	1464300	1629
07/08/2009	1618	1631	1597	1618	2492800	1618
10/08/2009	1604	1604	1580	1595	594500	1595
11/08/2009	1592	1613	1588	1600	489400	1600
12/08/2009	1596	1645	1589	1643	967500	1643
13/08/2009	1641	1649	1624	1637	1197600	1637
14/08/2009	1631	1660	1625	1649	1274200	1649
17/08/2009	1642	1648	1603	1622	491900	1622
18/08/2009	1622	1633	1602	1620	826600	1620
19/08/2009	1622	1641	1608	1635	675300	1635
20/08/2009	1644	1658	1631	1649	964200	1649
21/08/2009	1642	1686	1642	1679	485100	1679
24/08/2009	1690	1690	1655	1665	1495200	1665
25/08/2009	1654	1682	1654	1672	1632800	1672
26/08/2009	1664	1683	1661	1671	1638300	1671
27/08/2009	1664	1683	1659	1662	2548600	1662
28/08/2009	1663	1690	1660	1680	4245000	1680
01/09/2009	1672	1688	1659	1667	2937200	1667
02/09/2009	1670	1678	1653	1666	3084600	1666
03/09/2009	1666	1668	1618	1629	5564900	1629
04/09/2009	1640	1640	1614	1622	2902700	1622
07/09/2009	1643	1677	1643	1657	1613700	1657
08/09/2009	1655	1668	1640	1650	2571900	1650
09/09/2009	1641	1652	1635	1640	2229400	1640
10/09/2009	1649	1654	1616	1625	2161400	1625
11/09/2009	1631	1631	1610	1621	2816300	1621
14/09/2009	1616	1649	1615	1645	2068800	1645
15/09/2009	1647	1663	1628	1654	2324000	1654
16/09/2009	1652	1665	1642	1658	2381300	1658
17/09/2009	1663	1679	1655	1672	2645100	1672
18/09/2009	1685	1715	1683	1705	7288100	1705
21/09/2009	1713	1722	1694	1717	1834800	1717
22/09/2009	1717	1741	1703	1703	2343800	1703
23/09/2009	1705	1723	1701	1723	2359900	1723
24/09/2009	1724	1752	1713	1736	3569300	1736
25/09/2009	1742	1752	1730	1735	3138800	1735
28/09/2009	1733	1761	1717	1755	1592200	1755
29/09/2009	1764	1778	1744	1772	2614300	1772
30/09/2009	1766	1781	1760	1778	3953800	1778
01/10/2009	1795	1805	1765	1772	3516400	1772
02/10/2009	1769	1793	1763	1773	5368500	1773
05/10/2009	1778	1781	1742	1760	2964800	1760
06/10/2009	1756	1783	1740	1770	2061900	1770
07/10/2009	1778	1785	1768	1769	2104900	1769
08/10/2009	1780	1785	1754	1769	2180300	1769
09/10/2009	1766	1823	1760	1816	3695900	1816
12/10/2009	1820	1877	1820	1866	4079200	1866
13/10/2009	1856	1874	1852	1861	3293900	1861
14/10/2009	1876	1876	1842	1844	6322500	1844
15/10/2009	1844	1852	1825	1826	3532200	1826
16/10/2009	1817	1837	1814	1817	3712600	1817
19/10/2009	1836	1873	1835	1872	2264000	1872
20/10/2009	1870	1887	1856	1861	2450200	1861
21/10/2009	1869	1878	1845	1859	2760900	1859
22/10/2009	1838	1857	1827	1841	2334200	1841
23/10/2009	1851	1899	1851	1866	3017200	1866
26/10/2009	1873	1891	1828	1830	3513900	1830
27/10/2009	1838	1856	1823	1838.89	3634800	1838.89
28/10/2009	1831	1841	1806	1814	3607300	1814
29/10/2009	1820	1865	1808	1849	4320200	1849
30/10/2009	1848	1860	1820	1829	4604600	1829
02/11/2009	1829	1862	1822	1844	2950500	1844
03/11/2009	1828	1841	1790	1814	4391700	1814
04/11/2009	1806	1833	1806	1829	3734700	1829
05/11/2009	1825	1826	1755	1794	6862300	1794
06/11/2009	1787	1796	1771	1795	2528600	1795
09/11/2009	1804	1814	1791	1813	2417300	1813
10/11/2009	1822	1838	1812	1829	2330300	1829
11/11/2009	1839	1861	1828	1835	2580300	1835
12/11/2009	1840	1840	1816	1821	3029500	1821
13/11/2009	1826	1826	1801	1809	1865400	1809
16/11/2009	1823	1839	1816	1833	1708600	1833
17/11/2009	1835	1855	1828	1839	2273400	1839
18/11/2009	1829	1833	1798	1798	2522000	1798
19/11/2009	1794	1799	1768	1775	3510600	1775
20/11/2009	1786	1809	1780	1791.48	3910600	1791.48
23/11/2009	1801	1828	1799	1818	2257500	1818
24/11/2009	1814	1839	1808	1826	2386800	1826
25/11/2009	1836	1837	1795	1816	3392100	1816
26/11/2009	1816	1818	1776	1776	2228000	1776
27/11/2009	1755	1807	1754	1792	2130100	1792
30/11/2009	1804	1805	1780	1784	2450500	1784
01/12/2009	1799	1824	1799	1821	2293300	1821
02/12/2009	1826	1858	1819	1842	2840000	1842
03/12/2009	1856	1879	1852	1855	3854900	1855
04/12/2009	1846	1875	1826	1860	2795700	1860
07/12/2009	1850	1875	1840	1864	1695000	1864
08/12/2009	1859	1889	1819	1830	1749000	1830
09/12/2009	1833	1849	1820	1832	1698600	1832
11/12/2009	1856	1901	1854	1878	2521900	1878
14/12/2009	1894	1905	1878	1890	2204800	1890
15/12/2009	1898	1911	1895	1900	2677700	1900
16/12/2009	1904	1926	1898	1924	3658300	1924
17/12/2009	1914	1923	1899	1910	3238500	1910
18/12/2009	1912	1930	1905	1925	6989900	1925
21/12/2009	1921	1952	1915	1950	1944300	1950
22/12/2009	1949	2001	1945	1990	1944000	1990
23/12/2009	2000	2003	1976	1996	1914600	1996
24/12/2009	1985	2005	1983	1993	490900	1993
29/12/2009	2008	2024	1992	2015	949600	2015
30/12/2009	2014	2020	1986	1991	1381800	1991
31/12/2009	1999	2006	1983	1994	393200	1994
