Date	Open	High	Low	Close	Volume	Adj Close
03/01/2006	144.29	146.86	143.43	145.14	346371100	165.88
04/01/2006	146.29	146.86	145.71	146.57	309212200	167.51
05/01/2006	146.57	146.86	145.14	146.29	287378600	167.18
06/01/2006	146.57	151.71	145.43	151.43	478024200	173.06
09/01/2006	151.43	152.29	149.14	149.43	264525400	170.78
10/01/2006	149.14	150.29	147.71	149.14	309380300	170.45
11/01/2006	150	151.14	149.14	149.71	238542000	171.1
12/01/2006	147.43	148.29	146	147.14	507863300	168.16
13/01/2006	146.57	147.14	143.71	145.71	403682000	166.53
16/01/2006	145.14	145.14	142.57	144	282166100	164.57
17/01/2006	143.43	144.29	141.43	141.71	471282100	161.96
18/01/2006	140	142.86	139.71	141.14	357211400	161.31
19/01/2006	142.57	142.86	137.71	138.57	527632600	158.37
20/01/2006	138.86	139.43	133.71	134.86	667530800	154.12
23/01/2006	133.71	139.43	133.14	138.29	510260900	158.04
24/01/2006	141.71	142.29	134.57	134.57	742921400	153.8
25/01/2006	134.86	138.29	134.86	136.86	469790400	156.41
26/01/2006	138	139.43	137.14	138.57	490857100	158.37
27/01/2006	139.43	140.86	137.14	139.43	501893100	159.35
30/01/2006	138.86	139.14	137.43	138	207984700	157.71
31/01/2006	138	138	134	134.86	428072800	154.12
01/02/2006	134.86	135.43	133.43	133.71	534179200	152.82
02/02/2006	134.29	134.86	133.14	133.14	296279900	152.16
03/02/2006	133.14	134.29	133.14	133.71	295976300	152.82
06/02/2006	133.43	133.43	131.43	132.57	350943400	151.51
07/02/2006	132.86	134	132.29	132.29	310026400	151.18
08/02/2006	131.71	135.43	131.43	134	341090900	153.14
09/02/2006	135.14	138	134.86	137.14	377629300	156.73
10/02/2006	137.14	138.29	136.86	137.43	306506900	157.06
13/02/2006	138	138.57	135.71	137.14	205156100	156.73
14/02/2006	137.71	138.86	136.86	138.86	233434500	158.69
15/02/2006	139.43	139.71	136.29	137.14	420140600	156.73
16/02/2006	136.86	142.86	136.86	142.29	548423300	162.61
17/02/2006	142.29	144.86	142	142	443252100	162.29
20/02/2006	141.14	141.14	138.57	140.29	215978900	160.33
21/02/2006	141.14	141.14	137.43	137.71	330428200	157.39
22/02/2006	137.14	137.14	134.29	135.71	468178400	155.1
23/02/2006	136	136	133.14	134	387797500	153.14
24/02/2006	133.43	134.29	132.86	133.71	258954200	152.82
27/02/2006	125.71	131.43	125.14	130	817258100	148.57
28/02/2006	128.86	128.86	124.57	124.57	821395900	142.37
01/03/2006	125.71	128.57	125.43	127.71	677742100	145.96
02/03/2006	128.29	130.29	127.14	128	464163300	146.29
03/03/2006	128.86	141.14	128	138.86	1397928200	158.69
06/03/2006	144.57	148	142	142.86	1094872200	163.27
07/03/2006	142.57	144.86	141.14	141.43	415866600	161.63
08/03/2006	140	142	139.43	140	356371400	160
09/03/2006	141.14	142	139.71	142	216763300	162.29
10/03/2006	141.43	144.86	141.14	142.57	320353500	162.94
13/03/2006	146.86	149.71	146.86	148.29	600741700	169.47
14/03/2006	148.29	150.86	145.43	147.14	447995100	168.16
15/03/2006	147.71	148	144	145.14	292321500	165.88
16/03/2006	148.57	149.71	147.14	148.57	350000300	169.8
17/03/2006	148.86	155.43	147.43	147.43	784239200	168.49
20/03/2006	147.14	147.43	144.86	145.71	338965600	166.53
21/03/2006	146	148.57	145.14	147.71	266197600	168.82
22/03/2006	146.86	148	145.43	146	179639900	166.86
23/03/2006	146.29	147.14	144.86	145.43	273416100	166.2
24/03/2006	145.14	145.43	142	143.43	422101100	163.92
27/03/2006	142.86	144	141.71	142.29	245765700	162.61
28/03/2006	140.29	141.71	136.29	136.57	703779000	156.08
29/03/2006	136.29	140.86	135.71	139.43	412423600	159.35
30/03/2006	140.57	141.43	138.57	140	216772700	160
31/03/2006	139.43	139.71	136.29	137.71	302143000	157.39
03/04/2006	138.86	140	137.14	138.86	257669300	158.69
04/04/2006	138.86	141.14	138.86	139.14	250856000	159.02
05/04/2006	140.29	146.86	138	141.14	401553200	161.31
06/04/2006	141.71	144.86	140.86	142	315947100	162.29
07/04/2006	142	144.86	141.71	143.71	348306300	164.24
10/04/2006	146.29	146.86	143.14	144.29	396054100	164.9
11/04/2006	144.57	145.14	140.86	141.14	309953800	161.31
12/04/2006	142.57	147.14	139.14	142	580866100	162.29
13/04/2006	142.86	146.86	142.57	146.57	295200500	167.51
14/04/2006	146.57	146.57	146.57	146.57	0	167.51
17/04/2006	146.57	146.57	146.57	146.57	0	167.51
18/04/2006	145.71	146.57	144.86	146.57	171270900	167.51
19/04/2006	147.14	148	145.14	145.71	244407500	166.53
20/04/2006	145.43	147.71	145.14	146	231313800	166.86
21/04/2006	146.57	147.14	144.86	146	200617200	166.86
24/04/2006	146.57	146.86	144.29	144.29	229894800	164.9
25/04/2006	144.86	146.57	144	144	172000600	164.57
26/04/2006	144	147.14	143.71	146	204457300	166.86
27/04/2006	145.71	149.43	145.71	149.14	367736200	170.45
28/04/2006	148.57	150	147.43	148	335841800	169.14
01/05/2006	148	148	148	148	0	169.14
02/05/2006	148.29	149.43	146	146	302273500	166.86
03/05/2006	146.29	146.57	143.43	144	247772000	164.57
04/05/2006	144.57	145.14	142.86	143.43	200570900	163.92
05/05/2006	143.71	146.86	143.14	146.29	343149000	167.18
08/05/2006	146.29	148	143.43	144	253212400	164.57
09/05/2006	145.43	149.71	144.86	148.57	483421300	169.8
10/05/2006	148.57	150.57	147.14	148.57	393360100	169.8
11/05/2006	148.29	148.29	144.86	145.43	193797500	166.2
12/05/2006	144.86	145.43	141.43	141.43	318630400	161.63
15/05/2006	141.71	150.29	141.71	143.14	392315300	163.59
16/05/2006	143.14	147.63	141.51	143.71	380042100	164.24
17/05/2006	143.71	144.57	139.71	139.71	298790400	159.67
18/05/2006	140.57	142.86	138.37	140.29	349607100	160.33
19/05/2006	140.29	147.43	138.57	138.86	294034600	158.69
22/05/2006	139.14	143.86	134.65	134.86	405975600	154.12
23/05/2006	136	138.97	132.65	133.43	717389100	152.49
24/05/2006	130.86	134.17	128.86	130.29	736976300	148.9
25/05/2006	131.43	134.86	129.84	134.86	330570700	154.12
26/05/2006	135.43	138.57	135.43	136.86	333132800	156.41
29/05/2006	136.86	136.86	136.86	136.86	0	156.41
30/05/2006	140.57	141.71	136.86	136.86	484310400	156.41
31/05/2006	136.29	142.27	134.15	140.57	471653900	160.65
01/06/2006	140.57	142.64	138.94	142.57	380666300	162.94
02/06/2006	143.43	145.92	142.57	144.86	366786400	165.55
05/06/2006	144.86	145.36	142.69	142.86	237582300	163.27
06/06/2006	139.43	142.57	139.22	140.86	373570100	160.98
07/06/2006	138	140.86	135.14	140	313098800	160
08/06/2006	136	140.71	134.65	135.14	332806500	154.45
09/06/2006	137.71	138.57	136.86	137.71	275724100	157.39
12/06/2006	137.14	139.58	133.36	134.29	226105800	153.47
13/06/2006	132.57	136.29	130.29	131.43	366623500	150.2
14/06/2006	131.71	132.86	98.58	129.71	369519100	148.24
15/06/2006	130.86	133.43	130.29	132.57	292054600	151.51
16/06/2006	134	134.86	130.86	130.86	458598000	149.55
19/06/2006	132	137.04	130.57	131.43	172532800	150.2
20/06/2006	130.57	132.29	129.78	130.29	236809300	148.9
21/06/2006	131.14	131.63	127.03	130.57	409505000	149.22
22/06/2006	131.43	133.14	129.3	131.14	307309600	149.88
23/06/2006	131.14	131.76	129.52	131.14	132120800	149.88
26/06/2006	131.43	132.57	130.29	131.71	308746800	150.53
27/06/2006	132.86	134.2	129.05	129.14	292773400	147.59
28/06/2006	128.86	130.57	128.29	129.14	213943300	147.59
29/06/2006	130	132.57	128.29	131.43	308285200	150.2
30/06/2006	132.86	132.86	130.57	131.71	288546000	150.53
03/07/2006	132.57	134.57	131.43	134.57	220188100	153.8
04/07/2006	135.14	136.29	134.86	136	165866200	155.43
05/07/2006	135.43	136.86	133.71	134.57	187169100	153.8
06/07/2006	134.86	137.71	134.57	137.14	228956600	156.73
07/07/2006	137.14	137.43	134	135.71	231525100	155.1
10/07/2006	135.43	137.71	134.57	136.86	125653200	156.41
11/07/2006	134	135.43	134	134.57	245612300	153.8
12/07/2006	135.14	135.71	132.57	133.14	201819000	152.16
13/07/2006	132.86	132.86	128.57	129.71	353375300	148.24
14/07/2006	128.86	130.29	127.71	127.71	300779000	145.96
17/07/2006	127.71	128.29	125.71	127.43	260845300	145.63
18/07/2006	126.86	128.29	125.71	126.86	214831700	144.98
19/07/2006	127.14	130.29	127.14	130.29	303165800	148.9
20/07/2006	130.57	131.14	127.14	129.71	249281700	148.24
21/07/2006	129.14	129.43	126	127.14	481866200	145.31
24/07/2006	130.86	132	129.43	131.71	274795100	150.53
25/07/2006	131.71	134.29	131.14	132.29	291713000	151.18
26/07/2006	132.57	132.86	130.29	132	298066300	150.86
27/07/2006	132.57	132.86	130.86	132	179056400	150.86
28/07/2006	115.5	119.25	114.5	119.25	291676800	136.29
31/07/2006	119.5	119.5	115.5	116.25	333231200	116.25
01/08/2006	116.5	118.5	113.75	114.25	297731700	114.25
02/08/2006	114.5	116.25	113.75	116	262397500	116
03/08/2006	116	116	116	116	0	116
04/08/2006	115.25	117.5	114	117	323134500	117
07/08/2006	116	116.5	114.75	114.75	139193700	114.75
08/08/2006	115.75	116.5	114.75	115	243588700	115
09/08/2006	114.5	116.5	114	116.5	259690000	116.5
10/08/2006	114	114	111.25	112	558708500	112
11/08/2006	112.25	112.25	107.75	110	543361100	110
14/08/2006	109.75	110.25	108.25	110.25	257656300	110.25
15/08/2006	110	111.5	109.5	111.25	363666800	111.25
16/08/2006	110.75	111.75	109	110	536517600	110
17/08/2006	110.25	111.25	108.5	110.5	324247800	110.5
18/08/2006	110	110.5	108.5	110	396786600	110
21/08/2006	110	111	109.5	110	169173200	110
22/08/2006	110.5	111.5	110	110.5	188628500	110.5
23/08/2006	110.25	110.75	108.75	110.5	208875600	110.5
24/08/2006	110.25	111.5	109.75	110.75	189915500	110.75
25/08/2006	111.75	113	111	112.25	293072300	112.25
28/08/2006	112.25	112.25	112.25	112.25	0	112.25
29/08/2006	113	113.75	112.5	113.5	269421000	113.5
30/08/2006	113.75	115.25	113.5	115	385370600	115
31/08/2006	114.75	115	113.5	113.75	228198900	113.75
01/09/2006	114.25	115	113.5	114.75	158275900	114.75
04/09/2006	114.75	114.75	113.5	114	184975700	114
05/09/2006	115	115	114	114.5	180691300	114.5
06/09/2006	114.75	115	114	114.25	252294200	114.25
07/09/2006	113.5	114	111.75	112.5	247602400	112.5
08/09/2006	113	114.25	112.75	113.5	160133000	113.5
11/09/2006	115	115.5	113.75	114.75	234204600	114.75
12/09/2006	114.75	117.5	114.25	117.5	529081000	117.5
13/09/2006	117.25	119.25	117	118	715920100	118
14/09/2006	118.25	118.25	116.25	116.5	363857500	116.5
15/09/2006	116.25	116.75	115.5	116.25	421769800	116.25
18/09/2006	115.75	116.5	115.25	116.25	291596100	116.25
19/09/2006	116	116.25	113.5	114.25	282781800	114.25
20/09/2006	114.25	115.25	114	114.5	342696500	114.5
21/09/2006	114.75	117	114.5	116.25	556202100	116.25
22/09/2006	115.25	116	114	115	257593800	115
25/09/2006	115	117	115	115.5	341418100	115.5
26/09/2006	116.25	119.25	116	119	464116500	119
27/09/2006	119.25	121.5	119.25	121.5	530932300	121.5
28/09/2006	120.75	122	120	122	311525100	122
29/09/2006	121.75	123.75	121.5	122.25	353681500	122.25
02/10/2006	121.75	122.5	120	120.75	200859700	120.75
03/10/2006	120	123	119.5	122.25	380233500	122.25
04/10/2006	123.25	127.25	123	127.25	675020300	127.25
05/10/2006	128	128	125.5	126.25	482203400	126.25
06/10/2006	125.5	126.25	124.25	126.25	271798000	126.25
09/10/2006	125.75	127.25	125.25	126	209327200	126
10/10/2006	127	129.75	126.75	129.25	645202600	129.25
11/10/2006	129.5	131.5	128.75	130.25	337168600	130.25
12/10/2006	130.5	131.5	128.75	130	264228100	130
13/10/2006	130.5	132	130	130.75	263198000	130.75
16/10/2006	130.75	130.75	129	130	183522900	130
17/10/2006	129.5	129.75	128	128.5	286568900	128.5
18/10/2006	128.5	130.25	128	128.75	420679000	128.75
19/10/2006	128	129	126.75	128.75	210316700	128.75
20/10/2006	128.75	130.25	128	128.5	272860400	128.5
23/10/2006	129.25	129.75	127.5	129.5	229451800	129.5
24/10/2006	129	130	128.25	130	266879700	130
25/10/2006	130.25	132.5	129.5	131.5	297599400	131.5
26/10/2006	132.25	135.75	132	132.75	474865700	132.75
27/10/2006	133.5	136	133.25	134.25	440566200	134.25
30/10/2006	131.75	135	131.75	134	344228800	134
31/10/2006	134.25	136.75	133.5	135	543708200	135
01/11/2006	135.25	136.75	135	135.5	403161400	135.5
02/11/2006	135.5	136	133.5	135.5	508767900	135.5
03/11/2006	135.25	135.75	133.75	134	210028100	134
06/11/2006	134.75	135.25	133.25	134.5	209712900	134.5
07/11/2006	135	135	132.25	133	280403400	133
08/11/2006	132.25	133	131.5	132	253723400	132
09/11/2006	132.25	135	132.25	134	459777400	134
10/11/2006	133.75	136.25	133.5	134.5	353257400	134.5
13/11/2006	134.5	136.75	134.25	136	344500900	136
14/11/2006	140.5	141.5	134.75	135.5	620991400	135.5
15/11/2006	138	139.5	137.5	139	448219700	139
16/11/2006	138.5	140	137.75	139.25	251529600	139.25
17/11/2006	138.75	139	137.25	137.5	271375000	137.5
20/11/2006	137	138.5	136.5	137.75	276267300	137.75
21/11/2006	138	138.75	137.25	137.25	417432900	137.25
22/11/2006	136	137.25	133	133.5	341812900	133.5
23/11/2006	134.25	135.75	134	135	239042700	135
24/11/2006	135.25	136.75	133	135.75	332752100	135.75
27/11/2006	135.25	136	133.25	133.25	432684400	133.25
28/11/2006	133	133.5	131.75	132.75	356693500	132.75
29/11/2006	133.75	134.75	132.75	134.5	246981100	134.5
30/11/2006	134.25	135.75	133.5	134.5	317737200	134.5
01/12/2006	134.5	135.25	132.5	132.5	313579500	132.5
04/12/2006	133	135	133	135	217873500	135
05/12/2006	136.5	138.5	136.5	138.25	360466900	138.25
06/12/2006	138.25	138.5	136	136.5	320402100	136.5
07/12/2006	136.25	137.25	135.5	137.25	212588300	137.25
08/12/2006	137	139	136	138.25	412293200	138.25
11/12/2006	139	139.75	137.75	138.25	203197700	138.25
12/12/2006	138	141.25	137.75	141	382593900	141
13/12/2006	140.75	143.75	140.5	143.5	438181100	143.5
14/12/2006	143.5	145	142.75	144.75	273915900	144.75
15/12/2006	144.75	146	142.75	146	728273900	146
18/12/2006	145.75	146	144.5	145.25	279233500	145.25
19/12/2006	145	145	143.5	144.75	288423500	144.75
20/12/2006	145.5	147	145.25	146	189066000	146
21/12/2006	145	145.25	142.25	143.75	222754200	143.75
22/12/2006	143.25	143.75	141	142	108221500	142
25/12/2006	142	142	142	142	0	142
26/12/2006	142	142	142	142	0	142
27/12/2006	142	143	141.25	143	121449600	143
28/12/2006	143	143	141.5	142	87510000	142
29/12/2006	141.75	142.25	140.75	141.5	193103700	141.5
01/01/2007	141.5	141.5	141.5	141.5	0	141.5
02/01/2007	141.25	144.5	140.75	143.75	353095900	143.75
03/01/2007	144	145.25	143.5	145.25	429330100	145.25
04/01/2007	144.25	148.5	144.25	148.25	489643100	148.25
05/01/2007	148.25	150	146	146	341052900	146
08/01/2007	146	147.75	144.5	147.5	246688400	147.5
09/01/2007	147.75	151.25	147.25	149.5	502471400	149.5
10/01/2007	149.5	149.75	145.75	145.75	370760100	145.75
11/01/2007	146.25	149.25	145.75	149	502680300	149
12/01/2007	149	150	148.25	149.25	312763100	149.25
15/01/2007	149.25	150	148	149.75	159851400	149.75
16/01/2007	149.5	149.5	147.75	148.5	250229800	148.5
17/01/2007	149	150	148.5	149.25	272801800	149.25
18/01/2007	149.25	149.25	147.75	147.75	484395800	147.75
19/01/2007	148	148.5	146.25	148.25	282989300	148.25
22/01/2007	150.5	151.25	148.25	149.25	381431500	149.25
23/01/2007	149.25	149.5	147.25	149.25	237749500	149.25
24/01/2007	149.25	150.25	147.75	150.25	254523800	150.25
25/01/2007	152	153.25	149.75	150	408888100	150
26/01/2007	149.25	150.5	148.75	149	326748000	149
29/01/2007	147.25	149.25	147	149	358013500	149
30/01/2007	148.25	148.75	146.5	147	303874100	147
31/01/2007	150	150.25	148	148	438414700	148
01/02/2007	149.5	150.25	147	150.25	573933300	150.25
02/02/2007	149.75	150.25	147.25	148	529065900	148
05/02/2007	147.75	149	147.5	148.75	168800600	148.75
06/02/2007	149	150	148.5	149	166733500	149
07/02/2007	149	151.25	148.75	150.75	287177000	150.75
08/02/2007	150.75	153	150.25	150.5	250560900	150.5
09/02/2007	150.5	150.5	148.5	149.25	305306200	149.25
12/02/2007	151	153.5	150.75	151.25	396950200	151.25
13/02/2007	152.25	152.5	149	150	323317100	150
14/02/2007	150.5	150.5	148.25	150.5	266781900	150.5
15/02/2007	150.75	150.75	148.5	149.75	216696800	149.75
16/02/2007	149.5	149.75	148.25	149.25	197353200	149.25
19/02/2007	150.25	151.5	149.5	150.75	234803200	150.75
20/02/2007	151.75	151.75	149.75	150.5	209932600	150.5
21/02/2007	150.5	150.75	146.75	147	361219100	147
22/02/2007	147.75	148.25	146	146.25	250804600	146.25
23/02/2007	146.75	147.25	145	146	230801900	146
26/02/2007	146.25	147.25	145.25	147.25	212407500	147.25
27/02/2007	146.25	146.75	143.25	143.5	339404800	143.5
28/02/2007	141.25	143.5	141	141.5	458204000	141.5
01/03/2007	141.75	143	137.25	139	435115300	139
02/03/2007	139.5	140.5	137.75	138.5	248947200	138.5
05/03/2007	136.25	137.75	136	136.75	243139800	136.75
06/03/2007	138	138.25	136.25	137	259460700	137
07/03/2007	137.5	138.25	136.25	137.75	199833300	137.75
08/03/2007	138.25	139.75	137.5	139.75	233583900	139.75
09/03/2007	139	141.25	138.5	139.5	192174800	139.5
12/03/2007	139.75	140.5	138.5	139	136975600	139
13/03/2007	139.5	140	138	138	213264000	138
14/03/2007	135	136.75	134	134	464767100	134
15/03/2007	136	137.5	134.75	137	484736800	137
16/03/2007	136.5	140.25	136.25	139.25	587690800	139.25
19/03/2007	140	142.6	139.7	142.1	424027800	142.1
20/03/2007	142.8	143	140	142.4	458815400	142.4
21/03/2007	142.1	143.8	142	143	208549800	143
22/03/2007	145	145.3	142.4	143.5	493445700	143.5
23/03/2007	143.4	143.4	140.6	141.3	577730600	141.3
26/03/2007	141.8	142.6	139.4	140	216014200	140
27/03/2007	141.3	142	139.6	140.7	191757900	140.7
28/03/2007	140.2	141.6	139.6	140.2	173889300	140.2
29/03/2007	140.5	141.9	140.3	141.6	194053400	141.6
30/03/2007	140.4	140.4	133.7	135.5	664998100	135.5
02/04/2007	136.3	138.8	136	136.6	301058500	136.6
03/04/2007	137.6	138.2	136.5	138.2	387052900	138.2
04/04/2007	138	138.3	136.5	137.2	202133700	137.2
05/04/2007	137.4	137.4	135.9	136.7	283300500	136.7
06/04/2007	136.7	136.7	136.7	136.7	0	136.7
09/04/2007	136.7	136.7	136.7	136.7	0	136.7
10/04/2007	138	139.8	137.2	138.2	407299800	138.2
11/04/2007	138.7	140	138.5	138.5	438891900	138.5
12/04/2007	139	139.9	137.3	138.3	262938900	138.3
13/04/2007	138.2	138.9	136.7	138.5	246764900	138.5
16/04/2007	139.9	140.1	138.7	139.6	244016500	139.6
17/04/2007	140	141.6	138.9	140.3	225570100	140.3
18/04/2007	139.9	140.3	138.2	138.7	269516100	138.7
19/04/2007	138.4	141	137.7	140.3	238335200	140.3
20/04/2007	141	143.8	141	143.1	363826600	143.1
23/04/2007	144.7	144.7	142.5	142.8	227152500	142.8
24/04/2007	143.4	143.4	139.9	141.8	202816400	141.8
25/04/2007	142.3	142.8	140.4	141.8	178565100	141.8
26/04/2007	142.9	145.4	142.4	143.2	274081500	143.2
27/04/2007	143.2	144.1	142.8	142.9	339902500	142.9
30/04/2007	143	144.7	142.6	143.5	241074300	143.5
01/05/2007	143.5	144.3	142.1	143.3	130702300	143.3
02/05/2007	144.1	144.4	142.9	144	369654300	144
03/05/2007	144.6	145.1	142.7	143.5	273553300	143.5
04/05/2007	143.5	145.7	142.6	144.8	151460100	144.8
07/05/2007	144.8	144.8	144.8	144.8	0	144.8
08/05/2007	146	146	143.2	143.4	124555200	143.4
09/05/2007	144.7	144.7	141.3	141.5	282261600	141.5
10/05/2007	142	142.9	140.4	141.7	296090800	141.7
11/05/2007	141.5	142.5	139.9	142.1	257476800	142.1
14/05/2007	142.4	142.9	141.2	142.5	117931000	142.5
15/05/2007	142.5	143.8	141.9	143.8	474510700	143.8
16/05/2007	143.1	143.5	142.2	142.8	402430300	142.8
17/05/2007	143.7	143.9	142.3	142.7	413572300	142.7
18/05/2007	143	145.3	143	145	359506400	145
21/05/2007	145.4	146.3	144	145.4	251438100	145.4
22/05/2007	145.5	147.2	144.5	144.6	781363000	144.6
23/05/2007	145.1	151.7	144.9	149.9	1315641300	149.9
24/05/2007	150	154.3	149.9	152	545512800	152
25/05/2007	151.4	153.5	149.9	151.4	429670600	151.4
28/05/2007	151.4	151.4	151.4	151.4	0	151.4
29/05/2007	155.6	160.8	154.2	159.7	793705900	159.7
30/05/2007	158.5	160.3	156.2	160	520998100	160
31/05/2007	162.4	162.7	157	158	374107400	158
01/06/2007	158	158	158	158	0	158
04/06/2007	162	165.6	161.2	161.7	300978500	161.7
05/06/2007	165	165.1	161.3	161.3	457347800	161.3
06/06/2007	157.3	158.2	155.1	155.1	285978300	155.1
07/06/2007	160	160.5	155.6	158.4	881653500	158.4
08/06/2007	157.2	160.5	156	159.9	346981100	159.9
11/06/2007	159.5	159.9	157.3	157.9	215006000	157.9
12/06/2007	159	160.5	156.6	157	691086100	157
13/06/2007	157.4	159.3	155.9	158.2	386042600	158.2
14/06/2007	159	162.3	158.8	162.3	396344400	162.3
15/06/2007	162.5	163.8	161.6	163.2	398592400	163.2
18/06/2007	163.1	163.3	161.4	162	181530800	162
19/06/2007	161.6	161.6	158.7	158.9	285973000	158.9
20/06/2007	159.1	160	158.1	158.9	563282700	158.9
21/06/2007	157.5	159	156.3	156.7	467620900	156.7
22/06/2007	156.8	157.6	155.7	156	138051900	156
25/06/2007	155	158	154.9	157.6	654541700	157.6
26/06/2007	157.2	161.7	156.9	160	548912100	160
27/06/2007	160.1	164.6	159.3	163.8	338715400	163.8
28/06/2007	165.5	168.7	164.5	166.2	600227400	166.2
29/06/2007	166	167.8	164.6	167.8	318105100	167.8
02/07/2007	167.9	169	164.3	165	242030400	165
03/07/2007	166.1	166.9	164.7	165.8	379897900	165.8
04/07/2007	165.4	166.7	164	166.1	222387300	166.1
05/07/2007	165	165.6	162.1	162.1	515580400	162.1
06/07/2007	162	163.9	161.2	163.5	319882600	163.5
09/07/2007	164.4	167	163.5	167	317850600	167
10/07/2007	166.7	167.4	162.6	162.6	250033800	162.6
11/07/2007	161	162.6	160.5	161.1	243698900	161.1
12/07/2007	161.6	162.8	160.7	162.4	282341700	162.4
13/07/2007	164.5	164.8	163.2	163.2	221429600	163.2
16/07/2007	164.6	166.2	159.1	162.2	475829200	162.2
17/07/2007	162.5	163.3	161	162.7	508850400	162.7
18/07/2007	161	162.6	159.1	159.1	434421100	159.1
19/07/2007	162	162.6	159.5	161.9	457899000	161.9
20/07/2007	163	163.4	160.2	160.8	344697800	160.8
23/07/2007	161.5	162.2	159.5	160.6	263692300	160.6
24/07/2007	159.8	161.1	156	156	223440700	156
25/07/2007	154.5	159	154.4	156.3	241957700	156.3
26/07/2007	156.5	158.2	149.2	149.3	381096900	149.3
27/07/2007	147.5	154.2	146.6	151.2	441474900	151.2
30/07/2007	151	151.2	146.9	148.1	342049800	148.1
31/07/2007	149.7	150.8	148.4	150	353633900	150
01/08/2007	147.9	152.6	146.8	150.4	339860500	150.4
02/08/2007	151.9	157.2	150.4	156.6	273978400	156.6
03/08/2007	157.3	158	154	156	340744000	156
06/08/2007	157	157.2	154.3	154.7	230515100	154.7
07/08/2007	156.2	159.5	155.3	159.4	194517400	159.4
08/08/2007	160.5	163.2	159	162.8	435823200	162.8
09/08/2007	160.1	163.8	159.3	160.3	616469000	160.3
10/08/2007	157.5	157.8	151.7	151.7	339800300	151.7
13/08/2007	153	160	152.5	158.3	338398800	158.3
14/08/2007	156.8	162	156.8	158.1	201687700	158.1
15/08/2007	157	160.4	156.7	157.6	181516000	157.6
16/08/2007	153.2	155.2	149.6	149.6	380372500	149.6
17/08/2007	148.5	157.1	148	154.4	397574400	154.4
20/08/2007	154	156.6	153.8	155.3	173350200	155.3
21/08/2007	156.7	157.7	154.3	156.4	186671600	156.4
22/08/2007	156.8	157.4	154.2	156	317716600	156
23/08/2007	156.7	157.9	155.9	156.4	208669900	156.4
24/08/2007	156.4	157.3	156	157.1	104528500	157.1
27/08/2007	157.1	157.1	157.1	157.1	0	157.1
28/08/2007	157.2	157.8	154.8	155	179249000	155
29/08/2007	154.9	157.6	154.3	157.1	133274900	157.1
30/08/2007	157.9	158.5	156.5	158.2	236187000	158.2
31/08/2007	159.4	160.9	157.5	159.8	194191900	159.8
03/09/2007	161.5	161.7	159.7	160.7	100648100	160.7
04/09/2007	160.7	161.8	159.4	161.8	336748600	161.8
05/09/2007	161.9	162.5	158.6	158.7	170779100	158.7
06/09/2007	160.4	160.4	157.2	159.4	168989900	159.4
07/09/2007	159.1	161.4	158.6	159.3	307316000	159.3
10/09/2007	159.7	160.7	157.4	157.8	143638000	157.8
11/09/2007	159.2	163.1	158.6	163	251204400	163
12/09/2007	163.5	166.7	163.1	166.1	182517400	166.1
13/09/2007	166.5	170.5	164.8	169.7	286066100	169.7
14/09/2007	168.7	171.9	165.4	169.1	333151400	169.1
17/09/2007	169	170	166	166.5	241159400	166.5
18/09/2007	165.2	167.1	164.5	166.4	245663400	166.4
19/09/2007	169	170	165.5	168.4	308926500	168.4
20/09/2007	168.7	171.9	167	171	268547400	171
21/09/2007	171	173.7	170.5	172.5	470116800	172.5
24/09/2007	172	173.8	170.4	173	344981000	173
25/09/2007	172.5	173.6	171.1	173.3	486623800	173.3
26/09/2007	174.1	176.9	174.1	175.8	258174500	175.8
27/09/2007	177	178.7	176.5	178.6	375132200	178.6
28/09/2007	178.4	178.5	175.5	176.5	536771100	176.5
01/10/2007	176.5	179	175.3	178.7	270258400	178.7
02/10/2007	179.3	179.8	175.1	175.5	358833500	175.5
03/10/2007	174.3	175.4	169.9	171.1	404494500	171.1
04/10/2007	171.4	172.3	169.1	169.1	209004700	169.1
05/10/2007	170.7	171.5	169.1	169.9	207566600	169.9
08/10/2007	170	170.7	167.7	168	372620500	168
09/10/2007	168.2	171.7	168.1	171	239561300	171
10/10/2007	171.4	172.1	170	171	219717500	171
11/10/2007	171.5	179.8	171	179.5	567166100	179.5
12/10/2007	177.8	180.2	176.6	179.3	509290000	179.3
15/10/2007	178.9	179.4	175.3	176.3	141457200	176.3
16/10/2007	173.6	175.6	173.2	173.6	212417200	173.6
17/10/2007	174.4	176.9	174.2	175.5	297986700	175.5
18/10/2007	175.4	176.4	173.5	175	173860800	175
19/10/2007	174.2	177.6	174.1	175	150370100	175
22/10/2007	172.6	180.2	172.1	179.7	301268000	179.7
23/10/2007	181	181.4	177.5	177.6	241131700	177.6
24/10/2007	178.3	180.1	177.3	178.2	225675700	178.2
25/10/2007	181.5	189.7	181.2	189.7	787280400	189.7
26/10/2007	189.5	196.5	187.1	193.6	394883100	193.6
29/10/2007	192	195.7	190.5	194	361870300	194
30/10/2007	192.5	193.6	188.7	189.8	242474700	189.8
31/10/2007	190.7	190.8	187.2	189	214352900	189
01/11/2007	188.3	188.3	182.8	183.6	246215100	183.6
02/11/2007	183	184.6	181	184	263717100	184
05/11/2007	184.1	188.9	184.1	188.2	255962600	188.2
06/11/2007	188.8	189.9	185.4	186.5	380757300	186.5
07/11/2007	187.5	188	182.6	182.7	129954700	182.7
08/11/2007	180	184.6	179	181.2	440079400	181.2
09/11/2007	181.8	183.5	178.3	179.3	164139800	179.3
12/11/2007	177.2	182	177.2	182	159117600	182
13/11/2007	188.6	196.6	186.5	195.7	462173700	195.7
14/11/2007	196.6	197.5	188.2	191.8	270999600	191.8
15/11/2007	191.8	194.5	191.3	192.9	120808400	192.9
16/11/2007	191	192	189.1	191.3	159162200	191.3
19/11/2007	191.7	194.2	188.5	189.6	165655400	189.6
20/11/2007	190.2	193.2	188	192.5	220698000	192.5
21/11/2007	188.6	189.9	183.2	183.4	190504900	183.4
22/11/2007	185	187.8	184.3	187.5	110140900	187.5
23/11/2007	187.1	188.9	185	187.1	136774600	187.1
26/11/2007	186.8	186.8	183	183.4	171933900	183.4
27/11/2007	183	183	178.1	180.8	225186700	180.8
28/11/2007	181.8	185	178.8	184.6	205220800	184.6
29/11/2007	183.6	184.4	180.8	182.4	228739800	182.4
30/11/2007	184	184.4	180.2	182.2	190052800	182.2
03/12/2007	183.9	183.9	181.5	181.8	119092400	181.8
04/12/2007	181.9	183.2	180.6	181.1	161598600	181.1
05/12/2007	182.3	187.2	181.6	187.2	232579700	187.2
06/12/2007	188	188.9	184.9	186	154661100	186
07/12/2007	186	186	183.5	184.9	155678600	184.9
10/12/2007	184.3	186	182.1	183.9	151470200	183.9
11/12/2007	185.3	185.5	182.2	183.1	153010100	183.1
12/12/2007	181	187.5	179.6	186.8	214330400	186.8
13/12/2007	185.4	186.2	181.1	181.1	173406400	181.1
14/12/2007	182	184.7	181.5	183.2	114576100	183.2
17/12/2007	182.5	183.1	180.6	180.8	146735900	180.8
18/12/2007	180.8	184.5	180	182.6	169349400	182.6
19/12/2007	182.2	184	180.5	181.8	148064500	181.8
20/12/2007	183.8	186.7	182.1	185	201674500	185
21/12/2007	188.8	189	186.8	188.7	220081300	188.7
24/12/2007	189	189.8	186.7	188.8	15741200	188.8
25/12/2007	188.8	188.8	188.8	188.8	0	188.8
26/12/2007	188.8	188.8	188.8	188.8	0	188.8
27/12/2007	187.4	189.8	187.3	189.5	70733000	189.5
28/12/2007	189	190	186.8	188.4	64329700	188.4
31/12/2007	186.8	188.1	186.3	187.8	34963500	187.8
01/01/2008	187.8	187.8	187.8	187.8	0	187.8
02/01/2008	186.6	190.4	184.8	185.9	97836100	185.9
03/01/2008	186.4	187.2	183.8	186.2	120676000	186.2
04/01/2008	187	191.3	183.8	185.8	170054900	185.8
07/01/2008	184.7	189.7	184.1	188.1	163468500	188.1
08/01/2008	189.6	193.8	189.5	191.6	198392300	191.6
09/01/2008	187.5	189.2	185.6	188.1	202158400	188.1
10/01/2008	189	190.2	186.1	188.7	133945000	188.7
11/01/2008	188.3	190.3	185	186.3	169416500	186.3
14/01/2008	185.3	186.4	182.4	183	160588500	183
15/01/2008	181.8	186	181	181.6	195306800	181.6
16/01/2008	180.5	183.4	178.5	180.2	271305100	180.2
17/01/2008	182.5	184.6	179.5	180	189238500	180
18/01/2008	179	183	178.1	178.5	242944000	178.5
21/01/2008	175	175.9	167.3	170.4	311819000	170.4
22/01/2008	165	173	162	173	369435200	173
23/01/2008	176	176.2	162	165.1	378759000	165.1
24/01/2008	170	173.9	167.1	171.5	278506600	171.5
25/01/2008	174.9	179.5	173.5	175.3	231652300	175.3
28/01/2008	172.6	176.3	169.5	172	196075500	172
29/01/2008	172.7	174.9	171.9	173.8	128403700	173.8
30/01/2008	174.8	177.8	174.4	176.9	196091400	176.9
31/01/2008	177	178.5	169.8	175.3	313202400	175.3
01/02/2008	177.9	181.6	174.1	181.3	248526800	181.3
04/02/2008	182.9	182.9	176.6	177.9	114972700	177.9
05/02/2008	178.5	178.7	172.8	173.6	163315700	173.6
06/02/2008	174.7	175.7	172.3	174.2	151177100	174.2
07/02/2008	174.3	174.3	168.6	170	187626500	170
08/02/2008	171.8	175.3	171	174.3	157304600	174.3
11/02/2008	173.7	175.3	170	171	102811700	171
12/02/2008	173.5	177.7	171.2	177.7	154600600	177.7
13/02/2008	175.2	177.6	173.5	174.6	115939000	174.6
14/02/2008	175.4	177	173.5	173.9	131474900	173.9
15/02/2008	174	174.7	169.8	170.9	150564500	170.9
18/02/2008	171.4	174.3	169.7	173.8	92784000	173.8
19/02/2008	174.4	174.5	169.4	169.9	164413000	169.9
20/02/2008	166.5	166.6	161.7	162	335271600	162
21/02/2008	164.5	167.8	163.5	163.9	206253800	163.9
22/02/2008	163.7	165.9	162.4	162.5	132608200	162.5
25/02/2008	164.5	166.2	163.2	165.1	128021500	165.1
26/02/2008	166	168.6	165.2	168	144839800	168
27/02/2008	168.3	168.7	163.4	164.2	221119900	164.2
28/02/2008	164.2	164.9	159.4	161.4	277561800	161.4
29/02/2008	161.2	163.7	160.5	162.7	195081900	162.7
03/03/2008	160.6	161.8	159.1	160	166700900	160
04/03/2008	160	163.7	155.6	157.5	177272200	157.5
05/03/2008	158	160.7	156.9	160	162557000	160
06/03/2008	159.8	160	156	156.5	129247100	156.5
07/03/2008	154.6	156.3	153.8	154.3	178769800	154.3
10/03/2008	153.5	155.4	151	151.4	155575300	151.4
11/03/2008	155.9	157	153.5	154.3	219047000	154.3
12/03/2008	156.5	158	153.1	153.8	178640800	153.8
13/03/2008	152	153.3	150	151.9	199300900	151.9
14/03/2008	151.2	155.2	149.5	149.9	186973100	149.9
17/03/2008	147	151	146	149	205503600	149
18/03/2008	151	154.7	150	153	192061800	153
19/03/2008	154	155.5	146.3	148.6	343788000	148.6
20/03/2008	148	151	147.3	149.3	460950700	149.3
21/03/2008	149.3	149.3	149.3	149.3	0	149.3
24/03/2008	149.3	149.3	149.3	149.3	0	149.3
25/03/2008	156	156.6	150.1	151.9	199742200	151.9
26/03/2008	153.6	157.5	152.2	153.6	191416800	153.6
27/03/2008	153	157.7	152.5	157.4	224306200	157.4
28/03/2008	157.4	158.1	156.1	157	93092300	157
31/03/2008	150.1	152.4	148.9	150.9	236850700	150.9
01/04/2008	149	155	148.6	154.3	199524100	154.3
02/04/2008	155.1	158.7	154.1	158.4	190211100	158.4
03/04/2008	159.1	160.8	157.2	160.4	167578800	160.4
04/04/2008	160.3	162.2	156.6	159.2	111259400	159.2
07/04/2008	160	161.3	158.4	161.1	110560100	161.1
08/04/2008	160.7	161.6	158.2	158.7	129063500	158.7
09/04/2008	159.3	162	158.7	159.6	112449900	159.6
10/04/2008	160.5	161.5	156.7	159.1	143555700	159.1
11/04/2008	160.5	160.8	152	152.2	250895000	152.2
14/04/2008	151.1	152.4	149.2	149.8	170123100	149.8
15/04/2008	151.2	151.9	149.2	151.4	211078200	151.4
16/04/2008	153.1	155	153	154.8	134350500	154.8
17/04/2008	155	155.5	151.4	151.8	141387900	151.8
18/04/2008	152.5	157.7	151.4	156	162247300	156
21/04/2008	155.8	156.5	151.9	154.1	124021500	154.1
22/04/2008	154	157.2	153	154.7	92435300	154.7
23/04/2008	154.7	155.8	151.2	154	132924900	154
24/04/2008	154.5	157.5	153	157.4	151613900	157.4
25/04/2008	158.4	159.7	156	159.2	152606600	159.2
28/04/2008	160.1	160.8	156.6	157.5	108534600	157.5
29/04/2008	157.2	158.7	155.5	158.5	129716100	158.5
30/04/2008	158	161.3	158	160.3	122728000	160.3
01/05/2008	159	159.9	157.2	159.3	73711200	159.3
02/05/2008	162	163.5	160.6	163.5	168406900	163.5
06/05/2008	162.7	163.5	160.1	160.8	128940100	160.8
07/05/2008	162	164.8	161.1	164.1	130809100	164.1
08/05/2008	163.2	163.9	160.7	162.7	110877200	162.7
09/05/2008	163	163	160.6	161.8	92050700	161.8
12/05/2008	161.6	164.4	161.6	162	61891100	162
13/05/2008	163.4	164	161.8	162.9	90967800	162.9
14/05/2008	164	164	160.9	163.1	110443200	163.1
15/05/2008	162.6	163.5	160.7	163.2	165810800	163.2
16/05/2008	164.4	168	163.6	166.4	139731400	166.4
19/05/2008	168	168	165.7	168	212407100	168
20/05/2008	167.2	168.25	161.7	161.8	169047500	161.8
21/05/2008	162.05	163.6	158.05	158.6	149911300	158.6
22/05/2008	158	165.3	157.5	163.5	326958900	163.5
23/05/2008	164.6	164.95	162.55	163.3	147792400	163.3
27/05/2008	168	169.5	160.4	160.5	306293200	160.5
28/05/2008	162.6	164.95	161.2	162.9	183614600	162.9
29/05/2008	163.2	164.8	160.75	160.9	166490400	160.9
30/05/2008	162.4	164.3	162	162.25	162470400	162.25
02/06/2008	166	166	159.75	160.65	128136800	160.65
03/06/2008	161	163	160.1	162.75	109330300	162.75
04/06/2008	158	158	154.5	154.65	245554700	154.65
05/06/2008	153.15	161.9	150	160.45	322521400	160.45
06/06/2008	162	165.1	160.5	161.15	236916900	161.15
10/06/2008	154.15	157.2	153.1	155.55	110293000	155.55
11/06/2008	157	157	150.45	150.65	272062300	150.65
12/06/2008	151	152.9	147.8	149.45	254198200	149.45
13/06/2008	149.85	154	148	153.1	201179000	153.1
16/06/2008	154.7	154.8	148.95	149.95	149524900	149.95
17/06/2008	150.65	153.55	148.95	152	179042900	152
18/06/2008	151.05	151.55	149.1	150.1	156019900	150.1
19/06/2008	150.85	151.6	147.2	148.85	161100700	148.85
20/06/2008	148.6	149.3	143.2	144.2	284463200	144.2
23/06/2008	143	146.3	142.85	145.1	286562500	145.1
24/06/2008	145.5	146.7	143	145	310055800	145
25/06/2008	146	147	144.15	146.1	309886700	146.1
26/06/2008	144	144.95	139.8	139.8	318768000	139.8
27/06/2008	140	143.2	139.9	141.7	431115500	141.7
30/06/2008	141.2	149.65	141.15	149.15	305503300	149.15
01/07/2008	149.5	152.8	146.7	147.2	366425100	147.2
02/07/2008	148.9	153.55	147.05	152.4	239052700	152.4
03/07/2008	151.6	154.4	150	152.7	235997100	152.7
04/07/2008	151.7	152.5	149.7	152	101870300	152
07/07/2008	154.3	155.1	153.1	154.5	133238000	154.5
08/07/2008	151.45	157	151.3	156.5	208579800	156.5
09/07/2008	156.4	158.1	155.65	158.1	187077800	158.1
10/07/2008	156.1	156.8	152.5	153.8	200642300	153.8
11/07/2008	153	154.85	146.65	146.65	231822000	146.65
14/07/2008	148.35	149.9	147.1	147.95	143449400	147.95
15/07/2008	147.05	147.75	142.1	144.4	216402800	144.4
16/07/2008	145.95	146.6	143.15	146.05	134086400	146.05
17/07/2008	147.3	150.7	145.75	149.95	183827700	149.95
18/07/2008	147.5	152.85	147.5	152	170742500	152
21/07/2008	150.9	150.9	147.1	149.25	153768500	149.25
22/07/2008	134.5	135.6	125.35	129	937624800	129
23/07/2008	132	134.5	127.8	131.4	462083700	131.4
24/07/2008	135	135.1	132	133.75	266033500	133.75
25/07/2008	133	133.7	130.75	132.9	142504700	132.9
28/07/2008	132.3	132.8	129	129.95	126692700	129.95
29/07/2008	128.9	134.35	128.5	133.95	135710800	133.95
30/07/2008	134.75	136	133.4	134.95	121184800	134.95
31/07/2008	135.05	136.3	132.1	136.05	195260400	136.05
01/08/2008	136.95	139.5	136.2	137.65	210948500	137.65
04/08/2008	136.4	138.5	135.3	137.1	112964100	137.1
05/08/2008	137	141.5	137	141.45	111548700	141.45
06/08/2008	140.5	142.1	140	141.15	144295900	141.15
07/08/2008	139.75	140.5	138.15	139.35	176379600	139.35
08/08/2008	136.5	140.3	135	140.3	108298500	140.3
11/08/2008	139.2	141.3	138.85	141.3	112429600	141.3
12/08/2008	141	142.85	140.5	142.35	127589500	142.35
13/08/2008	142.05	142.8	139.15	139.9	140463600	139.9
14/08/2008	141	141.15	139.2	139.9	68136500	139.9
15/08/2008	140.5	141.45	138	139.65	131366000	139.65
18/08/2008	138.35	140.8	137.1	139.85	78043700	139.85
19/08/2008	138.6	139.65	136.35	136.35	128839500	136.35
20/08/2008	136.5	137.5	133.9	135.8	102901800	135.8
21/08/2008	134.5	136.5	133.35	134.8	93528100	134.8
22/08/2008	134.8	140	134.4	139.95	122300000	139.95
26/08/2008	137.6	139.45	137.6	138.1	112264800	138.1
27/08/2008	136.7	142.75	136.7	141.55	119863700	141.55
28/08/2008	139.25	144.1	139	142.85	130338100	142.85
29/08/2008	140.6	142.05	139.55	141.05	138388100	141.05
01/09/2008	139.6	141.2	139	140.45	63368800	140.45
02/09/2008	141.45	146.4	140.9	144.2	202892800	144.2
03/09/2008	141	142.55	140.05	141.6	164853400	141.6
04/09/2008	141	141.7	137.9	137.9	106758200	137.9
05/09/2008	136.7	137.9	131.45	131.7	265862200	131.7
08/09/2008	136.1	137	134.5	135.7	94711800	135.7
09/09/2008	135.3	139.45	134	136.9	207161900	136.9
10/09/2008	137	138.9	135.1	136.35	157257000	136.35
11/09/2008	135.1	136.2	133.5	134.15	165188800	134.15
12/09/2008	135.2	137.05	133.8	136.9	165759800	136.9
15/09/2008	134	135	130.8	130.8	260299300	130.8
16/09/2008	128.5	131.85	126.75	127	207442000	127
17/09/2008	129	130.15	122.9	123.1	235745000	123.1
18/09/2008	123.95	124.75	120	120	319681800	120
19/09/2008	123.1	132.9	123.1	131.4	235432900	131.4
22/09/2008	131.6	132.2	127.55	127.95	134683700	127.95
23/09/2008	125.5	127.7	124.05	124.65	187222000	124.65
24/09/2008	124.8	126	120.6	120.6	204074600	120.6
25/09/2008	120.95	128.6	118.3	127.8	273612300	127.8
26/09/2008	127.25	127.7	125.6	126	155432200	126
29/09/2008	125.45	126	120.9	120.9	72433500	120.9
30/09/2008	118	125	117.9	122.7	257334700	122.7
01/10/2008	124.5	127	121.7	125.05	205175900	125.05
02/10/2008	126.45	130	125.5	126.85	134995700	126.85
03/10/2008	127.5	130.3	126.55	129.25	117561300	129.25
06/10/2008	127	128.5	122.1	124.65	123325600	124.65
07/10/2008	124.5	132.1	124	125.8	104452900	125.8
08/10/2008	122.5	127.95	118	121.6	196370600	121.6
09/10/2008	122.55	124	118.75	118.8	188618100	118.8
10/10/2008	110	118.5	100	109.5	303411300	109.5
13/10/2008	116	119	112.5	118.5	256268100	118.5
14/10/2008	123.5	124.45	118.5	121.75	192722900	121.75
15/10/2008	122	122	112	114.05	205547600	114.05
16/10/2008	108.2	114.9	106	108.8	163065400	108.8
17/10/2008	114	116.95	109.45	116.15	257735500	116.15
20/10/2008	120	121	113.4	117.5	235623800	117.5
21/10/2008	119	119	111.35	111.8	246032500	111.8
22/10/2008	108	111.45	102.65	103	314208100	103
23/10/2008	106	109.35	103.45	108	315565900	108
24/10/2008	103	105.05	96.8	103.5	321032600	103.5
27/10/2008	98	106.7	96.4	104.5	315201000	104.5
28/10/2008	107.9	112.9	103.3	110.55	334182100	110.55
29/10/2008	117.3	119.85	114.8	119.85	307938200	119.85
30/10/2008	122.3	123	116.75	119.3	207197000	119.3
31/10/2008	115.2	120.3	113.4	119.1	228861700	119.1
03/11/2008	121.8	121.9	110.4	116.5	290247200	116.5
04/11/2008	115.4	119.9	114.1	118.3	235602500	118.3
05/11/2008	117.7	119.2	113.4	117	202813200	117
06/11/2008	113.2	117	106.7	107.9	358053600	107.9
07/11/2008	108.9	111.2	105.5	106.7	244407500	106.7
10/11/2008	109	109.7	105.05	108.3	242090900	108.3
11/11/2008	111.55	119.95	110.8	115	474872900	115
12/11/2008	119	125	118.35	122	388658400	122
13/11/2008	120	125.15	118.2	124.2	311334200	124.2
14/11/2008	125.85	127.25	122.4	123	195929900	123
17/11/2008	122.5	124.75	121.05	123	173479600	123
18/11/2008	124	129.6	121.65	129.6	292104500	129.6
19/11/2008	127.7	127.9	118.4	119.4	294463200	119.4
20/11/2008	116	123.95	115.5	121.9	223289400	121.9
21/11/2008	120.6	121	111	112.5	385148600	112.5
24/11/2008	114.9	124.65	113.3	123	312908500	123
25/11/2008	120.2	130.5	120.15	125.8	273930800	125.8
26/11/2008	124.5	128.45	122	126.5	157187300	126.5
27/11/2008	129	129.6	125.4	126	91695800	126
28/11/2008	126.8	128.1	123.15	127.2	134127300	127.2
01/12/2008	125.4	126.8	120	121.1	202068300	121.1
02/12/2008	119.5	123.05	118.05	122.6	241675000	122.6
03/12/2008	123.2	128.8	121.75	127.95	199489400	127.95
04/12/2008	128	129.4	117	126.25	173097700	126.25
05/12/2008	125.5	129.5	124.05	126.6	177763000	126.6
08/12/2008	133.15	135.75	130.9	135.45	224335600	135.45
09/12/2008	135.6	136.9	132	135.05	165130400	135.05
10/12/2008	133.5	134.2	130.9	131.55	169726500	131.55
11/12/2008	132.75	134.6	130.55	132.05	105572600	132.05
12/12/2008	127.6	131.65	127	128.5	131038200	128.5
15/12/2008	129.05	130.15	126.5	128.5	117846200	128.5
16/12/2008	127.05	133.35	127	129.8	149508000	129.8
17/12/2008	130.85	130.85	125.7	128.7	190587900	128.7
18/12/2008	129.6	133	127.55	131.25	160257700	131.25
19/12/2008	129.4	131.65	128.5	129.95	276082000	129.95
22/12/2008	128.1	134.95	127.6	133.25	142278000	133.25
23/12/2008	134.45	136.85	128	128.55	119855100	128.55
24/12/2008	127	130	126.15	128.55	33285500	128.55
29/12/2008	129.5	131.95	128.7	130.2	58232900	130.2
30/12/2008	131.65	137	130.25	136.1	84703400	136.1
31/12/2008	137.4	141.4	136.25	139	54375900	139
02/01/2009	138.65	139.35	136.3	139	42488000	139
05/01/2009	143	146.3	140.6	145.05	103274800	145.05
06/01/2009	144.25	148	143.5	147.8	190078200	147.8
07/01/2009	146	146.6	140.7	142.75	175663700	142.75
08/01/2009	140	141.5	137.35	140.85	120967500	140.85
09/01/2009	140	140.55	135.2	137.55	138748600	137.55
12/01/2009	137	138.95	136.2	138.3	79077000	138.3
13/01/2009	136.95	139.25	135	138.85	87059800	138.85
14/01/2009	140.3	140.5	134.15	136	162174300	136
15/01/2009	136.15	137	130.65	131.95	173105200	131.95
16/01/2009	135.7	139.1	133.15	134.9	147754800	134.9
19/01/2009	137.05	137.8	135.1	136.55	87000600	136.55
20/01/2009	136.05	142	135	136.65	159895600	136.65
21/01/2009	135.45	138.15	132.05	132.8	175859100	132.8
22/01/2009	134	134	127.85	128.5	187674300	128.5
23/01/2009	129.55	130.45	125.5	129.8	227587000	129.8
26/01/2009	130.25	135.9	128.8	135.8	176340100	135.8
27/01/2009	137	137.9	131.7	135.5	164755400	135.5
28/01/2009	137.05	137.7	133.7	135.7	147907700	135.7
29/01/2009	136	136.5	130.95	131.85	129783700	131.85
30/01/2009	130.5	133.5	128.7	129.7	175181100	129.7
02/02/2009	127.75	130.9	126.35	128.15	113309800	128.15
03/02/2009	134.55	137.85	132.4	137.15	228108000	137.15
04/02/2009	139	139.2	133.6	136.95	136296300	136.95
05/02/2009	134.9	136.75	133	135.4	114559300	135.4
06/02/2009	136.95	139.4	135	138.4	143806700	138.4
09/02/2009	137.5	139.85	134.85	137.5	103865500	137.5
10/02/2009	136.05	138.5	133.65	133.75	122619100	133.75
11/02/2009	133.05	135.3	132.05	134.75	118133000	134.75
12/02/2009	133.45	133.65	130	132.35	129860900	132.35
13/02/2009	134.2	137.25	133	134.1	123663200	134.1
16/02/2009	133	134.35	131.45	132.15	81320400	132.15
17/02/2009	131.05	131.2	128.4	129.6	113663400	129.6
18/02/2009	130.55	131.25	126.1	128.4	107050700	128.4
19/02/2009	128.65	129.4	126.4	127.15	106682400	127.15
20/02/2009	125.3	126.3	123.2	125.5	150172700	125.5
23/02/2009	126.65	128.8	125.35	126.2	101159900	126.2
24/02/2009	123.55	126.8	121.55	122.65	130750100	122.65
25/02/2009	123.5	124.2	119.3	120.1	143336300	120.1
26/02/2009	121	126.75	120.3	124.8	172196100	124.8
27/02/2009	122	125.55	121.95	125.2	149741800	125.2
02/03/2009	122	123.35	120	120.8	175374100	120.8
03/03/2009	120.25	123.2	116.95	117.9	180832800	117.9
04/03/2009	119.35	122.05	117.25	122.05	153553200	122.05
05/03/2009	120.6	122.4	117.5	118	144806200	118
06/03/2009	116.25	120.65	116	117.95	166186900	117.95
09/03/2009	117.75	118	113.2	114.65	172199900	114.65
10/03/2009	114.1	120.35	113.3	120.35	182527000	120.35
11/03/2009	119.75	120.7	115.3	115.75	225536700	115.75
12/03/2009	116.2	119.35	114.55	117.55	187876100	117.55
13/03/2009	118	120.9	114.25	115.9	174404400	115.9
16/03/2009	119	121	117.7	120.5	163026300	120.5
17/03/2009	120.35	124.6	118.6	124.1	204112900	124.1
18/03/2009	125	126.65	121.7	124	139493000	124
19/03/2009	124.55	125	119.15	120.95	330659200	120.95
20/03/2009	120	122.35	118.5	119.95	300031100	119.95
23/03/2009	124.5	124.5	118.8	120.2	186857600	120.2
24/03/2009	122.4	122.8	118.7	120	151994000	120
25/03/2009	119.55	121.95	119.55	121.15	140637100	121.15
26/03/2009	120.5	121.6	119.3	120	177920000	120
27/03/2009	119.55	120.5	115	116.3	211252000	116.3
30/03/2009	116.9	118.75	115.5	116.4	167073100	116.4
31/03/2009	118	122.8	117.25	122.75	214012700	122.75
01/04/2009	127	129.3	125.1	128.2	225330800	128.2
02/04/2009	131.95	132	124.6	128.8	216232800	128.8
03/04/2009	130.5	131.3	124.4	125.1	138260600	125.1
06/04/2009	128	128.4	122.75	125.85	83702800	125.85
07/04/2009	127.9	128.45	123.1	124.1	85676200	124.1
08/04/2009	124.75	127.25	122.4	125.7	115138100	125.7
09/04/2009	124.7	125.1	121.2	122.85	151214600	122.85
14/04/2009	123.5	123.8	119.25	121.75	175165600	121.75
15/04/2009	120.4	122.95	119.5	120.5	123651800	120.5
16/04/2009	122.45	124.8	121.25	124.8	166790000	124.8
17/04/2009	127	130.5	126.3	129.65	228170300	129.65
20/04/2009	130	133	125.75	127.5	22528200	127.5
21/04/2009	127	130.45	121.65	126.9	60794800	126.9
22/04/2009	127.55	128.7	124.45	125.65	34084800	125.65
23/04/2009	125.75	126.75	121.65	122.65	31753100	122.65
24/04/2009	124	124	118.8	122.5	61655100	122.5
27/04/2009	121.85	125.9	120.75	125.45	23763500	125.45
28/04/2009	123.5	125.55	122.05	123.35	17014400	123.35
29/04/2009	122.95	125.6	122.1	124.8	54824100	124.8
30/04/2009	126	127.1	123.6	124.7	40158600	124.7
01/05/2009	124.9	126.6	124.1	125.7	27894700	125.7
05/05/2009	127.05	127.85	125.5	127.4	39137600	127.4
06/05/2009	128	129	126.55	127.45	25292300	127.45
07/05/2009	128	129.1	120.5	121.25	61738300	121.25
08/05/2009	121.95	124.1	119.45	120	39080300	120
11/05/2009	120	121.4	119.3	119.65	46659200	119.65
12/05/2009	121.2	123.95	119.9	123.5	55343600	123.5
13/05/2009	123	125.9	121.25	124.3	51678900	124.3
14/05/2009	124.4	126.2	124.35	126.1	28692100	126.1
15/05/2009	127.25	128	123.2	123.2	37029500	123.2
18/05/2009	124.1	127.85	123.2	127.45	41441500	127.45
19/05/2009	128.5	129	120.2	122.4	73277100	122.4
20/05/2009	122.6	123.15	118.1	118.9	73512500	118.9
21/05/2009	115.5	117	113.5	113.8	68751800	113.8
22/05/2009	113.4	116.75	113.2	115.5	63228800	115.5
26/05/2009	115	118.45	115	117.8	41318700	117.8
27/05/2009	118.3	118.9	116.9	118.5	30523500	118.5
28/05/2009	117	119.4	116	117.2	43333200	117.2
29/05/2009	118.3	118.6	115.45	116	53134000	116
01/06/2009	117.2	119.15	116.55	117.7	22920400	117.7
02/06/2009	117.5	119.25	116.5	118.8	44555200	118.8
03/06/2009	114	114.35	112.35	113	52139500	113
04/06/2009	113.6	113.9	111.85	112.5	30106100	112.5
05/06/2009	112.55	113.95	111.2	112.6	35545300	112.6
08/06/2009	113.05	113.9	111.95	113.1	23871400	113.1
09/06/2009	114	115.25	113.45	114.35	37886000	114.35
10/06/2009	115	115.35	111.4	112	56136800	112
11/06/2009	112.3	115.5	111.95	114.75	34178700	114.75
12/06/2009	114.75	117.15	114.2	114.7	103133900	114.7
15/06/2009	113.45	114.25	112.9	113.82	119911500	113.82
16/06/2009	112.8	115.35	112.75	114.7	148194800	114.7
17/06/2009	114.9	119.2	114.1	119	42144400	119
18/06/2009	118.05	123.6	117.85	122.05	103479800	122.05
19/06/2009	121.9	123.05	119.4	119.95	205956200	119.95
22/06/2009	119.95	119.95	118.15	119.13	61890900	119.13
23/06/2009	118	119.55	117.3	117.8	27233800	117.8
24/06/2009	118.05	119.4	116.8	119.32	58279000	119.32
25/06/2009	118	118.95	116.25	117.1	40621600	117.1
26/06/2009	117.35	118	115.05	115.25	39805600	115.25
29/06/2009	116.35	117.9	116	117.6	26755900	117.6
30/06/2009	117.85	118.3	116.4	117.2	63524700	117.2
01/07/2009	118.2	120.25	118	119.22	62676000	119.22
02/07/2009	119.6	119.6	115.4	115.98	43456200	115.98
03/07/2009	115.35	116.9	113.55	113.64	33067700	113.64
06/07/2009	112.8	116.75	112.8	116.25	40108100	116.25
07/07/2009	116.6	116.7	114	114.45	26315900	114.45
08/07/2009	114.5	115.95	114.45	112.34	44264700	112.34
09/07/2009	115.8	115.8	113.5	114.82	35707300	114.82
10/07/2009	113.15	114.6	112	113.11	47951400	113.11
13/07/2009	113.6	115.5	112.6	115	37901700	115
14/07/2009	112.7	113.6	111.9	112.8	42786600	112.8
15/07/2009	113.2	115	112.4	114.8	49817300	114.8
16/07/2009	115	116	114	114.95	27400900	114.95
17/07/2009	115.75	115.9	112.3	113.2	51467700	113.2
20/07/2009	113.75	113.8	112.55	112.71	31561200	112.71
21/07/2009	113	114.15	112.75	113.65	46642100	113.65
22/07/2009	114.25	115.9	113.7	114.9	33289000	114.9
23/07/2009	115.05	117.55	113.7	117.1	79825400	117.1
24/07/2009	119.5	122.25	118.4	120.25	48991300	120.25
27/07/2009	121.45	121.5	119.2	120	24323900	120
28/07/2009	119.85	120.1	117.3	118.55	31474700	118.55
29/07/2009	119.25	120.9	118.55	119.05	29696900	119.05
30/07/2009	120.45	122.75	119.75	122.15	38359800	122.15
31/07/2009	121.6	123.3	120.5	122.1	50482000	122.1
03/08/2009	123.1	125.5	122.25	125.05	47993900	125.05
04/08/2009	125.5	125.8	124.2	125.3	23829700	125.3
05/08/2009	125.75	126.25	123.5	124.1	29256100	124.1
06/08/2009	125	125	123.55	124.45	18146400	124.45
07/08/2009	124.9	128.5	124.05	127.85	90500700	127.85
10/08/2009	128.7	129.05	126.65	128.6	25428400	128.6
11/08/2009	129	129.45	127.5	128.2	24464200	128.2
12/08/2009	128.65	129.75	127.3	128.75	43856600	128.75
13/08/2009	129.3	131.25	128.55	129	38191400	129
14/08/2009	129.45	129.7	126.1	126.4	56588100	126.4
17/08/2009	125.8	127.1	124.85	126.95	42361200	126.95
18/08/2009	128	128	126.15	127.9	47238900	127.9
19/08/2009	127	128.85	126.6	127	38349500	127
20/08/2009	129.15	131.8	128.85	131.4	49185100	131.4
21/08/2009	131.65	132.65	130	131.5	40052700	131.5
24/08/2009	132.45	132.6	130.45	131.05	87525900	131.05
25/08/2009	130.8	134.95	130.8	133.98	172566800	133.98
26/08/2009	134.4	134.7	132.55	133.4	75699100	133.4
27/08/2009	133.65	134.55	132.65	133.4	89030900	133.4
28/08/2009	134.5	134.8	132.6	132.8	106427700	132.8
01/09/2009	133.9	134.85	131.8	131.95	111329000	131.95
02/09/2009	132.65	133	129.7	130.1	107934400	130.1
03/09/2009	130.1	131.95	129.9	130.3	70926100	130.3
04/09/2009	132.1	134.25	131	133.25	112534100	133.25
07/09/2009	134.6	135.9	133.8	134.5	75652300	134.5
08/09/2009	134.45	138.4	134.45	136.8	163531700	136.8
09/09/2009	136.65	138.9	136	138.35	106438100	138.35
10/09/2009	139.55	140	137	138.25	192693200	138.25
11/09/2009	139.15	139.3	137.3	137.5	130338100	137.5
14/09/2009	137.3	139.1	136.95	137.98	102850100	137.98
15/09/2009	138.35	139.95	137.8	139.22	91073800	139.22
16/09/2009	139.9	140.5	139.1	139.5	120440200	139.5
17/09/2009	140.8	141.2	139.85	140.3	118526100	140.3
18/09/2009	140.5	140.7	139.75	140.4	247008500	140.4
21/09/2009	140	141.6	138.3	139.9	123852500	139.9
22/09/2009	140	142.3	139.55	141.34	118133000	141.34
23/09/2009	142.25	143.9	141.65	142.73	141385700	142.73
24/09/2009	143	143.85	141.3	142.93	125803200	142.93
25/09/2009	142.5	143.5	141.6	142.39	116382600	142.39
28/09/2009	141.6	144.45	139.95	142.67	113103000	142.67
29/09/2009	144.3	144.3	141.35	142.01	116636700	142.01
30/09/2009	141	141.45	139.3	140.47	136363100	140.47
01/10/2009	139.9	142.45	139.7	141.68	99780800	141.68
02/10/2009	138.95	140	137.1	138.36	98613200	138.36
05/10/2009	138.3	140.8	137.5	140.05	116018900	140.05
06/10/2009	140.2	140.8	138.15	139.85	126951300	139.85
07/10/2009	139.2	139.5	137	137.31	126481900	137.31
08/10/2009	137.95	138.25	133.9	134.6	202238800	134.6
09/10/2009	133.8	135.5	131.85	132.99	154290500	132.99
12/10/2009	134	137.2	133.5	134.5	134248500	134.5
13/10/2009	134.7	135.65	133.7	133.7	131391500	133.7
14/10/2009	136	136.95	134.8	135.45	134918200	135.45
15/10/2009	135.95	136.6	135.35	136.05	131304900	136.05
16/10/2009	136.85	136.85	132.8	134.34	176748200	134.34
19/10/2009	133.65	134.6	133.5	134.2	85552100	134.2
20/10/2009	135	135.05	133.55	133.55	89193500	133.55
21/10/2009	134.85	136	133.4	134.9	126091000	134.9
22/10/2009	134.35	139.5	133.2	139.5	193190800	139.5
23/10/2009	140.2	142.25	137.35	137.5	147212900	137.5
26/10/2009	137.5	138.8	135.55	136.4	104076800	136.4
27/10/2009	136.1	139.05	135.6	137.8	109553000	137.8
28/10/2009	137	139	137	138.25	100389600	138.25
29/10/2009	137	139.6	136.5	138.95	109945000	138.95
30/10/2009	138.25	138.95	134.05	134.55	225479000	134.55
02/11/2009	134.15	136.6	134	135.57	111170500	135.57
03/11/2009	135.5	135.55	133.6	134.2	99147400	134.2
04/11/2009	134.95	136.95	134	136	108329900	136
05/11/2009	136.7	139.1	135.7	137.45	103492100	137.45
06/11/2009	137.3	138	134.55	135.8	114414800	135.8
09/11/2009	137.95	138.55	136.35	137.95	105292600	137.95
10/11/2009	136.15	136.8	132.7	135.5	220239900	135.5
11/11/2009	137	137.9	133.05	134.1	178705800	134.1
12/11/2009	134.1	136.8	133.75	135.8	133289400	135.8
13/11/2009	137	137.4	135.95	137.1	66658000	137.1
16/11/2009	138	139.3	137	138.25	97579300	138.25
17/11/2009	139.45	139.75	137.7	138.85	113850100	138.85
18/11/2009	136.95	136.95	134.9	135.15	127341900	135.15
19/11/2009	135.55	136.3	133.25	134	112474000	134
20/11/2009	134.7	135	133.05	134.6	139881200	134.6
23/11/2009	135.5	136.8	134.7	136.7	100266800	136.7
24/11/2009	135.85	136.95	135.55	136.65	231911500	136.65
25/11/2009	136.95	139.25	136.8	139	114364100	139
26/11/2009	138.7	139.9	137.3	137.7	106229800	137.7
27/11/2009	136	139.5	135.9	137.56	96958400	137.56
30/11/2009	137.45	138.45	136.5	137.1	90475100	137.1
01/12/2009	138.3	140	137.65	140	122213800	140
02/12/2009	140.8	143.9	140	143.05	213431700	143.05
03/12/2009	143.85	144	140.25	140.25	155080100	140.25
04/12/2009	140.2	143	139.25	142.4	122617600	142.4
07/12/2009	142.4	142.4	140.1	141.05	87672300	141.05
08/12/2009	141.4	141.4	139.1	139.9	104373000	139.9
09/12/2009	139.2	141.9	139.1	141.78	154016000	141.78
11/12/2009	141.65	143.75	140.8	141.55	110575000	141.55
14/12/2009	141.65	142.45	141.2	142.45	67013200	142.45
15/12/2009	142.9	142.9	140	140.85	74995800	140.85
16/12/2009	140.6	142.35	140.5	142	84115900	142
17/12/2009	141.3	142	139.9	139.9	85999200	139.9
18/12/2009	140.4	142.4	140	140	230181100	140
21/12/2009	139.5	142	139.35	141.6	117947600	141.6
22/12/2009	142.5	143.5	141.9	142.4	54932600	142.4
23/12/2009	143.25	143.3	141.15	142.7	49927000	142.7
24/12/2009	141.1	143.15	141.1	142.15	16146800	142.15
29/12/2009	144.65	144.65	143.15	143.8	45675000	143.8
30/12/2009	143.05	143.95	142.8	143.45	27189500	143.45
31/12/2009	144.5	144.5	142.45	143.7	21813300	143.7
